32.55	-29.97	3.78		3210	4252	-785
32.26	-29.86	4.22		3131	4318	-786
27.90	-26.00	13.25		2934	5475	-914
27.87	-25.70	13.44		2861	5519	-922
1.77	-13.24	19.60		1091	5693	-1999
-1.08	-13.06	19.90		1234	5548	-2063
-85.46	-5.92	25.46		4826	3860	278
-88.25	-6.80	24.70		4601	3342	287
-143.34	-38.60	10.53		-3486	-3151	456
-143.48	-39.06	10.80		-3683	-3284	445
-157.41	-15.40	49.66		2903	-5677	3442
-158.66	-14.57	50.15		2939	-5717	3472
179.47	9.77	62.01		1214	-6945	5371
179.57	10.11	62.29		1266	-6935	5438
1.21	67.75
1.22	67.70	-6.20	49.2
-157.52	-47.39	48.81		1009	-1.64	66.05
168.33	-474393	6846
1.72	142.0135.47	-62.42	146.57		3031	-4983	11409
8.53	-45.51	-112.33		-206	-5143	8943
6.84	-44.69	-111.28		-405	-5150	8865
-4.84	-53.83	-85.78		344	-5761	6304
-4.74	-55.08	-84.65		611	-5743	6288
-10.73	-73.34	-54.74		5016	-5698	4999
-13.51	-72.73	-53.21		4805	-5663	4918
-61.23	-40.80	-43.71		-3063	-2526	1856
-60.88	-40.75	-43.31		-2952	-2543	1844
-73.42	-43.97	-36.59		-1432	-4778	1809
-74.23	-43.59	-36.76		-1807	-4812	1639
53.46	-34.24	-54.75		7610	-106	2529
56.18	-34.10	-54.89		7712	188	2561
51.74	-31.62	-20.09		4339	411.88	-67.07		7883	81.13	-148.1.15	-150.-1.02	-173-2.96	-171-.27	82.83-33.11	-60244	8212
36.19	-54.01	15.66		4003	9860	4057
38.92	-52.88	12.96		4017	9828	3891
43.61	-29.06	11.29		1233	7871	2628
42.98	-29.03	11.99		1278	7871	2616
43.53	-22.10	6.32		1383	6730	1389
44.08	-21.62	5.41		1380	6601	1364
48.00	-7.96	-7.45		1559	4381	652
47.63	-7.83	-7.11		1518	4419	620
42.59	-0.52	-7.30		790	3001	459
42.88	-0.46	-7.36		819	2947	474
51.09	2.53	-6.80		333	2817	1137
51.16	2.54	-6.74		329	2818	1139
49.59	4.75	-8.89		183	2475	909
49.59	4.84	-9.04		199	2443	908
22.00	32.30	-49.07	13	-60.19	-8.27	4.07-7.19	3.28-2.39	18.9
-178.16	-12.49	19.3
1171	3048
119.22	-15.44	26.20		-4215	1154	3068
142.14	3.14	35.61		-2277	-500	3128
144.37	4.52	36.63		-2039	-685	3255
-116.75	31.05	157.11		-196	-1629	13116
-115.31	30.11	160.45		-570	-1371	13203
-44.88	-5.07	-86.13		-4073	-2629	7141
-44.80	-5.39	-84.29		-4015	-2650	6862
-50.45	13.03	-100.88		-2664	-1105	10635
-144.72	14.90	142.52		-2254	-1232	14454
-144.99	13.75	139.38		-1824	-1538	14106
-135.05	-4.55	84.05		4323	-2389	8150
-135.38	-4.92	84.31		4166	-2361	8263
162.02	-12.46	159.02		-237	889	14117
159.49	-12.78	160.86		-253	1001	14199
-7.52	0.50	-22.55	