-27.37	12.86	-45.20		-2484	-980	3863
-26.55	14.07	-44.49		-2515	-942	3830
35.50	45.41	18.60		-4827	1993	3873
37.64	45.00	20.34		-4877	2064	3863
100.81	26.77	38.90		-3414	113	3092
102.39	26.75	38.86		-3293	10	3088
109.43	35.86	28.51		-1399	-1296	3520
108.14	35.64	27.58		-1423	-1217	3487
64.99	15.87	-0.03		287	1075	1425
65.01	15.55	-0.26		341	1078	1440
59.47	10.27	-2.53		688	1401	1942
59.54	10.21	-2.46		685	1414	1930
54.98	12.79	-1.66		362	1739	1904
54.25	13.23	-1.93		271	1635	1934
12.47	6.491-30.17		9	-64.77		9-65.64		18	-53.91	1	-52.84	36	-20.90	38	-21.37	39.29	28.81	-33.90		679	-1746	2739
39.58	28.53	-33.28		679	-1696	2677
39.48	20.91	-13.50		-592	517	1275
39.97	21.15	-13.64		-582	439	1276
64.61	23.43	-2.89		-1155	775	1943
65.02	22.71	-2.29		-1194	878	1951
61.32	17.54	-4.00		-461	1568	1825
60.80	18.37	-4.54		-479	1408	1861
66.05	36.94	0.67		-1868	-462	2175
66.50	36.92	1.20		-1903	-437	2154
76.22	33.20	7.57		-1914	51	1741
76.36	33.02	7.58		-1905	56	1734
88.22	27.10	7.73		-1180	134	2294
88.26	27.15	7.75		-1180	84	2296
8672	534	1656
3.85	26.3653
72	2.50		-76	2.71		-8	2.97		-68	2.59		-609	2300	936
97	-4.18	9	-3.89		97.22	20.59	2.11		-258	811	1677
97.40	20.27	2.10		-261	863	1671
96.16	9.83	3.50		-195	2076	1198
95.74	9.52	3.67		-207	2081	1156
85.42	0.47	7.24		-541	4379	489
85.09	0.58	7.39		-622	4496	417
-63.50	-9.31	-146.47		-8132	3977	12265
-61.15	-12.62	-145.06		-8516	4105	12182
-106.63	-21.47	-16.19		-1579	-1368	2497
-136.32	-28.81	3.58		-1792	107	4124
-138.67	-29.56	4.53		-1776	-66	4225
165.36	-48.30	33.13		-4059	-1634	4943
164.48	-48.63	33.88		-4076	-1550	4958
130.35	-57.00	68.86		-6546	-940	7219
819	49.44	94.63		-398	43.61	104.30	36.75	4086
100	21.25	8	-53.16		8	-54.66	