-22.59	-5.92	2.97		1949	2057	1108
-55.00	-32.79	8.57		5768	-708	3456
-54.29	-33.30	8.43		5728	-627	3564
-62.42	-18.17	14.66		3629	549	2197
-62.08	-17.19	15.21		3689	743	2180
-27.89	-6.31	29.37		2929	4823	2500
-26.14	-6.59	29.63		2912	4947	2560
47.05	-3.54	24.62		-822	5732	2383
48.95	-2.66	24.25		-912	5588	2329
63.68	4.74	29.41		-2602	3977	2844
63.63	3.40	29.61		-2566	4138	2819
80.43	-20.01	29.53		-1793	5547	3187
80.13	-19.92	29.52		-1791	5558	3223
76.73	-11.86	21.34		-1591	3854	2637
5	2158
85	3.87		58527	2520	12	13.39	106	14.33	176	67.09	194	65.77	109	20.50	127.03	11.29	19.79		-1110	723	1432
160.86	24.43	36.92		1096	-1447	3089
161.25	24.47	37.04		1099	-1462	3093
161.67	16.78	30.29		633	-314	2332
161.60	16.54	30.25		597	-310	2334
153.88	-4.63	12.43		-1395	2515	909
154.07	-5.25	11.89		-1434	2685	867
177.14	44.31	80.27		-10060	7587	13556
-171.68	49.61	95.64		-9868	6790	15556
-18.19	5.19	-1.63		61	2533	2496
-18.03	5.87	-0.05		-78	2762	2392
-80.98	6.80	-12.62		-2503	3016	2124
-83.13	6.05	-12.96		-2359	3046	2099
-97.24	-6.61	-24.17		-3162	721	2874
0
-122.59	-6306	2212
-.86	-8.63-.95	-3.62	-.93	-3.43-.17	6.32	-.65	6.70	526	-131.43
54.62	-52.33	-135.10		1909	-2674	12805
27.23	38.04	-153.95		6132	1397	12970
28.06	39.99	-151.70		6346	1323	12781
101.24	24.90	-13.29		1145	188	3242
100.64	23.75	-11.98		1101	-1	3233
116.51	-4.07	12.20		-1833	1314	1633
117.49	-4.49	12.38		-1873	945	1581
130.11	14.99	51.14		-2197	1161	6714
130.81	16.64	54.14		-2328	1165	7236
-50.83	12.43	-49.13		-2834	-2461	5439
-50.11	10.89	-45.03		-2340	-2352	4876
-44.99	-1.90	21.40		2636	3074	2116
-45.18	-1.78	21.30		2579	3053	2121
-54.92	-16.99	14.20		2490	862	2257
