-73	8.49		-69	8.61	-33.37	16.77	10.02		-1838	1127	3514
-33.19	16.59	9.88		-1833	1056	3514
-40.57	7.10	5.96		-813	-180	3200
-40.83	6.83	5.77		-801	-214	3199
-37.63	-1.15	3.17		-457	-1229	3444
-37.37	-1.26	3.36		-422	-1207	3440
-31.39	-4.08	7.75		483	-838	3268
-31.38	-4.09	7.74		477	-839	3266
-30.74	-3.49	7.28		250	-833	3294
-30.78	-3.47	7.29		256	-836	3302
-33.21	0.73	7.01		-199	-824	3496
-33.35	0.91	6.99		-268	-831	3570
-37.26	-3.80	4.91		-485	-597	3540
-36.45	-4.06	4.99		-399	-573	3421
-14.49	-12.98	4.41		1944	-951	3182
03	-7.52		3662	2163	-3.51	600	-3.16	537	-1.61	531	-1.85	651	-12.70	778	-12.971.43	-23.4105.24	-22.13	-23.78		2481	2647	4420
136.21	-5.50	-0.67		196	-343	4262
136.08	-5.36	-0.18		142	-380	4241
120.08	-2.79	6.92		-46	-591	3814
118.73	-3.09	6.85		-59	-529	3784
51.39	-9.70	29.31		-1247	1582	4520
50.96	-9.61	30.74		-1318	1658	4663
29.10	1.40	64.64		-2618	4812	6683
28.21	2.19	64.91		-2558	4855	6760
15.86	20.97	50.84		-3625	3540	5492
15.14	20.92	50.24		-3592	3547	5420
24.44	6.59	29.83		-2554	1547	3976
25.35	5.86	29.40		-2550	1469	3970
163.78	-43.8	4258
165.80	-4390	4314
-136.51	-274		-5301	3941	481153.63		14-9.85	-12.-9.98	-12.-3.84	-21.90
-130.35	-23.15	-21.76		-3965-125.83	-13.89	-13.42		-2639	1196	3541
-125.72	-13.66	-13.18		-2585	1211	3534
-122.72	-10.25	-5.50		-1432	1034	3115
-122.64	-10.22	-5.41		-1416	1037	3104
-121.47	-12.04	-1.53		-722	1002	2697
-121.59	-12.17	-1.57		-698	856	2698
-117.87	-12.08	1.84		180	1362	1383
-117.26	-12.70	1.90		295	1607	1114
126.15	-17.33	135.53		-6027	-4452	16074
123.82	-6.93	95.81		-5352	-4173	10183
122.52	-4.87	95.24		-5441	-4182	10111
58.38	47.54	69.31		-8150	-148	8796
56.79	47.71	68.48		-8086	24	8716
30.09	42.27	47.24		-6663	1581	6613
13	17.22	18	17.05		14	14.01		11	13.95	12.73	11.92	3262
11	12.73	1	11.23		14.37	1.80	11.07		-622	-270	2947
14.16	-1.77	10.44		-81	-322	2947
14.20	-1.65	10.46		-101	-305	2946
17.26	0.02	9.10		-271	-566	2921
17.19	-0.04	9.08		-261	-555	2919
16.74	-0.51	8.26		-199	-594	2976
16.84	-0.50	8.23		-201	-593	2974
38.34	-4.92	6.80		651	-962	3118
39.52	-5.23	7.08		705	-1019	3146
113.10	-43.24	15.28		-2913	5578	5084
114.74	-44.63	14.68		-3108	5663	5163
-170.89	-54.28	-19.19		-4873	2592	5150
-169.45	-53.88	-18.87		-4878	2438	5100
-141.15	-39.92	-28.79		-5138	2317	5242
-140.47	-39.38	-28.99		-5109