60.86	3.08	-0.57		655	-29	1209
60.90	3.26	-0.64		651	-52	1213
53.43	14.86	6.87		-1118	-576	1727
52.94	15.10	7.14		-1141	-561	1753
33.27	27.59	21.13		-4602	1189	2965
32.93	27.71	21.29		-4611	1224	2956
28.64	27.78	16.36		-4075	667	2519
28.61	27.71	15.81		-4049	576	2518
58.75	10.80	-1.10		452	-187	1647
60.29	10.48	-1.49		669	-157	1671
122.09	16.27	-8.38		4277	1297	1958
123.86	16.72	-7.67		4265	1275	1985
164.77	17.79	44.37		1881	-2235	3334
164.75	17.44	44.71		1779	-2281	3290
188	20.12		1684	331	1748
197	19.74		1730	369	1685
163	40.07	133	40.34	164.18	8.81	28.59	10	28.42	166.56	8.414	29.38		154.30	6.25	13.46		1019	1804	1727
154.10	6.14	12.68		1040	1853	1735
144.02	-28.39	4.23		8138	12848	-511
140.72	-30.58	10.19		8793	13943	604
-35.21	15.31	93.65		3031	18425	8755
-32.12	20.33	94.65		2483	17836	8282
165.84	53.18	-62.22		1562	8139	7298
167.15	52.01	-61.67		1420	8332	7326
-121.94	14.96	-24.35		-1610	5575	2516
-121.31	14.03	-24.35		-1760	5417	2463
-106.38	15.36	-29.68		-2331	3678	3593
-107.51	16.09	-29.96		-2282	3836	3635
-128.33	17.39	-23.17		-1355	4475	2556
-128.42	17.13	-22.77		-1311	4430	2531
42	1765
-14	-7.10		-443	2214	1767
-14	-1.62	-5	-1.53	-03	3.97		-07	4.34	-.37	24.79
-103.72	-1.42	24.76-64.41	-9.48	-4.25		921	246	1598
-62.68	-9.85	-5.99		820	146	1666
-26.96	-8.74	-78.61		-1009	-4270	6994
-27.04	-8.46	-78.84		-1010	-4281	7052
-59.71	-2.80	-31.21		-1371	21	2688
-61.01	-2.36	-28.98		-1261	236	2523
-90.88	8.42	32.15		4590	1604	2730
-90.53	8.50	32.90		4583	1636	2774
-79.28	1.58	38.45		4907	1417	2853
-79.36	1.34	38.21		4842	1366	2826
-78.14	-3.19	35.33		4178	1001	2888
-77.81	-3.18	35.42		4204	1012	2908
-64.69	-5.02	29.48		3563	1978	2518
-64.47	-5.24	29.29		3563	1936	2510
		4383	1403	3002
-31.72	-28.04	21.36		4470	1415	3012
-.58	22.53-		5149	16-.86	32.56-27.88	-21.59	2356
-50	13.58	-29	13.22	