-149.50	-19.95	16.03		-804	1162	2248
-150.58	-19.41	14.24		-957	1348	2135
-169.67	-2.04	-21.00		301	4921	2162
-170.00	-1.99	-21.14		305	4871	2182
-176.09	-4.63	-18.74		225	4075	2126
-175.98	-4.70	-18.59		206	4057	2118
-179.26	-7.59	-9.63		221	2819	1954
-179.56	-7.74	-9.43		207	2791	1959
175.49	-9.78	-1.85		-219	1744	1837
175.45	-9.70	-1.70		-207	1723	1842
173.69	-9.38	2.04		-162	1275	1806
173.67	-9.44	2.10		-173	1267	1806
175.18	-8.92	3.59		-8	1097	1790
175.18	-8.88	3.65		181	5.23		175	5.18	151	14.25	167	14.60	1.37	26.591.42	26.42199	2.45	161.79	-5.55	1.83		232	1594	1892
-168.21	3.79	-2.42		2084	2503	1346
-168.04	3.69	-1.88		2043	2416	1387
-158.39	-11.59	36.92		1633	-1936	3053
-157.85	-12.56	38.44		1621	-2111	3176
-144.13	-35.01	70.32		3477	-3259	6730
-143.19	-34.70	69.34		3507	-3213	6645
-131.95	-15.39	39.81		2908	-577	2604
-132.00	-15.26	39.54		2904	-552	2556
-131.38	-22.13	36.60		2207	-1036	2880
-131.37	-22.32	36.51		2183	-1047	2873
-130.75	-19.95	26.27		1290	-267	2037
-130.81	-19.79	25.93		1273	-238	2011
-132.33	-19.47	19.14		555	70	1693
-132.33	-19.49	19.14		548	66	1699
-5		-174	3-128.42	-220	1887
-2.52	-6.4-.90	-6.77-02	-120.79
-108.50	68.18	-112.-95	8.22	-24.39	23.7	2662
-70.60	27.98	-18.36		-4414	4513	3419
-73.61	27.91	-18.59		-4247	4796	3376
-97.76	28.90	-25.71		-2836	4909	3570
-97.39	29.01	-25.48		-2798	4942	3553
-85.91	20.73	-12.74		-1553	3497	2353
-85.58	20.31	-12.53		-1516	3436	2342
-80.60	9.76	-9.97		-1116	2016	1978
-80.53	9.63	-10.04		-1128	1995	1975
-71.75	7.16	-10.18		-882	1312	1880
-71.10	7.14	-10.10		-853	1294	1884
-72.37	3.76	8.91		1116	1534	1894
-71.76	3.67	9.75		1183	1566	1908
-33.20	-1.78	35.20		2587	4702	2763
-31.99	-2.35	35.32		2585	4734	2782
7.48	16.01	-9.41		443	136	48.02	17.67	-9.99	81	11.76		5175
87	14.02		-220	-3321.52	30.50
101.25	-29.88	29.87-3.90	-32.7
