167.30	-59.84	123.66		2168	--179.87	-58.30	88.46		-770	-6383	6363
-177.23	-57.58	86.54		-523	-6421	6272
-111.64	-39.17	55.56		5861	-1001	3323
-111.19	-39.83	55.54		5900	-973	3352
-116.07	-59.39	40.74		1652	-4850	2977
-116.32	-59.34	40.45		1499	-4831	2938
-105.62	-48.87	45.76		4452	-3316	2587
-105.30	-48.38	45.91		-29543	-13512	23565
-72.26	-31.70	53.09		7953	3282	2437
-72.23	-31.53	53.41		8025	3327	2467
-58.51	-33.54	37.95		6666	3487	1350
-59.34	-33.72	37.11		6620	3290	1287
-89.70	-37.32	0.33		-351	-1935	-234
-90.44	-37.45	0.01		-435	-1922	-207
134	19.31	1.59	17.90		-6273	3-.66	-64.9-.76	-67.0-00	-119.029
-172.11	8.0056	13860
19		-14	91
179.04	14.45	-120.39		-47	8989	14053
169.14	20.53	-100.42		1131	9408	11767
169.35	21.04	-99.89		1160	9516	11697
-174.34	31.83	-75.51		1138	9866	8392
-173.65	31.75	-74.81		1103	9810	8282
-139.77	13.84	-44.47		-2384	7226	3932
-139.58	13.37	-43.93		-2351	7267	3845
-147.89	-12.61	-16.75		-1840	4200	2486
-147.96	-13.24	-16.22		-1885	4107	2532
-161.91	4.37	-19.74		1114	4928	2426
-161.82	5.17	-20.04		1228	5000	2422
-157.64	10.77	-22.55		1219	5206	2397
-157.53	10.41	-22.45		1219	5174	2361
-155.52	-8.88	-18.97		-1047	3387	2464
-.85	-12.22-.82	-12.14
-.62	-6.84-.61	-6.64-163.16	-7-.58	-4.04-.23	-2.81-160.98	-9.36	-2.70		-44	1131	1660
-160.96	-12.14	2.87		-124	315	1879
-161.26	-12.16	3.08		-128	257	1886
-152.98	-14.44	12.42		574	-338	2081
-152.66	-14.80	12.93		546	-414	2138
-130.99	-36.65	37.59		2321	-2829	4098
-130.32	-37.80	38.27		2320	-2883	4174
-116.36	-57.18	45.56		4096	-2486	5816
-116.04	-56.39	44.59		4049	-2427	5786
-138.94	-5.44	19.78		2198	908	1893
-139.45	-4.32	19.19		2272	994	1892
-118.62	-8.29	7.00		1142	1561	1743
-117.22	-9.37	6.90		998	1468	1733
-65.79	-72.40	-4.39		3135	-2877	5153
-64.12	-72.61	-5.70	-80.57	-27.29	-8.19-.27	-8.43-.38	-11.05-74.11	-34.14	-10.84-.84	-4.31-70.75	-30		780	-2-28	-4.33	-94	-4.58	45.82	42.83	144.06		613	10918	11515
43.33	45.84	140.35		1119	11127	11001
7.07	19.49	32.24		-2650	5973	4869
7.76	18.45	30.69		-2703	5715	4561
15.43	18.02	0.83		-2536	1092	1907
14.16	18.62	0.86		-2603	1128	1984
16.54	31.24	15.55		-3792	2033	3594
17.17	31.02	16.08		-3769	2106	3580
13.92	22.51	28.24		-3112	3897	3143
13.80	22.42	28.24		-3130	3875	3114
8.73	20.12	23.59		-2619	3321	2403
8.60	20.11	23.42		-2618	3296	2387
-3.62	16.10	9.03		-1970	1939	1744
-3.79	15.90	8.69		-1926	1901	1744
-31.12	39.877	3606
-32.00	39.1873	3631
-97	-36.05	-86	-36.30
-04	-36.55
87.46	23.57	-36.31		-4531	-15	-20.92-92	-20.38-60.92	5.03	-7.25		-404	1114	1414
-61.91	4.88	-7.27		-413	1104	1432
-131.32	-6.92	-33.50		-3634	3183	3445
-132.78	-7.38	-34.13		-3649	3302	3495
-166.11	-26.84	-48.53		-4020	5959	5080
13.10	45.13	29.64		1124	22361	-20082
-179.39	-47.67	-39.45		-4180	5646	4986
-179.33	-48.20	-38.71		-4209	5518	5008
-77.50	-83.58	-64.71		-4587	-3043	7918
-62.64	-84.16	-77.35		-12174	-9719	26972
52.56	-15.16	-175.43		329	1286	13706
54.46	-13.04	-176.25		414	1507	13811
118.30	63.03	118.57		-4995	2417	10030
118.56	64.1