44.41	34.07	-38.11		1738	-2516	4717
44.88	33.61	-37.58		1777	-2494	4697
49.91	2.24	-0.95		519	2594	1330
9.87	2.15	-0.53		505	2628	31	-5.37		31	-5.06	45	-13.17		595	165	2313
4	617	103	41.13	15.3	2175
41	-3.42		42.59	10.55	-1.87		11	1266	1904
42.65	10.68	-2.11		6	1233	1912
48.79	33.72	-31.34		1097	-1973	3733
48.30	34.81	-33.07		1163	-2169	3864
57.32	44.05	-42.33		2531	-2220	4485
57.70	43.61	-41.07		2435	-2202	4337
61.89	19.02	-5.88		-367	1132	1489
61.77	18.58	-5.64		-368	1158	1451
61.38	37.37	-20.77		708	-1384	2909
61.02	38.57	-21.55		704	-1564	3014
71.20	37.23	-6.51		-213	-148	2767
70.68	36.28	-5.68		-359	-151	2627
59.28	-3.44	8.56		-81	4409	1496
59.13	-3.65	8.54		-52	4419	1550
66	-17.02	61	-17.21	76	10.55	7	12.21		--.99	57.43		7776	44-56	59.13	141.98	-23.53	8864
1.19	-91.164.62	-18.85	-27.11		5051	3741	2955
61.68	-17.18	-26.33		4988	3334	2918
6.54	51.33	-2.42		-5461	1730	3761
6.40	51.69	-1.47		-5438	1754	3794
32.27	33.38	25.13		-3255	3187	3029
33.31	32.75	25.23		-3226	3136	3026
43.29	14.48	33.06		-2574	3923	2878
43.64	14.02	33.20		-2597	3937	2884
53.94	1.18	34.22		-1992	4416	2713
54.10	1.11	34.21		-2012	4402	2710
60.66	-2.73	30.50		-1376	3946	1844
60.98	-2.70	30.27		-1383	3900	1845
68.19	-1.49	22.76		-781	3155	1615
68.29	-1.38	22.64		-783	3133	1619
7	11.96		-6	1196	12.97	8.59	11.84		-79	11.12	70.84	11.742
72.77	11.7150
73	10.51		1	1372	-24817	65.21	63.71	-20.15	163.12		-3754	2190	14553
60.69	-20.04	165.48		-3597	2205	14683
78.99	-33.48	177.49		-2017	-854	14242
81.37	-34.29	175.60		-2196	-964	14182
-125.81	22.46	63.87		7825	-341	3396
-129.34	24.34	61.22		7541	-162	3299
89.71	31.51	-2.48		2207	-1404	1817
88.94	31.62	-2.61		2187	-1478	1861
77.50	33.18	9.22		-314	-2273	2290
76.85	32.94	9.33		-383	-2288	2276
46.72	30.22	-0.73		-326	-1609	2193
46.03	30.56	-0.76		-363	-1586	2218
49.79	69.14	0.48		-2911	-4152	5800
50.23	70.18	0.84		-2970	-411	-4.43		-4622	-3640	6701
27	-9.19	29	-8.22	36.86	33.530	16.20		