147.21	-5.87	2.65		137	2135	2169
146.88	-6.23	2.44		99	2188	2156
148.64	-24.03	-6.99		-1457	3858	2495
148.83	-24.34	-7.29		-1475	3908	2523
161.61	-20.21	-21.09		-13	4635	2281
166.40	-14.38	-15.70		190	3698	1750
166.14	-14.34	-15.26		175	3655	1742
149.03	-9.16	18.03		-931	121	2096
148.53	-8.72	19.33		-983	-44	2171
-170.50	10.32	86.13		2525	-3613	8592
-169.92	9.94	86.59		2537	-3675	8610
-157.03	1.26	62.06		3244	-2829	4851
-157.11	0.91	61.40		3170	-2728	4745
-156.64	-7.27	50.51		2034	-2102	3490
-156.59	-7.12	50.48		2054	-2075	3491
-153.82	-2.74	47.33		2500	-1327	3013
-153.81	-2.73	47.09		2497	-1308	3002
--178.25	-4.76	-15.7-24.00	8.797	16936
-88	-88.31-10	75.54	-2	72.75	-74	2.78	-.03	2.82	1795	-0.67	179.28	-54.59	-1.41		-6394	3392	4767
168.52	-40.57	-12.37		-2940	4595	3035
168.64	-40.00	-12.45		-2893	4611	2998
166.38	-30.92	-15.17		-1543	4547	2366
166.44	-30.81	-15.28		-1557	4549	2357
174.16	-25.05	-22.15		-958	4800	2255
174.44	-24.89	-22.40		-942	4821	2259
176.52	-19.19	-30.21		-161	5505	2298
176.53	-19.04	-30.22		-141	5506	2296
-173.90	-13.40	-20.95		-322	3619	1577
-173.65	-13.35	-20.78		-326	3611	1571
-163.98	-17.69	-17.72		-936	3215	1403
-163.79	-17.85	-17.63		-924	3197	1414
--0.17	-14.85		238	2-5.83	-1.5-6.28	-0.9-168.93	-2		-812	-92	949
-0.57	5.66-1.17	9.60-1.02	9.70-158.13	-10.45	11.13		1282	-264	1123
-158.26	-10.51	11.06		1268	-250	1119
-163.89	-10.73	5.39		994	244	1239
-164.45	-10.79	5.03		921	311	1234
-159.73	-13.50	-2.85		215	1146	937
-160.19	-13.50	-3.06		183	1165	941
-160.16	-13.02	-2.29		182	1117	834
-160.06	-12.96	-2.18		219	1105	828
-157.73	-13.37	-0.01		297	799	866
-157.73	-13.39	-0.01		285	813	864
-140.72	-19.01	0.04		-4	125	1247
-140.52	-19.09	-0.22		-42	214	1181
-112.66	-22.69	-0.16		815	509	1268
-110.64	-23.52	-0.20		879	3