830
4.35	5.20	-21.24		976	618	1424
4.35	5.27	-21.22		988	621	1425
0.22	8.77	-17.85		137	714	1515
0.20	8.64	-17.74		166	737	1510
-0.40	6.93	-20.30		580	413	1667
-0.34	7.02	-20.41		581	388	1664
-0.33	9.03	-19.76		263	551	1604
-0.37	9.08	-19.77		255	554	1604
-2.36	10.20	-18.77		414	667	1716
-2.82	10.22	-18.66		431	681	1721
-18.50	-10.88	-2.04		2558	1931	1512
-17.75	-11.18	-2.31		2624	1950	1581
-14.43	-13.19	-18.30		1985	1	2257
-14.45	-13.20	-18.3-88	-10.14	--29	2.06		1630	2184-28.93	-5.3	1958
-30	6.21		1946	175-14	6.29	-53.82	-2.-73	2.75	-50.79	-0.95	0.58		766	1419	2012
-50.74	-0.83	0.53		754	1429	2010
-50.42	-1.56	-1.04		589	1186	1938
-50.31	-1.74	-1.11		598	1162	1949
-51.78	-2.82	-2.12		501	948	1959
-51.80	-2.73	-2.04		497	966	1950
-38.31	-2.38	-11.99		-10	486	1601
-37.59	-2.26	-12.83		11	390	1624
-4.17	17.71	-62.78		130	-3648	5796
-3.93	18.09	-63.23		83	-3721	5792
1.62	14.28	-42.80		41	-1853	3097
1.54	14.30	-42.42		42	-1802	3041
1.30	17.39	-34.91		-594	-1346	2531
	650	-879	2226
1	-15.23		1	-14.78	-67	178.19
-103.99	-2737	16850
-.23	-174.-.58	-173.-.17	-151.13
-.66	-151.62		-3046	3953	13383
-116.75	-63.38	-127.59		-3817	7169	10569
-118.12	-64.59	-125.79		-3905	7180	10416
165.91	-45.51	-1.01		-4713	1905	4029
168.04	-44.18	-0.68		-4569	1676	3858
-162.42	-6.13	-14.69		-690	2414	2304
-162.39	-5.23	-15.09		-700	2474	2330
-149.34	23.58	-0.44		3179	2509	2569
-148.67	24.07	0.30		3272	2490	2607
-102.88	27.24	33.21		5527	2363	3615
-101.43	26.78	33.89		5511	2409	3581
-63.67	5.03	36.22		5115	3382	3052
-63.35	4.72	35.61		5075	3380	3018
-65.82	-2.35	7.42		1327	1527	2326
-.39	5.17	-40.82	-1498	2329
-.37	3.57		3247	10-.43	3.40	-13	-75.59-94	-86.40-106.56	30	-1269	13