4	12.42		580	697	1852
140.36	12.48	17.47		137	762	1857
140.53	12.27	17.75		99	749	1862
142.67	6.60	22.50		-872	714	1857
142.74	6.63	22.48		-858	712	1853
144.13	9.53	20.34		-202	713	1811
144.14	9.60	20.33		-199	708	1815
145.50	10.52	19.37		-27	682	1878
145.60	10.49	19.29		-18	701	1882
144.95	6.36	11.83		136	1407	2203
144.81	5.91	11.23		143	1464	2205
137.74	-9.56	-5.23		-156	4192	1629
137.50	-9.54	-5.23		-133	4141	1612
139.85	3.76	9.57		4	1951	1815
140.59	4.50	10.61		36	1876	1818
145.26	8.79	15.16		-9	1430	144.77	8.39	14.51	1	9.22		41	9.59		411	24.75		13	24.88	11	22.52	16	22.39		150.69	10.52	20.15		137	545	1947
150.67	10.57	20.20		139	533	1948
150.87	10.41	18.90		206	648	1874
150.89	10.40	18.84		205	664	1873
148.89	7.70	16.92		-142	784	2576
148.72	7.31	16.71		-174	842	2600
151.68	-27.82	-4.47		-1446	7156	1465
152.68	-28.64	-4.41		-1443	7318	1305
-92.03	29.21	-77.02		-10780	7363	6341
-86.08	27.77	-71.80		-10167	7195	6262
-50.29	7.11	59.82		4317	5850	4273
-49.84	7.11	60.27		4291	5993	4196
-51.85	-10.70	2.36		774	221	2026
-53.44	-10.26	0.94		268	279	2084
-38.98	16.09	-8.28	-91	-8.29		-1599	14-38.19	8.61728
-5	-7.08		-99	-10.67-3	-10.81	-0	-18.01		-2281	72-4	-18.00		-2279	3-49.60	-0.61	-7.17		-271	144	1568
-48.92	-0.78	-6.87		-215	181	1544
0.73	-0.81	-21.42		1497	-810	2044
1.74	-0.47	-22.54		1517	-865	2076
-12.05	31.50	-68.82		-1655	-3871	6397
-12.00	32.09	-68.73		-1769	-3904	6438
7.34	36.92	-19.64		-2033	251	2707
7.96	36.44	-16.98		-2080	551	2608
-8.76	-8.70	54.29		3167	7362	3926
-9.45	-9.50	54.56		3339	7428	3976
-8.44	-20.99	25.04		3853	3570	2393
-8.62	-20.99	24.28		3876	3456	2399
-29.04	-15.87	-0.26		2128	-79	1857
-29.97	-15.87	-0.86		2038	-142	1871
1-610	12838
186	154.222	167.96	1	169.71		-2	117.71	-05	130.10