5	-27.67	5	-27.96	11	-32.28	
12.30	24.94	-32.45	17	-81.09	14	-82.37	
37	-56.93	3	-55.53	6-27.10		60	-27.07	71.20	43.27	-15.35		428	-1735	2760
71.41	43.24	-15.02		393	-1727	2740
68.34	32.38	-10.34		-164	-738	2012
68.00	31.71	-10.28		-172	-694	2015
62.36	18.19	-7.85		-295	901	1091
62.43	18.54	-8.14		-352	845	1137
61.23	41.35	-15.64		-90	-1765	2323
61.57	41.43	-14.93		-181	-1746	2302
72.21	36.83	-5.75		-512	-820	1735
72.05	36.74	-6.04		-459	-806	1725
69.92	33.48	-8.37		-260	-482	1595
69.92	33.47	-8.37		-259	-484	1583
72.06	32.85	-10.23		183	-486	1462
72.15	32.83	-10.30		201	-489	1457
-84.73	9.598	10386
-31	114.04		4175	2944	9765
-5.14	-54.-.23	-52.11.10	-9.67
128.39	-27.23	-8.80		-2452	5566	3319
1.22	30.881		-5404	5046	5974
56.73	-22.37	61.08		-4424	5882	5949
56.00	-21.33	60.87		-4370	5854	5898
39.71	6.69	45.32		-3232	4450	3621
39.42	7.00	44.83		-3193	4410	3569
30.19	10.58	29.74		-2040	3679	2550
29.79	10.72	29.38		-2010	3658	2546
7.73	17.09	14.86		-1544	2804	2326
6.88	17.12	14.52		-1544	2797	2302
-46.70	-2.53	26.43		1468	3311	1604
-48.96	-3.69	27.66		1695	3247	1733
-172.39	-22.87	129.69		2404	-3826	10561
59.55	nan	-27.34		14839	29717	-18003
108.01	-3.01	-144.64		3527	3412	14455
107.08	-3.02	-142.49		3718	3431	14349
1.55	132.2154.90	-22	-2818	120-05	104.27-27	105.67
751	-122.62
71.11	-57.30977	10538
434	-51.08
39.23	-49.1434	5284
22.45	-25.71	-21.83		3254	-393	2800
20.90	-24.55	-21.73		3009	-492	2745
-19.19	28.85	-36.33		-5931	-954	4606
-19.98	29.86	-36.76		-5959	-970	4558
-15.87	30.26	-38.72		-3754	-1547	4866
-15.82	29.21	-38.30		-3655	-1649	4900
-3.27	7.74	8.36		-1649	1998	2085
-2.15	7.32	10.00		-1665	2138	2108
65.65	-48.84	17.68		520	8660	3545
68.02	-48.69	13.58		727	8439	3594
50.56	7.75	-22.29		1504	-985	3117
49.90	8.94	-21.62		1302	-1048	3148
35.73	37.52	-6.40		-2469	-1848	3738
35.25	37.92	-6.30		-2536	-1812	3754
.63	-79.05	-12.20		6430	756		-11.48	