-15.70	22.64	-13.61		-2455	-252	2308
-15.62	22.41	-13.34		-2439	-239	2285
-6.84	8.11	-8.88		32	-298	1408
-6.66	7.67	-8.89		125	-319	1399
-24.67	12.05	-20.31		-1592	-885	2235
-25.44	12.48	-20.76		-1726	-942	2248
-41.34	10.90	-29.18		-3162	-1722	3174
-41.44	10.64	-28.97		-3162	-1774	3152
-24.02	7.64	-13.30		-709	-20	1825
-23.59	7.53	-13.07		-700	-82	1813
-4.50	8.10	4.76		-249	1861	1610
-4.08	8.00	5.36		-233	1982	1596
3.96	-0.31	6.35		1597	1865	1282
3.72	-0.26	6.10		1596	1804	1283
2.86	7.73	-5.19		249	189	1517
53
3	-9.71		1797
3	-9.93		--	-12.60		-	-12.61	--4.17		-0-3.81		-410	-3.88		2118	722	1369
17	-4.11		2117	647	1367
8.45	4.01	-5.61		888	321	1601
8.39	4.14	-5.56		872	324	1603
7.17	5.95	-1.97		413	752	1602
7.14	5.96	-1.87		404	766	1601
8.22	1.94	-3.66		758	374	1497
8.32	1.77	-3.83		784	340	1497
21.41	-1.49	-10.26		2003	-29	1813
21.30	-1.44	-10.35		2005	-36	1831
15.47	3.31	-8.99		1036	293	1869
15.36	3.47	-9.03		1060	310	1865
13.68	10.49	-11.51		182	-543	1818
13.73	10.51	-11.42		187	-535	1794
28.18	5.93	-0.19		22	1393	2155
28.32	5.54	-0.26		141	1328	2045
3.50	6.38	-15.16		315.42		5311	-19.31	2	-15.53	2	-15.71		21	-39.61	28.95	23.00	-40.70		1338	-2550	3934
32.12	45.00	-60.82		1787	-3309	6185
33.14	44.78	-60.19		1873	-3287	6104
52.63	33.92	-34.79		1612	-1629	3205
52.59	33.93	-34.48		1567	-1644	3193
53.21	24.37	-18.36		402	-443	2188
53.27	23.95	-18.00		374	-363	2158
54.49	20.00	-17.26		917	197	1855
54.47	20.06	-17.25		902	189	1863
58.33	18.87	-14.43		724	626	2295
58.54	18.60	-13.95		700	658	2249
83.58	12.56	21.54		1685	10611	-1010
83.91	16.18	23.70		2402	11374	-644
174.23	-51.13	-0.44		-8498	6096	5639
063	2353
-3.40	15.74
-3.48	15.11
-7.60	-1.4
-7.33	-1.5
-4.92	1.57
-.10	1.78	-83.93	-66.26	26.73		4251	-956	7189
-83.96	-69.18	29.09		4466	-787	7559
85.69	3.91	-172.04		1617	3112	13933
83.44	6.05	-171.50		1806	3346	13961
51.46	54.06	-80.42		4226	-2561	6814
52.36	53.62	-78.05		4053	-2628	6660
31.67	13.59	-94.71		2427	-4327	8633
33.17	11.12	-95.11		2531	-4170	8740
-152.30	-68.15	160.96		7104	5513	10666
-149.51	-67.38	158.31		7136	5397	10655
123.42	-65.37	-166.32		5523	-688	9991
118.28	-64.67	-162.06		5487	-712	10011
20.40	12.98	-72.95		2146	-3490	6815
19.86	15.10	-69.95		1822	-3391	6603
96	74.22	-24	-60.56