7
79	-165.16
89	-159.44
86	-158.88
48.89	8.67	-129.11		5397	-596	11348
49.00	8.58	-128.87		5473	-627	11323
31.23	11.81	-114.65		4393	-3019	9741
30.75	11.96	-114.29		4356	-3084	9686
26.83	13.93	-100.33		4045	-4230	7735
26.89	13.93	-99.95		4050	-4232	7680
27.79	13.48	-85.59		3736	-4330	5724
27.81	13.46	-85.26		3727	-4335	5681
27.98	12.40	-70.66		3243	-4231	3681
28.00	12.38	-70.38		3228	-4217	3644
29.48	11.24	-59.86		2815	-3543	2300
29.57	11.19	-59.64		2816	-3512	2271
22.49	9.91	-52.04		1547	-3832	1107
57	-37.12		4532	2035	636
33	-45.53	35	-45.82	-5.86	19.1473	451
-4	-35.18	5	18.45		720.68		-47	77.01	49.00	25.83	77.54		-6372	8365	7085
35.94	65.57	26.67		-6719	3762	5805
32.79	66.36	22.78		-6606	3592	5679
69.52	18.58	72.56		-7705	6609	7559
69.50	16.20	72.95		-7651	6754	7570
55.02	-15.80	67.92		-5215	6919	6925
55.17	-15.71	67.50		-5238	6909	6895
67.81	17.79	33.94		-4192	3001	3497
68.09	19.54	32.99		-4228	2730	3451
57.14	66.02	-19.25		-1196	-3129	5539
58.73	65.47	-17.70		-1153	-3049	5548
66.86	21.75	21.53		-3826	2323	1635
66.25	20.87	21.53		-3750	2404	1607
74.22	30.75	7.27		-1845	815	3176
774	3.65		-79	3.25		88	-7.02		88	-7.00	86	-2.90		83	-2.87	79.83	23.7769
71	-4.48	81.89	23.90	-5.54		269	604	2251
81.92	23.79	-5.52		258	585	2271
64.93	22.52	0.73		-1818	4712	571
64.43	23.91	0.00		-1980	4961	532
-78.99	40.42	179.96		-937	-3381	17209
-80.33	39.05	179.87		-1296	-3283	17089
-52.44	65.93	-135.51		-992	-4516	8115
-52.81	66.48	-136.02		-1088	-4672	8132
-37.23	76.73	-101.52		-3206	-4885	6378
-36.73	76.88	-99.82		-3393	-4770	6294
-37.81	67.81	-72.44		-6020	-2872	5258
-38.28	67.59	-72.21		-6102	-2829	5239
-49.68	56.01	-60.41		-7142	-501	3886
-49.91	55.74	-60.27		-7200	-503	3851
154	1348
-21.90	46.-3	-28.28		-5440	-9-7	-28.23		-5314	-1-56	-33.69	-08	-34.42-5	-61.82	-0	-63.15	-59.07	-24.69	-89.69		-7894	-4189	9240
-59.15	-24.61	-89.38		2254	-24093	-29196
-66.21	-20.82	-69.11		-7651	-3589	6257
-66.42	-20.73	-68.50		-7612	-3570	6179
-71.57	-16.86	-52.33		-6744	-2683	4310
-71.65	-16.84	-51.96		-6705	-2675	4283
-71.91	-14.37	-36.02		-5072	-2489	2633
-71.82	-14.19	-35.56		-5014	-2468	2583
-57.83	1.49	-9.71		-2050	-21	527
-56.06	2.13	-8.52		-1893	74	507
15.81	9.62	24.93		-413	3774	-6
16.71	9.65	25.51		-454	3872	0
84.27	15.93	46.07		-5271	2502	940
85.36	16.55	46.35		-5258	2382	945
31.59	17.887	1700
131.70	17.79	54.05		-3365	-2964	1699
12	60.32	122.25	9.1256	2459
161	43.70	143.10	19.	-2046	-3186	767
146	32.96	144	32.60	