45.10	-4.89	-8.89		1882	296	1622
45.02	-4.69	-9.94		2267	153	1689
44.46	-4.57	-9.71		2198	164	1692
31.94	7.81	-4.00		-368	-533	1678
31.61	7.90	-3.99		-339	-510	1695
27.43	2.32	4.43		-700	758	1454
27.13	1.45	4.73		-556	915	1440
35.26	-7.25	-3.93		1688	742	1507
35.21	-6.66	-4.26		1590	617	1500
45.11	4.37	-12.57		1555	-1143	1890
45.41	4.49	-12.57		1569	-1171	1866
47.81	12.73	-9.97		1080	-1222	2520
47.12	13.08	-9.89		955	-1188	2506
43.80	30.15	-11.83		-650	-2085	2840
2.65	77.85	8129
159	10.86	134	11.19	113	23.23	174	23.78	198	37.63	168	37.22	1	-914	1545	1057
108.13	5.06	22.49		-901	1627	1066
116.05	1.38	12.44		-625	1894	1546
116.17	1.73	12.28		-550	1900	1537
120.41	16.39	22.99		-338	-153	1901
120.17	16.49	23.20		-351	-177	1896
115.63	13.99	22.06		-412	469	1554
115.56	13.97	22.06		-441	466	1536
117.27	15.76	22.81		-461	140	1578
117.44	15.83	22.79		-434	133	1588
113.95	14.73	19.48		-175	401	1433
113.91	14.66	19.35		-180	420	1418
115.75	16.34	21.06		113	152	1655
115.63	16.29	21.15		111	147	1669
102.78	7.15	5.96		984	1995	954
102.55	7.14	5.70		1012	1991	925
134	16.31		221	583	20.97	12.55	16.33	114	14.31		1038	692123.63	16.	1635
124	14.93	121.68	16.30	14.98	152	9.75		145	9.29		99.92	5.15	-10.81		2515	2782	2014
99.50	4.88	-11.23		2580	2838	2019
107.65	13.73	4.83		2158	2672	627
109.14	14.96	6.68		2154	2622	662
175.49	2.36	-129.90		2350	11018	13938
177.39	4.20	-125.41		1998	11508	13623
-138.41	22.83	-16.03		-54	4795	2372
-138.99	21.91	-16.77		-225	4890	2396
-168.99	-1.27	-37.76		-1812	5958	3476
-169.08	-1.30	-37.69		-1808	5893	3475
-174.55	4.67	-28.63		-153	4658	2860
-174.45	4.68	-28.48		-162	4643	2816
-168.22	-1.72	-24.00		-1233	3893	2364
-168.24	-1.86	-23.98		-1262	3896	2365
-166.32	6.	1455
-67	-3.97		432	153-.90	8.13	-.27	8.80	-93	27.99	-84.01	16.4	2760
-1	27.03	-7	26.94	