120.85	-5.76	13.68		-1548	146	1552
120.89	-5.57	13.65		-1543	122	1558
133.54	-2.12	7.77		-55	32	1534
133.37	-2.02	7.67		-77	52	1488
138.08	4.69	5.16		896	-324	1600
138.16	4.68	5.16		892	-323	1590
137.44	3.63	4.05		719	-43	1487
137.32	3.67	3.98		720	-30	1485
132.19	4.73	1.06		865	21	1551
131.95	4.72	1.00		853	27	1551
129.13	5.65	0.45		826	-9	1568
129.21	5.65	0.54		823	-18	1568
129.79	5.60	2.11		565	-128	1646
129.92	5.60	2.10		545	-123	1648
07	-4.37	-179.61	17.77	-4.54		3280	1733	2002
-.59	9.23	-.18	9.50	-56	10.29	-	1577	74-3.70	48.0
-153.03	-44.73	49.69
-125.88	-42.46	23.09		737	-2210	3717
-125.16	-41.77	21.86		674	-2077	3583
-105.36	-26.28	-0.97		-61	348	1710
-104.83	-26.17	-1.27		-83	376	1708
-95.25	-27.25	-7.75		-463	163	1850
-95.17	-27.34	-7.77		-455	153	1857
-96.16	-27.64	-4.44		86	72	1906
-96.26	-27.49	-4.37		94	95	1891
-96.17	-41.19	-18.65		-841	559	1930
-95.11	-43.39	-20.23		-970	142	2109
-1.98	-53.98	-122.58		-4240	-3650	9250
-2.97	-55.03	-120.76		-4082	-3692	8930
-45.10	-71.41	-80.08		-3210	-2578	6109
-45.10	-71.53	-81.16		-3233	-2239	6128
69.08	-74.30	147.50		-5240	2.95	-54.-2792	10194
823	109.81
87.17	-45.374	9915
1.55	101.5
101.30	-37-2490	9513114	94.78	169.96	-5.4	2907	-7438	10494
-6.91	72.1-158.51	-47.47	70.88		3408	-5296	6007
146.26	-34.02	66.22		-5380	-4006	6061
145.77	-32.13	65.67		-5265	-3988	6065
162.18	34.62	18.92		4787	-2723	3981
160.79	35.32	17.18		4803	-2633	3958
144.48	51.97	-29.14		7662	930	5090
144.98	52.49	-29.14		7705	968	5137
-140.77	68.82	17.42		7631	3527	6885
-138.12	68.93	18.85		7556	3699	6931
-78.93	54.96	47.77		4890	6214	6964
-78.34	54.17	47.69		4787	6272	6895
-62.09	27.36	30.42		2682	6168	3793
-62.20	26.87	29.41		2582	6094	3708
-49.33	9.08	-28.53		-2167	1607	2691
-49.30	8.7