24.94	-6.94	-5.52		1378	46	1881
-24.56	-7.25	-5.66		1462	9	1918
-11.63	-5.43	-7.09		1470	318	2189
-11.57	-5.07	-7.23		1383	310	2202
-20.99	4.50	-10.53		-455	137	1743
-20.87	4.62	-10.55		-466	143	1733
-35.09	2.43	-13.49		-705	-100	2080
-35.27	2.20	-13.54		-697	-131	2076
-37.81	0.75	-6.41		56	421	1896
-37.87	0.9-3	-0.43		397	1167	1615
-38	-2.76	-46	-2.84	-9	-4.53		-52	-4.68	-24.34	-10
-.41	-12.0-21	-6.34		396	380	2098
-27.09	-2.86	-6.15		387	433	2090
-24.42	4.09	-9.09		-315	180	2030
-24.52	4.07	-9.37		-297	87	2017
-7.28	5.43	-15.38		-9	-273	1701
-5.70	5.49	-15.89		-16	-336	1690
36.09	30.33	-57.89		2710	-2876	5555
35.85	31.40	-59.80		2708	-2912	5765
54.09	29.35	-44.72		3158	-1431	5064
54.47	28.27	-42.88		3019	-1278	4882
56.29	5.56	-13.08		1250	1952	1171
55.94	5.97	-13.35		1217	1814	1230
57.36	35.25	-34.45		2189	-1848	3498
57.98	35.41	-34.11		2157	-1818	3457
66.55	25.38	-12.57		333	46	1882
60	-14.95		69	-14.76	65	-2.67	64	-2.41		-103	1610	979
-84	-121.7-41	-129.846
-72	14.42	-46	15.61	-116.71	-22.36	17.20		212	-1618	2933
-117.63	-23.37	17.74		258	-1489	3070
-158.70	-55.94	77.13		1985	-3001	8365
-160.03	-55.95	77.12		1924	-3030	8365
107.65	-46.76	68.01		-7290	1830	6233
108.64	-45.99	67.22		-6999	1632	6025
72.04	-14.03	33.06		-2439	3616	2703
71.70	-13.75	32.75		-2371	3606	2643
73.48	-5.70	25.85		-1874	2587	2045
73.58	-5.52	25.73		-1857	2575	2039
78.44	3.19	23.38		-1950	1572	2088
78.37	3.51	23.40		-1939	1530	2094
81.72	17.02	24.08		-1808	-636	1987
81.69	17.32	23.99		-1821	-670	14.30		73	14.15	78	9.08		79	9.10		-1	38.37		149	39.97	