890	22.42	864	22.77	791	21.14	7	-560	5769	19.12	66.44	-16.962151
66	11.87		60.89	-2.51953
5	13.34		513.18		-58.74	7.60	8.73		-806	1202	1360
59.23	7.90	8.20		-772	1107	1315
97.09	44.04	-9.32		2806	-2091	4173
98.26	45.68	-9.35		2911	-2048	4371
153.97	73.93	42.86		3505	-2898	7361
153.01	73.22	42.34		3432	-2963	7221
131.37	50.04	23.76		1802	-2377	3697
131.25	49.74	23.56		1807	-2337	3683
125.31	34.08	17.37		942	-852	2385
125.30	33.57	17.22		949	-780	2320
121.09	23.42	17.56		141	68	1939
120.88	23.26	17.48		118	59	1942
105.11	7.26	0.99		843	2310	1464
104.73	6.96	0.51		890	2337	1453
89.71	5.92	-0.71		86.99	11.3083	1.34		81.39		478	1.36		59	2.11		581	421	2125
90	2.11		595	392	21147	2.06	105.27	22.96	2.10		1150	-259	2606
117.58	-3.55	7.72		-409	3245	646
118.73	-4.09	7.96		-434	3366	524
-118.90	26.91	-101.27		-8835	6711	8071
-114.55	27.49	-96.70		-8668	6751	7929
-44.38	14.15	38.20		2527	4712	2869
-44.13	14.02	39.07		2575	4715	2850
-48.87	8.89	25.57		1760	3972	1601
-49.07	8.21	24.66		1744	3893	1622
-64.15	-31.69	6.06		1680	-573	2974
-64.30	-33.31	5.97		1711	-708	3112
92.08	-22.12	172.85		-1694	-355	14466
89.07	-18.64	173.28		-1757	37	14336
129.72	33.64	-107.08		3365	7416	10690
132.90	31.-3.04	-98.8
-3.49	-98.6
-8.63	-68.2
-142.67	-5	5078	607-19		-4572	3908	3820
-165.33	-51	31524	-7137	-30.68
170.11	-38.11	-31.31		-2221	5715	3458
3.88	-28.67	-92.40		-1544	-4996	6506
2.88	-28.58	-94.67		-1896	-5194	6776
30.07	-49.59	-122.38		221	-5490	9572
31.56	-50.79	-121.81		507	-5483	9466
45.23	-62.06	-73.16		7644	-558	5052
47.00	-61.22	-73.21		7707	-381	5022
108.45	-52.15	-95.99		9320	5070	7163
106.39	-51.71	-94.35		9310	4918	6973
23.06	-26.26	-33.75		4558	226	359
22.15	-25.22	-32.93		4406	215	262
-0.11	-5.16	-23.46		-51	357	-795
0.66	-5.39	-23.96		49	258	-758
-42.87	-1.85	-43.73		-4567	-1184	957
