-138.90	33.52	107.26		4389	-2860	9932
-139.53	33.88	105.85		4403	-2893	9877
133.10	25.10	12.19		1773	351	2600
130.83	24.20	10.50		1777	429	2520
95.40	6.06	-5.48		1595	1159	2146
94.34	5.82	-5.43		1565	1175	2097
100.96	4.11	-4.99		1210	1645	1825
101.45	4.52	-4.83		1219	1623	1842
133.22	33.31	33.39		707	-2356	3955
134.73	33.96	35.78		681	-2552	4155
155.35	29.39	57.66		337	-3093	5537
154.58	29.16	55.92		391	-3028	5398
124.77	7.25	-4.83		2077	2674	1511
124.17	6.51	-5.79		2109	2758	1525
2035
123.11	9.06	1.58		137	7.97		521	-480	127.95	22.3341
147	-3.20		-177	407153.82	-2.39	-3.58	308	-29.91
38.10	-46.90	10863
-23.23	30.41	109.13		2715	8824	8942
-23.96	30.45	106.57		2797	8729	8727
-19.66	-7.54	38.62		1861	5612	2891
-18.51	-8.46	36.97		1855	5456	2828
17.30	-17.00	-27.29		2254	-633	3155
18.44	-17.25	-29.32		2376	-747	3307
68.20	-21.76	-148.41		2409	-313	12741
67.13	-21.16	-151.72		2010	-129	12768
-46.33	22.27	111.31		4645	6844	10250
-48.44	22.66	109.22		4757	6715	9989
116.76	66.48	-142.06		-849	8656	12397
123.36	63.81	-137.63		-980	8548	12440
-147.60	-7.07	-123.25		-3785	5873	11606
-117.30	-18.05	-121.94		-4341	5375	11509
.94		-52-9.38	-94.-	-0.56		-6.13	-71.3
-5.98	-70.82
-2.27	-60.-2.28	-60.6-2.68	-55.-117.27	-12.60	-55.22		-4918	3287	2377
-120.85	-9.30	-47.18		-4173	3452	1468
-120.76	-9.28	-46.77		-4123	3424	1430
-119.69	-11.30	-33.97		-2769	2164	489
-119.86	-11.41	-33.85		-2808	2133	462
-117.91	-14.76	-29.53		-3019	1278	76
-117.86	-14.78	-29.41		-3004	1271	68
-119.66	-13.84	-23.03		-2218	1037	-330
-119.76	-13.79	-22.84		-2196	1033	-337
-121.12	-11.52	-17.55		-1347	885	-505
-121.05	-11.50	-17.49		-1334	880	-502
-121.58	-20.27	-15.91		-2093	-768	-235
155.56	8.37	-157.92		-6694	-5439	-1325
-117.59	-18.72	-11.69		-1215	-449	-487
-46.81	nan	49.49		4	-27.29		42	-29.17		-320	269-9	-57.26	
-0.77	19.20	-57.16		-1976	-6	-30.58	7	-29.62	50	-6.82		441	3368	53.90	-0.89	-6.81	