-73.92		1558	10682	7529
-9	73.60		1-6	62.44		-8	62.15	-3	44.42	-0	43.54		-5	-28.96	-1	-31.57	5-51.12		5	-49.38		-11.22	-3.62	23.83		2010	6518	2226
-11.60	-3.99	25.10		2161	6623	2277
-5.54	6.99	14.80		-71	5346	2036
-5.28	7.51	12.86		-201	5130	2046
17.71	11.01	-43.13		924	-1705	3854
18.03	10.83	-41.35		871	-1532	3733
13.60	4.38	-9.36		-160	2038	1348
13.50	4.34	-9.39		-152	2003	1375
11.59	3.92	-17.76		342	911	1861
11.52	3.95	-17.94		350	899	1861
12.78	3.79	-20.66		330	673	2029
12.92	3.75	-20.82		345	645	2046
15.73	5.26	-15.99		531	1285	1927
15.83	5.50	-15.60		491	1316	1881
-9.95	19.85		-5604	508	3053
-172.12	-13.79	17.79	11	-80.68	146	-78.82-.55	-4.54-865	2596
-18	-3.76		2729	62-116.93	59.14	-3.30-92.11	64.73	14.77		3332	7635	4762
-91.71	64.69	15.04		3331	7665	4728
-89.47	55.46	18.71		3587	6681	3358
-89.42	55.17	18.65		3580	6678	3316
-90.43	44.77	17.84		3639	5797	2245
-90.48	44.49	17.79		3647	5772	2219
-93.26	32.34	14.15		3164	4296	1108
-93.31	32.02	14.06		3155	4255	1085
-93.03	25.11	14.71		3217	3530	693
-92.91	24.97	14.76		3228	3529	684
-91.84	14.20	9.57		2552	1950	157
-91.81	13.96	9.23		2469	1902	144
-90.34	6.38	0.25		1059	1033	192
-90.32	6.26	0.08		1036	1020	192
-05	0.72		1798	420	-0.53	-16.
-0.33	-16.
88	-71.29	8	-75.04	6-132.12	6	-131.98	72.03	38.51	-79.16		8543	378	5160
73.63	40.49	-76.12		8361	210	4852
106.74	16.72	32.02		-4428	293	976
106.51	15.69	33.02		-4615	395	1057
114.75	36.97	27.62		-3982	-2203	2622
113.17	39.04	25.75		-3712	-2395	2635
91.44	30.74	-90.59		8388	4013	7632
91.90	29.20	-91.90		8448	4167	7745
111.25	10.59	-101.14		7190	8053	8550
111.58	11.86	-100.62		7221	8149	8500
146.19	69.13	-57.74		8650	5628	4646
147.50	68.96	-54.70		8680	5342	4515
133.91	22.35	5.60		295	-522	-747
133.60	20.90	6.11		18	-414	-794
-33.53	-755
