19	-15.09	15	-14.64	10	5.42		1172.73	1.210	12.10		944	996	1169.78	1.71954
-.83	29.31-162.49	-98	2404
-150.25	-1-150.35	-18.92	30.71		740	-480	2831
-159.12	-13.28	25.47		310	327	1775
-159.09	-13.56	26.14		383	276	1912
-153.42	-16.20	20.25		-29	251	1962
-153.24	-16.01	19.72		-55	329	1921
-152.81	-14.13	13.92		-105	1278	1591
-153.43	-14.26	14.09		-167	1176	1592
-155.12	-14.02	17.99		91	682	1734
-155.17	-14.03	18.01		107	698	1731
-157.75	-16.57	19.48		-281	322	1967
-157.88	-16.52	19.33		-285	332	1959
-162.56	-12.31	3.84		291	2695	477
-162.47	-12.46	3.21		241	2816	468
153.74	22.87	146.78		-6342	3968	11190
46	-34.95	49	-34.94	3-100.15	1	823	-2034	10850
-6.15	106.5
-122.40	-3	29825	13378
-0.92	75.9
-103.56	-10.48	77.27		6988	1183	5534
26.08	18.37	-163.92		1294	3549	15917
32.51	17.97	-158.86		1440	3393	15786
85.57	-28.28	-38.38		3949	4944	4040
84.63	-28.92	-36.67		3819	4993	3966
62.75	-32.24	-6.78		1594	3625	2154
62.98	-31.82	-6.89		1562	3509	2136
73.32	-25.42	-3.50		1584	3381	1889
73.26	-25.40	-2.89		1409	3383	1890
81.06	-23.56	7.26		-387	3725	1654
81.48	-23.47	7.31		-393	3708	1636
85.11	-15.95	8.97		-250	2802	1515
84.40	-15.66	9.11		-234	2730	1517
67.41	-5.83	16.70		-1892	1889	1169
266
-.81	-128.5
-11.76	-68.97	-136.12		-659-15	-174.2-57.24	60.2161	1340496	-11.79	98	-11.71	