-.25	77.47-.49	75.38166	18.85	151	18.97	123	64.82	193	66.50	1	-2773	1539	1953
169.34	-10.39	19.69		-2860	1680	1865
-176.90	-22.65	-9.30		-2520	3585	2759
-177.00	-22.56	-9.49		-2532	3569	2728
162.67	-20.00	-9.42		-1881	4117	2582
162.07	-19.84	-9.26		-1823	4085	2581
159.84	-12.40	-2.63		-835	3194	2062
160.00	-12.26	-2.35		-797	3180	2060
157.62	-10.68	2.78		-867	2301	2070
158.12	-10.58	2.92		-849	2191	2057
166.16	-1.80	10.49		83	443	2617
166.41	-1.79	10.39		91	495	2583
-179.60	-5.85	4.05		-304	1533	1879
-179.06	-5.69	4.28		-295	1505	1887
-168.46	5.67	45.18		1767	-2285	3858
-167.35	5.93	46.69	-.84	26.60-.87	24.78107	-5.86		-19	378176.59	-5.26	-5.44		-53	3696-.08	21.61-.64	22.78-163.41	0.56	36.09	-163.80	-0.05	35.11		1296	-881	2653
-146.69	50.71	165.82		-14450	1588	20923
-133.73	50.95	-179.18		-10052	2130	19312
-1.20	-3.38	27.76		590	4664	2617
-1.59	-3.93	30.59		523	4977	2557
3.84	18.27	48.08		-1645	5708	2997
3.40	19.07	46.72		-1746	5497	2904
-9.74	21.38	10.99		-2327	2406	1203
-9.79	20.94	10.52		-2274	2337	1201
-8.18	7.62	-3.40		-675	61	1608
-8.24	7.52	-3.74		-702	-15	1600
-9.85	1.68	-7.30		-263	-325	1475
-10.27	1.30	-7.40		-254	-325	1470
-46.17	-19.70	-8.61		132	-1588	2795
-46.04	-20.24	-8.60		195	-16-.67	4.11	-.41	4.12		714	36	-00	4.70		1306
-45.72	-1.61295
-3	-3.92		-8	-4.03	-3	-4.41			1570
-50.14	-2.25	-4.34	-30.93	-9.11	-3.98		307	-125	1628
-30.75	-9.36	-4.22		335	-164	1651
-30.36	-11.86	-14.38		80	-1317	2329
-30.66	-11.73	-14.48		40	-1295	2330
-43.09	-7.33	-13.93		-1323	-753	2179
-43.11	-7.23	-13.95		-1324	-766	2190
-34.20	-5.16	-14.02		-862	-484	2224
-34.10	-5.24	-13.99		-843	-466	2234
-30.98	-7.02	-17.61		-428	-949	2485
-31.19	-6.94	-17.79		-474	-957	2503
-55.75	2.54	-23.28		-3548	590	2715
-59.66	2.78	-23.06		-3796	945	2675
-126.92	-12.81	-3.22		-2278	795	2154
-126.65	-12.96	-2.81		-2181	759	2143
-85.18	-14.-82.24	-15.09	8.88	-.80	58.02		5061	2-.58	61.0921.41	33.7012	-152.76
72	41.59		71	41.71	