-	-6.84		-0	-6.83		-2	-7.54	-7	-7.56		-	-6.86		8-0	-6.84		-6	-6.37	-27.07	6.0-15	-0.60	-29	-0.53	-26.36	13.58	-3.38		-779	1034	1171
-26.45	13.35	-3.52		-756	1009	1177
-26.51	4.78	-8.72		-15	-231	1479
-26.38	4.67	-8.75		6	-243	1480
-24.81	2.55	-6.89		353	-37	1394
-24.78	2.55	-6.83		354	-30	1395
-25.31	2.83	-7.00		372	75	1350
-25.43	2.83	-7.11		365	57	1354
-28.94	2.01	-10.78		13	-518	1612
-28.97	2.02	-10.78		7	-513	1608
-27.96	2.25	-8.84		138	-145	1482
-27.90	2.22	-8.81		148	-142	1485
-26.70	1.23	-8.67		325	-181	1534
-26.69	1.22	-8.69		327	-182	1535
-26.28	0.93	-8.89		361	-223	1584
25.54	1.8	294	-132	1583
-6	-8.76		-8	-8.76		-9	-9.08	-9	-9.08	-4	-8.19		-2	-8.16	-4	-7.57		-28.17	2.63	-7.57		175	89	1546
-24.27	-0.34	-8.72		360	-170	1538
-23.96	-0.55	-8.85		403	-181	1545
1.30	0.45	-38.63		1630	-2015	3111
2.21	1.09	-40.35		1619	-2161	3274
12.78	33.74	-98.40		3755	-3445	8741
12.77	34.25	-98.23		3722	-3482	8687
23.63	26.93	-65.76		2229	-3142	5242
23.90	26.44	-65.02		2314	-3138	5157
33.09	17.16	-48.20		2833	-1838	3046
33.21	17.24	-48.11		2840	-1833	3045
39.71	6.61	-26.93		2203	344	1768
39.76	5.93	-26.09		2128	515	1711
42.84	7.07	-6.20		4865	9048	-4798
42.22	11.09	-7.50		5308	10120	-5275
178.95	-4.82	-14.12		-1661	2174	-13.50
105.37	2.46-4449	193	6402
10	49.19	81	75.77	81	75.09	5	47.70		54.34	11.65	47.18		-3562	4125	4104
51.59	32.56	29.81		-3890	1451	3099
51.90	32.78	29.17		-3845	1329	3107
26.06	31.38	-0.14		-1453	-313	2435
24.95	31.24	-0.83		-1368	-320	2400
-7.48	28.04	-18.59		-2255	-870	2574
-7.90	27.93	-18.78		-2276	-881	2586
-1.24	18.49	-19.21		-812	-155	2283
-0.26	18.18	-19.47		-714	-241	2277
5.73	23.45	-23.95		-1033	-2563	2837
6.41	23.70	-23.70		-1041	-2576	2811
60.98	20.10	14.36		-993	786	2443
62.21	19.39	15.54		-1187	931	2466
82.45	2.99	33.46		-2759	3450	2105
82.25	2.91	33.66		-1.97	12.891		-865	3954	1970
8	14.81		-814.82		-7	8.54		-78	8.45		51	-3.21		50	-3.55	38.56	19.72	-6.00		107	-1026	1919
37.81	19.11	-5.76		143	-944	1935
31.11	12.01	4.52		-233	1219	1638
31.16	12.00	4.86		-281	1215	1631
59.72	9.24	1.15		534	809	1531
61.60	9.19	0.68		729	756	1591
88.25	12.67	-3.93		1664	1030	1927
88.47	12.79	-3.93		1683	1010	1939
85.14	16.00	-1.37		1228	611	1926
85.00	16.10	-1.27		1210	585	1931
80.90	18.26	3.46		374	318	1969
80.96	18.28	3.46		384	313	1964
83.77	18.85	3.07		609	295	1967
83.94	18.87	3.10		601	302	1966
179.38	45.92	27.12		4660	54-16	27.75	