41	-13.85	4	-13.79	40	-13.34	42	-13.35	20	-10.19	28	-9.88	-97	11.22	-	11.70		-24	21.86	-25.53	15.91	21.67		385	4675	1887
31.21	-3.71	-29.79		3286	324	2696
32.45	-3.43	-31.82		3504	129	2844
47.70	13.35	-39.05		3030	-997	3575
47.94	13.04	-37.64		2929	-882	3436
49.97	6.15	-8.96		603	2066	1540
50.20	6.19	-8.85		589	2038	1542
61.05	7.84	-11.64		925	1627	1940
61.16	7.98	-11.81		938	1609	1936
60.21	11.95	-13.06		716	1050	1962
60.13	12.07	-13.00		696	1035	1964
57.96	16.98	-15.13		506	421	2016
57.94	17.04	-15.25		522	416	2009
54.79	21.95	-20.27		917	-10	2540
54.52	22.15	-20.22		888	-142	2591
-108.00	-7		-7918	-2767	7874
-118.88	-63264	7529
-.92	-54.34-04	4873
-.53	-16.6-.99	-15.6-08	36.34	-35	37.85		2861	-378	3318
-69.93	64.11	109.40		6155	-199	8209
-67.09	64.70	110.46		6212	7	8239
20.87	82.55	117.80		1377	10117	7699
19.22	82.68	115.87		1296	10151	7637
-32.49	59.78	55.59		1755	9029	4620
-32.93	59.19	55.12		1793	8975	4575
-67.90	21.44	44.80		5337	4940	3445
-70.00	19.97	44.77		5511	4442	3443
-110.85	3.13	43.61		5377	-1678	2281
-111.48	2.82	43.56		5305	-1751	2282
-131.22	8.38	51.14		4017	-2638	3132
-132.18	8.53	51.50		4012	-2710	3181
145.18	32.86	68.61		-4913	-4580	6117
52	8041
90	105.65	94	105.11	
90	59.65	98	58.30		38	53.66		-8381	45849	54.10	78	30.71	78.37	45.53	30.73		-4852	-1563	1277
79.35	39.07	19.37		-4240	-1139	678
79.21	39.02	18.93		-4110	-1232	609
79.96	34.89	12.27		-3382	-976	304
79.95	34.82	12.14		-3358	-981	300
77.63	31.81	8.20		-2206	-776	-619
77.58	31.75	8.38		-2213	-827	-694
57.98	35.64	-9.20		-1932	-1682	588
59.18	35.65	-9.75		-1743	-1974	648
89.27	12.24	-0.22		-925	2191	-744
89.72	10.82	1.17		-1260	2519	-586
104.23	-29.35	43.92		-7600	4304	4273
104.38	-30.14	44.78		-7681	4308	4373
114.44	-44.36	64.47		-7841	1176	7697
115.19	-44.51	64.87174	124.711.01	123.78		-871	-2930	1260