65	8.47		6	9.44		-57.72	-3.952	25.33		18	28.07	17	28.47	233.21		8233.02		1-	24.66		-	24.50		0.25	4.58	18.19		605	3287	1670
0.31	4.56	18.05		613	3260	1661
0.68	5.66	12.38		308	2478	1450
0.73	5.66	12.22		304	2454	1437
2.81	4.59	7.14		515	1730	1347
2.86	4.58	7.03		514	1718	1344
16.36	1.00	0.88		899	1289	1280
17.13	0.81	0.48		946	1265	1278
57.40	12.97	-26.82		3349	65	2674
58.46	14.25	-27.76		3454	-32	2774
63.06	60.87	-49.63		4275	-3067	6464
64.38	60.20	-48.29		4213	-3094	6402
74.37	1.81	-13.54		2256	2675	1590
74.85	1.89	-13.23		2195	2655	1637
79	-6.44	7-6.38		873	-5.91	1913
73.26	14.66	-5.99		746	895	172	-9.27	77	-9.23		89	-5.72	187
84.40	25.08	-5.69		722	91	2281.79	20.79	1.11		218	752	1142
81.52	20.59	1.27		180	785	1083
-62.46	-6.78	-154.99		-2540	10307	15622
-73.24	-12.45	-155.52		-2678	10927	15101
-140.22	-37.21	-40.51		-3799	4308	6598
-139.98	-35.92	-38.69		-3472	4029	6196
-179.09	-24.05	-3.15		-2167	2124	2911
179.53	-24.05	-2.72		-2078	2175	2902
164.91	-18.28	-4.72		-1229	2414	1832
165.20	-18.03	-5.03		-1185	2449	1842
169.24	-11.52	-15.90		-1247	3144	2367
169.03	-11.24	-16.08		-1220	3167	2351
-175.04	-9.51	-8.89		-600	1389	1556
-152.80	-19.01	-12.
1.88	8.50	1.63	9.42	1.33	16.46
123.65	-19.28	16.20		-2656	11.89	4.62	1.51	4.38	10	-4.79		148.74	4.56	-4.99		1256	1153	1801
153.64	11.05	-4.82		2024	627	1747
153.71	10.95	-4.56		2006	613	1741
157.09	9.51	1.89		1424	-12	2042
156.96	9.57	2.04		1483	-37	2068
-178.34	21.31	-1.15		2588	1328	2407
-176.48	21.77	-1.35		2614	1522	2408
-121.83	38.15	5.51		4224	5092	3324
-119.93	38.10	6.18		4319	5142	3379
-101.71	17.16	30.38		4465	3746	3689
-100.37	16.01	31.39		4541	3742	3807
-147.74	-47.54	72.85		2630	-4225	9425
-149.29	-49.40	75.14		2686	-4218	9635
167.55	3.72	-167.25		-250	2491	15149
169.83	6.24	-167.84121	172.52
167.05	-156	14154
-.69	26.72-86	25.09	-.29	15.37-.01	15.961.13	105.2
171.51	-46.78	107.10		674	-6