-82.08	12.63	-15.65		-1146	1803	1064
-81.60	12.45	-15.59		-1108	1751	1060
-75.98	6.53	-10.54		-312	1122	855
-75.81	6.27	-10.39		-286	1085	855
-72.70	-2.23	-5.02		627	232	1027
-72.65	-2.45	-4.88		640	210	1045
-70.74	-14.03	-0.44		1660	-763	1675
-70.27	-14.50	-0.41		1732	-799	1709
-62.93	-28.22	-6.78		1953	-2106	2587
-62.51	-28.62	-7.14		1950	-2108	2613
-3.45	-49.26	-72.72		2342	-4244	8150
-0.59	-48.81	-75.82		2396	-4265	8348
17.36	-22.36	-80.55		3968	-3383	7536
16.61	-22.00	-78.89		3857	-3221	7359
-0.28	-15.71	2848
-.84	-30.5
-.75	-29.4
-.96	-12.06		1501	1-.98	-12.7-13	-21.06	-6	-20.66		-0	-6.84		370	2646	1659
-81.05	8.72	-6.50		419	2657	1655
-94.96	23.62	-3.86		775	4323	1942
-94.98	23.59	-3.85		818	4322	1922
-75.09	11.76	-0.14		569	2774	1302
-73.76	11.28	-0.02		551	2751	1288
-2.38	-21.42	-30.06		3933	314	3190
-0.80	-21.78	-32.40		4042	127	3363
16.36	-7.76	-51.81		2619	-1929	3958
16.76	-7.54	-50.18		2611	-1563	3814
22.87	-4.21	-20.28		1656	1556	1525
23.07	-4.12	-20.19		1645	1581	1552
19.29	2.39	-14.10		187	1637	1353
19.50	2.45	-13.68		154	1692	1351
155.35	1.27	-64.23	154.81	0.56	-64.09	102	-0.97		160	0.18		25	20.84	22	21.44	18	49.74	15	49.93	18.26	33.02	49.33		-2747	6251	4798
17.95	32.74	49.13		-2722	6231	4765
23.64	25.01	32.59		-2433	4155	3198
23.37	24.86	32.36		-2410	4178	3169
20.90	22.16	21.59		-1999	3151	2156
21.12	22.12	21.30		-1998	3117	2133
21.28	28.89	10.56		-2158	1843	2308
20.93	29.32	9.87		-2207	1645	2318
36.81	26.76	-16.67		277	-1404	1965
38.37	26.38	-17.33		459	-1460	1970
70.64	14.03	-16.45		2552	797	1945
70.98	13.77	-16.09		2494	846	1925
90.07	13.98	-8.23		1717	1333	1787
90.81	14.06	-8.12		1733	1320	1786
1146.04	26.28	71.91	
-998	15513
-93	-154.76		222	-1