-123.36	-20.50	7.34		-977	883	1601
-125.32	-20.38	9.65		-775	718	1640
-125.28	-20.36	9.66		-782	718	1643
-122.06	-21.16	10.05		-604	658	1639
-121.98	-21.27	10.08		-603	644	1646
-121.78	-24.89	11.40		-704	166	1750
-121.79	-24.90	11.42		-699	162	1751
-150.16	-25.79	10.32		-1604	1263	1780
-152.44	-25.84	9.97		-1741	1299	1776
146.13	-22.39	-2.71		-1041	3734	1470
145.66	-22.41	-3.04		-1003	3738	1504
142.17	-17.58	-6.79		429	3768	1630
142.16	-17.48	-6.61		417	3740	1636
139.26	-14.76	-2.16139.02	-10.70	-1.24	1.24	-4.19	120	-4.25	18	-2.89	136.66	-7.	1265
14	-1.53		1740	2121	-1.03		-159.79	6.41	36.89		3389	-1698	3244
-158.85	6.29	37.35		3364	-1739	3234
-124.44	-5.52	40.12		4125	565	2720
-123.78	-6.37	40.11		4039	597	2789
-112.70	-16.17	30.02		2592	637	2206
-112.53	-15.83	29.50		2547	664	2156
-109.08	-8.90	15.74		1284	1784	1655
-108.97	-8.89	15.55		1274	1812	1654
-107.17	-7.71	8.10		380	2166	1628
-107.24	-7.68	7.90		336	2158	1613
169.21	-3.79	138.08		-10224	2175	19772
-172.95	2.44	143.28		-4900	2887	19191
0.86	8.38	7.09		-1587	2389	3951
1.79	6.85	8.69		-1267	2945	3907
-10.73	-15.74	-0.51-58.10	-6.21	-69.44-.23	-53.0
-109.29	10.33	-52.67	-79	-41.67
-100.05	1.51	-41.94		-3329	2-.85	-114.290
-.25	-149.-39.48	-10.25	-149.38		-3492	-271	13528
-25.36	-11.59	-113.86		-3321	-4271	9285
-24.63	-11.56	-112.02		-3208	-4401	9039
-10.24	-15.40	-21.43		1682	1157	1368
-9.84	-15.58	-19.64		1761	1393	1349
-3.07	-25.23	4.71		3485	3948	1860
-3.27	-25.02	4.73		3411	4031	1836
-8.63	-15.40	-3.18		1780	2842	1579
-8.66	-15.10	-3.36		1763	2830	1575
-3.74	-0.85	-4.70		-222	2764	1374
-3.62	-0.59	-4.57		-244	2789	1357
-86.15	8.75	-6.42		733	4067	1738
-86.77	8.69	-7.26		577	4072	1776
-101.16	5.89	-17.53		-607	3053	1955
-101.33	5.82	-17.56		-913	3051	1799
