-135.79	-62.79	73.25		3416	-3106	752-137.22	-61.34	75.92		3698	-3161	7546
-156.80	-31.44	102.76		3124.71	105.15		3356	-3570	9096
155.80	-34.88	104.-2.74	94.76		4723	-3582	7036
-2.45	94.66		4728	-3483	699-128.37	-15.91	73.28		4921	-2337	4229
-128.04	-15.78	73.03		4911	-2191	4238
-108.47	-20.70	45.98		3711	-215	837
-108.68	-20.51	45.77		3758	-112	826
-146.43	-26.53	68.94		2468	-3657	4318
-148.30	-26.63	69.88		2348	-3795	4406
-179.65	-30.32	88.77		-199	-5542	6044
179.57	-30.38	88.94		-321	-5548	6081
161.12	-30.66	78.39		-3963	-5593	4867
161.45	-30.47	77.67		-3922	-5567	4777
-173.01	-26.28	49.26		-1664	-4050	1459
-172.85	-26.36	48.96		-1749	-3980	1446
-0.52	21.509
-164.19	-2-1018	-45-1.23	-72.1
-0.96	-74.4
-.66	-120.1-49	-120.90
41	-166.66
34	-164.40
-64.22	-41.24	-83.40		-7171	302	7383
-65.66	-41.28	-82.66		-7261	364	7307
-71.81	-64.18	-62.49		-5871	-1083	7416
-83.15	7.30	71.15		-14896	8066	14940
-78.14	-9.96	-45.65		-5760	1228	3692
-78.05	-8.50	-45.30		-5731	1406	3565
-77.45	-50.14	-24.87		-2648	-2469	5617
-78.20	-52.45	-23.57		-2521	-2682	5744
-80.31	-37.33	-18.49		-2453	-1135	3034
-80.08	-35.60	-18.97		-2537	-974	2903
-78.42	-29.24	-14.71		-1697	-313	2772
-78.76	-30.51	-14.18		-1572	-400	2900
-74.01	-28.84	-14.10		-1430	-329	2076
-73.91	-28.21	-14.22		-1466	-256	2034
74.54	-24.96	-3.71-		-118	342	1705
-718	-6.93		-740	23-.20	-6.88-.77	-7.96-8	-8.18	-.24	-34.2-		-5112	9774	-112317.52	19.19	-12.08		-6621	-1512	3952
19.59	14.64	-11.27		-5863	-1300	4112
45.65	-33.53	18.38		504	5482	1685
46.39	-32.87	17.76		394	5375	1661
70.80	-1.41	-16.73		2214	448	1349
70.84	-0.54	-17.47		2244	373	1400
30.10	19.00	-94.33		2690	-2694	9735
27.53	18.49	-97.46		2347	-2834	10049
-20.56	-6.59	166.43		-1053	5448	14870
-20.83	-6.31	164.31		-880	5581	14848
46.81	41.39	133.13		-2304	6793	12643
50.49	42.40	133.93		-2432	6694	12687
162.23	51.73	-171.00		-3564	5140	12824
163.40	52.00	-169.77		-3589	5132	12787
739	5928
-170.97	28.45	-69.71		553	8930	5849
4	4.49		-45.56		-859	2883	2630	30.96	3372	35.78	317	35.89	51.50	-41.19	57.04		-2548	7135	5755
51.87	-41.60	58.06		-2740	7043	5845
35.23	-42.01	125.18		-6434	5350	9874
34.67	-41.34	126.66		-6431	5400	9958
66.01	-22.78	91.63		-6301	4376	7059
66.77	-22.15	90.01		-6256	4289	6860
49.44	32.12	24.01		-4535	-262	3773
47.96	32.63	21.89		-4485	-448	3785
26.04	18.72	-45.89		1098	-4178	5752
25.66	18.28	-47.25		1075	-4233	5845
41.97	-11.12	-100.25		3884	-3037	10160
41.67	-12.24	-101.99		3726	-2993	10327
-19.40	-13.08	160.49		-1208	7203	14498
-22.03	-11.48	157.92		-732	7364	14542
-176.53	0.64	2373
