-4.72	-28.-3.49	-29.6
-5.48	12.3-5.75	15.40		-2061	1042	2135-.77	175.61
-177.19	10.64	179.031.20	0.392	-34.26	-9	-20.17	
-2	-20.65	36.10	16.38	-67.47		3845	-1989	6757
35.81	16.70	-68.83		3833	-2050	6868
45.42	8.68	-26.86		1110	993	1761
45.08	8.23	-25.91		1121	1127	1652
35.63	14.43	-35.93		1478	-849	3221
35.15	14.96	-36.83		1495	-1007	3296
36.36	14.78	-31.15		866	-584	2389
36.34	14.41	-30.55		858	-496	2325
33.11	10.78	-25.23		748	239	1936
33.02	10.93	-25.37		737	201	1959
31.75	13.81	-23.17		198	169	1952
31.77	13.80	-22.98		182	193	1942
32.14	13.57	-19.66		12	559	1689
32.16	13.58	-19.67		10	556	1688
30.83	13.0	1782
3	195	411	1774
36	-20.46	37	-20.46	36	-21.50	30.40	13.6719
36	-19.41	329.37	13.16	-19.36		-9	624	1673
29.16	13.15	-19.27		-25	629	1666
28.66	12.49	-17.70		-49	945	1578
28.62	12.54	-17.80		-50	940	1584
30.35	12.71	-17.69		-17	858	1701
30.42	12.67	-17.56		-16	874	1691
31.33	11.34	-14.50		-110	1267	1492
31.38	11.30	-14.50		-102	1280	1498
31.09	10.34	-15.55		24	1103	1724
31.06	10.32	-15.57		36	1102	1723
29.98	10.77	-15.96		49	1067	1646
29.97	10.79	-15.93		45	1066	1643
29.55	13.05	-17.05		-125	829	1708
29.55	13.11	-17.10		-122	818	1711
30.78	15.3	-219	1766	1100
0.83	15.55	-11.88		-262	1786	1094
-.30	-138.1675
47	28.79		40	27.21	1.92	1.69	1.50	0.83	6	5.82		-68.26	30.22	6.90		-2663	-993	4239
54.26	26.28	32.05		-4323	2733	3791
53.96	25.76	32.13		-4330	2802	3713
37.81	11.69	33.97		-1996	4012	2725
38.28	11.43	34.19		-2014	4087	2720
127.34	12.21	50.73		-2946	-869	3365
129.78	12.62	51.94		-2943	-1240	3403
151.88	5.84	49.57		-1907	-2031	3883
151.72	5.10	49.20		-1978	-1964	3820
174.37	-11.50	23.71		-2355	1039	1921
174.90	-11.42	23.31		-2378	1081	1895
175.17	2.27	12.10		-8	1823	1856
174.24	2.63	11.87		8	1832	1846
132.94	10.30	2.60		1451	2338	1790
131.97	10.30	2.59		3	13.77		-3	13.53		4	5.84		34	5.70		35	-0.57		15	-0.82			1562
6	-6.51		6	-6.68		57.30	13.41	-9.11		1094	-485	2368
57.23	13.72	-8.86		1047	-517	2407
57.50	12.59	-3.72		619	-78	1984
57.82	12.37	-3.75		657	-64	1984
69.31	8.22	-0.81		749	694	1838
69.65	8.12	-0.63		750	720	1839
85.32	2.88	5.64		1300	2228	1816
86.04	2.96	6.09		1410	2358	1769
160.34	17.10	54.16		-2499	-2816	4607
162.39	18.49	55.09		-2409	-3022	4760
160.56	54.41	44.21		6433	-3048	3532
161.05	53.73	43.87		6908	-2822	3644
154.37	20.54	36.69		-634	-1860	2281
154.44	21.09	36.31		-382	-1646	2393
