-125.78	35.11	126.38		4053	-3471	10252
-126.12	35.20	125.99		4063	-3501	10210
-139.81	37.96	109.23		4006	-4421	8374
-140.21	38.02	108.75		3996	-4447	8316
-158.42	41.34	85.29		3501	-4946	5764
-158.93	41.49	84.56		3544	-4895	5704
-168.97	37.44	67.47		3448	-4033	3855
-169.12	37.19	67.55		3348	-4047	3816
147.44	32.04	69.23		-2829	-5698	3539
146.58	31.60	68.97		-2963	-5571	3525
113.66	-5.60	60.56		-7734	886	2414
113.19	-7.06	60.36		-7855	1080	2309
103.58	-77.96	71.69		-7762	4884	8306
97.75	-79.61	75.96		-7842	4987	8498
-83.74	-44.51	-83.3
-83.93	-44336	9211
-114.65	-3	1023	573-9.27	-43.7
-4.07	-24.1
-143.17	-33.79	-24.-2.87	-8.4
-117.87	-33-138.05	-44.82	99.35		4093	-1543	8744
-137.39	-44.69	99.82		4334	-1367	8739
-87.87	-30.38	-2.35		-1884	-803	2594
-87.38	-28.38	-4.21		-2102	-524	2474
-87.93	-7.91	-19.95		-2660	1650	2400
-88.11	-8.52	-19.44		-2597	1604	2463
-96.30	-19.32	-5.65		-893	344	2258
-96.20	-19.19	-5.72		-915	407	2230
-98.95	-29.58	15.02		1452	-1113	3863
-99.34	-29.85	15.88		1546	-1236	4025
-59.96	-6.95	-26.88		-3047	94	2163
-58.63	-6.00	-28.72		-3272	270	2110
179.79	30.64	-69.98		-1895	11826	13824
-174.10	22.10	-76.16		-39081.58	-21.5188	-22.65-.40	-61.64
-166.85	-26.01	-61.44		-1593	7261	517-57	-49.01-14	-48.2913	39.67		106.36	33.70	41.05		-5910	-2373	6197
82.64	24.13	35.78		-4419	-622	4312
81.61	23.59	35.20		-4432	-394	4288
64.29	7.19	30.41		-3342	2476	3068
64.27	7.02	30.29		-3331	2514	3040
61.08	9.97	18.57		-2047	1337	2416
61.00	10.05	18.28		-1994	1325	2413
58.31	9.73	10.82		-1210	1052	2170
58.23	9.68	10.69		-1199	1045	2166
56.95	9.81	7.05		-878	808	2096
56.91	9.82	6.96		-862	801	2097
59.73	8.13	3.78		-233	394	1869
59.77	7.97	3.69		-211	363	1871
54.02	5.46	1.50		-189	792	1728
54.18	5.65	1.45		-238	740	1711
46	-154.50
49	-157.93
1.84	100.26
112.35	-691576	7423439	-179.229
484	-179.0