-147.39	-9.39	1.86		-438	2165	-1687
-147.51	-8.79	2.02		-318	2198	-1625
-159.70	41.28	-7.02		6269	6512	1981
-159.90	43.09	-8.11		6420	6730	2250
158.30	60.18	-64.54		7404	9111	7131
160.52	59.53	-63.57		7281	9386	7065
-124.49	-5.92	-16.31		-1568	4157	587
-124.16	-6.26	-16.59		-1583	4131	516
-144.45	43.01	-52.30		-259	11697	5891
-144.70	43.85	-52.93		-19	11625	5891
-133.63	37.33	-50.97		-1697	9337	5981
-132.66	36.16	-49.98		-1755	9177	5821
-108.70	-21.37	-14.47		-1820	1479	1841
-108.61	-21.78	-14.08		-1802	1364	1799
112.52	-1-112.46	-17666	1479
-9.48	-1.15		-353	-9.47	-1.0
-1.02	-0.8-1.13	-0.8-2.99	1.44-2.92	1.51-107.31	-20.80	3.76		204	859	1574
-107.21	-20.77	3.74		207	873	1577
-104.74	-19.77	3.21		256	1049	1520
-104.69	-19.77	3.19		252	1052	1522
-102.19	-20.21	2.32		237	968	1647
-102.08	-20.21	2.28		236	972	1652
-98.17	-12.92	-5.43		-221	2304	486
-97.76	-12.66	-5.89		-194	2416	399
92.12	37.72	155.52		-3883	9290	14224
93.62	41.58	155.62		-3543	9674	13803
-14.41	51.40	17.71		-4359	6025	6313
-13.87	49.88	17.44		-4205	5847	6101
-15.32	16.00	3.42		-1470	1751	2623
-14.92	15.62	3.48		-1423	1755	2598
-9	-3.80	-	-3.85		1	-7.25		31	-7.34		14	-6.24		11.53	-1.11	-6.22		-1	-6.12		2000
33.50	16.82	6.25		-1683	1125	2022
36.63	17.88	6.77		-1838	1054	2106
160.66	60.98	89.70		-1818	-4698	6593
166.76	60.81	94.00		-1465	-4702	6595
-56.87	10.15	-174.46		454	2089	15448
-54.26	8.06	-172.87		215	2169	15487
-41.60	-54.61	-103.23		-4616	-952	9374
-42.44	-55.40	-101.85		-4578	-890	9236
7.31	-65.90	-151.94		-4908	-767	10548
9.24	-65.38	-154.18		-4905	-714	10660
40.72	-42.62	169.66		-4228	-376	12446
40.62	-42.88	169.90		-4244	-451	12449
-60.96	-63.05	-100.37		-6359	839	7168
-64.32	-62.41	-97.45		-6415	914	7011
4		-5046	-1543	53062.50	-67.98	-64.27		-4612	-1781	5394
-4.11	143.7
-166.75	-32.66	144.
11	151.56	15	150.23	92	108.05	
87.56	-1.38	107.88	
