-89.42	-2.95	-0.73		-43	28	1315
-89.44	-2.96	-0.75		-49	33	1317
-89.84	-3.65	-1.28		-139	-55	1355
-89.84	-3.65	-1.27		-140	-56	1352
-90.07	-3.19	-0.49		-11	23	1349
-90.07	-3.17	-0.47		-1	20	1349
-89.23	-2.98	0.07		45	41	1316
-89.18	-2.99	0.12		60	42	1321
-88.68	-3.09	0.63		161	36	1347
-88.65	-3.09	0.64		169	33	1350
-88.26	-2.79	0.37		143	67	1345
-88.23	-2.78	0.35		137	66	1340
-87.63	-2.59	0.57		176	89	1325
-87.62	-2.61	0.57		175	85	1326
-62	1.84	-85.71	-1.280
-35	4.85		-32	4.94	-04	4.00	-6	3.87		-85.18	-1.312
-43	0.35		-60.41	-14.66	-8.84		57	-1836	1802
-58.70	-14.98	-9.25		142	-1868	1787
32.93	-6.13	-50.56		5602	-928	4753
34.35	-4.78	-52.28		5690	-1070	4874
39.14	19.51	-54.04		3558	-1890	4320
39.55	19.33	-52.95		3503	-1755	4239
42.23	4.04	-17.49		2064	1794	927
42.26	3.88	-16.75		2005	1895	870
-70.81	9.83	-145.15		-7163	5075	21724
-72.44	1.43	-148.95		-5972	679	20868
106.02	-42.96	-2.63		-2502	7310	5077
106.94	-41.22	-4.14		-2306	7156	4874
141.49	-11.49	-27.54		536	5470	2627
142.08	-11.28	-26.94		494	5407	2575
00.25	0.67	15.62		11	15.60		-2392	1434	2547
9	15.04		91	14.96	86	12.50	80	12.44		7	6.54		-77	6.41		-77.87	3.40	4.86		-571	1523	2171
77.81	3.54	4.81		-561	1508	2162
61.79	9.37	2.93		-1019	750	2394
61.70	9.47	2.90		-1038	728	2409
68.89	11.95	-1.82		-434	241	2288
69.04	11.92	-1.87		-426	277	2277
83.57	11.03	-6.89		709	324	2295
84.20	11.07	-7.12		771	320	2298
113.86	9.29	-13.41		2054	1971	2452
114.65	9.33	-13.45		2068	1919	2449
144.71	4.63	-16.63		1470	2897	2498
144.56	4.48	-16.67		1447	2895	2503
134.01	12.71	-14.04		2135	1263	2168
133.95	13.07	-14.00		2168	1211	2177
126	-7.64	114	-7.63	