120.99	4.62	10.51		-19	646	2074
120.95	4.66	10.52		-16	636	2081
120.83	7.06	9.88		247	414	2134
120.87	7.09	9.86		252	408	2134
122.36	7.48	10.44		269	375	2264
122.34	7.45	10.45		263	373	2270
121.34	3.60	11.92		-146	638	2065
121.34	3.52	12.05		-170	631	2062
122.50	4.73	14.55		-245	349	2120
122.51	4.82	14.49		-228	351	2129
122.27	6.60	13.43		-2	266	2146
122.24	6.60	13.43		-11	266	2142
123.04	5.74	11.99		146	435	2141
123.10	5.73	11.99		152	443	2141
124.69	5.89	13.44		80	395	21123.18	5.271
12	10.63	10	10.66		18	12.43	112.42		112	11.40	12	11.40		4136	15.27	132.63	12.47	15.34		597	-422	2301
146.36	17.54	22.94		1011	-887	2773
147.08	17.83	23.54		1038	-935	2794
166.10	22.09	37.28		1823	-1749	3597
166.15	21.88	36.97		1833	-1726	3557
-179.04	9.19	24.78		1517	461	2186
-178.44	8.74	24.74		1484	460	2176
-173.43	3.17	23.83		688	645	2393
-173.15	3.40	23.90		759	676	2399
-178.83	5.00	21.54		880	620	1906
-179.32	4.87	21.35		807	617	1909
173.19	-1.22	22.36		552	5448	-1323
173.17	-1.39	24.52		564	6210	-1574
-15.38	-24.52	-6.99		2384	2571	5830
-14.99	-25	60.87		--3	-0.98		-9	-1.27	1.06	162.1
101.10	-132
156	-34.45193	-31.2534.99	60.70	-158.11		5084	4616	12206
38.83	57.27	-159.31		4656	5221	12762
-143.37	-56.77	93.25		3943	-2129	7994
-137.21	-56.44	87.76		4099	-2123	7595
-47.14	-8.14	35.16		2581	3317	2222
-45.92	-7.47	35.53		2447	3612	2242
-44.95	-2.26	35.08		2306	3651	1704
-44.66	-2.72	34.79		2340	3562	1705
-40.57	-11.21	21.93		1513	1912	1405
-40.49	-11.23	21.94		1508	1976	1395
-42.39	-26.81	23.76		2988	1383	2166
-42.92	-27.87	23.63		3112	1182	2289
-15.07	-50.70	8.43		5205	-1612	3315
-13.79	-50.73	8.45		5098	-1617	3343
17.23	-48.928.79	-35.4	2117
-4	9.25		-7	9.01		793	-47	7-00	14.69	-13.86	20.-3	25.14		-1655
-9	26.20	