74.82	41.49	43.26		-4524	3190	3601
76.48	41.18	42.59		-4387	2922	3564
85.57	18.13	31.44		-3690	2075	3045
98.43	45.3798.54	46.86	32.64		-2946	-1832	4370
95.81	5.45	19.22		-2055	2459	2171
95.92	3.21	18.78		-2083	2841	2254
101.17	-23.93	7.33		-763	5946	2247
101.37	-23.55	7.32		-789	5856	2254
85.94	-1.35	11.41		-1244	2558	1965
85.86	-0.76	11.45		-1269	2546	1944
123.24	33.59	14.59		603	-972	3154
123.08	35.28	15.25		587	-1196	3271
127.95	49.84	37.46		-619	-2710	4790
127.49	48.82	36.75		-622	-2577	4656
111.54	25.15	18.49		-706	-117	1162
111.52	24.90	18.33		-698	-85	1178
105.37	14.07	13.10		-361	1382	2314
104.05	12.83	12.74		-443	1548	2372
105.17	11.25	9.80		-490	1418126	10.22		-375	1247	2153
130.75	35.21	18.16		1125	-1155	17.68	169	14.74	161	14.82	14	15.54	141	15.53	123.83	12.64	17.26		-390	1163	851
123.90	12.60	17.35		-339	1215	817
-95.83	10.16	-140.98		-9086	8515	13257
-95.24	6.37	-138.24		-10195	8219	13357
-118.61	15.19	-8.60		216	3263	2359
-118.31	16.26	-8.08		281	3374	2272
-108.39	3.69	-3.30		-1174	1671	841
-107.76	2.49	-2.90		-1120	1517	845
170.76	-62.84	122.86		1809	-1171	10874
165.44	-61.63	127.15		1575	-1037	11227
77.20	-55.80	178.24		-1654	-2065	13139
72.44	-57.16	179.38		-2020	-2006	12914
-108.82	-83.40	-67.58		-6278	1898	7629
-116.59	-8-.33	0.26	-8.14	0.07
-1.44	-0.38-0.56	-0.0
-6.68	17.2-6.79	17.9-44	33.37	-40	33.46	-133.63	20.13	40.37		5055	1308	3986
-133.69	20.23	40.58		5074	1287	4032
-154.48	16.11	38.97		3988	48	3359
-155.22	15.38	38.95		3849	-33	3316
171.69	11.18	41.03		969	-1398	3222
171.11	11.35	41.23		952	-1421	3206
167.58	-12.11	33.54		-708	-1287	3243
167.69	-13.78	32.60		-873	-1203	3280
-164.89	-37.51	-24.67		-3619	4376	4163
-141.42	-23.05	-30.12		-3191	4148	3178
-141.15	-22.77	-29.75		-3077	4105	3164
-142.77	-34.83	-11.02		-3042	1085	2928
-143.90	-35.35	-10.31		-3200	