124	3115
125	12.99	153	11.47	193	11.60	19	19.10	161	19.00	109.59	24.186	10.42	1893	-207	163	4.74	106.83	33.34	-0.64		1517	-175	2408
106.89	33.47	-0.84		1588	-149	2436
103.72	18.83	-1.51		1072	1385	1778
103.07	18.10	-1.48		1018	1465	1762
91.71	23.58	-1.96		669	646	1842
92.44	24.96	-1.89		718	500	1949
100.01	49.96	5.47		771	-2398	3749
100.13	49.06	5.23		790	-2308	3678
99.52	16.23	-3.29		883	1918	1173
99.83	16.03	-3.27		880	1973	1210
99.28	17.72	3.84		278	1156	1489
99.04	17.25	4.07		217	1199	1434
106.29	52.60	21.87		-3845	8838	2662
107.45	60.77	23.33		-4909	8492	5806
-3.37	-3.0-145.55	-1676	2243
-5.19	15.4-5.71	16.3
1.17	47.661.50	48.701.49	50.49
1.97	50.04116.17	-22.86	34.92		-3462	1830	2966
116.71	-22.56	34.62		-3403	1783	2909
157.80	-49.92	67.54		-3075	-3500	6123
155.82	-51.05	70.36		-3211	-3666	6266
118.30	-12.16	143.45		-2906	-879	13536
120.42	-10.03	143.36		-2865	-925	13634
167.97	18.31	134.87		-614	-3923	12413
167.34	17.20	134.39		-779	-3944	12341
-177.63	-0.33	133.20		1470	-3863	12292
-176.70	-0.17	133.72		1760	-3926	12389
-167.06	-13.99	114.25		3275	-5033	9754
-166.97	-14.46	112.93		3297	-5037	9545
-166.33	-7.93	101.01		2784	-5696	7680
9		5173	-4848	8087-164.38	-22773	4239
-3.58	71.9-8.01	26.4-7.21	26.6-55	36.86	-50	37.53	-5.43	54.1
-163.01	-15.98	54.11		1681	-4493	1569
171.48	-27.10	27.77		-2584	-878	45
170.44	-27.47	26.76		-2693	-636	57
137.58	-31.84	18.71		-4320	4385	-29
136.72	-31.67	19.42		-4472	4332	-74
126.74	-26.91	24.14		-3774	3550	-537
126.91	-26.87	24.04		-3718	3564	-535
117.18	-28.77	29.78		-4167	3773	183
116.05	-29.02	30.06		-4210	3887	226
88.93	-24.07	35.70		-4448	5970	296
90.05	-23.43	35.50		-4464	5792	233
109.68	-4.69	22.80		-2619	2108	-1210
109.82	-4.46	22.44		-2690	2138	-1253
117.57	-4.31	18.41		-1634	1964	-1320
117.45	-4.49	18.45		-1642	2017	-1324
14	18.12	11	18.18	12	18.56		-1318	411