-82.28	-32.57	-8.14		143	-1259	1739
-82.15	-32.04	-8.10		124	-1197	1748
-77.92	-12.64	-5.78		130	27.34	-0.60		325	2253	1389
-		563	146-89.01	-25.60	-0.32		581	114	1921
-83.74	-22.56	-10.07		-505	668	1832
-83.72	-22.28	-10.21		-533	710	1811
-82.88	-20.69	-8.25		-232	799	1658
-82.83	-20.81	-8.11		-204	793	1665
-83.22	-23.89	-6.00		75	398	1789
-83.24	-23.89	-6.03		67	389	1786
-79.65	-19.02	-4.91		347	898	1539
-79.61	-18.80	-4.83		369	906	1523
-74.77	-15.94	-2.45		538	2697	2530
-74.73	-16.50	-2.48		593	2532	2486
-83.16	-20.28	-5.25		-62	975	1863
-83.53	-20.24	-5.33		-107	968	1857
-80.18	-17.78	-2.78		497	1233	1613
76.64	-20.32	-3.31	-5	-14.89	-5	-15.62	-36	11.35	-81	8.21		-3367	14238.17	-19.	1950
350	-1.17	-15.19	24.11	-56.23		-1824	-1090	6137
-16.91	24.91	-57.67		-1831	-922	6510
-98.62	57.16	-103.01		-6134	2322	9862
-98.35	58.66	-101.94		-6069	2423	9831
-32.76	57.55	-5.86		-3941	5087	4426
-34.09	56.84	-5.70		-3835	5067	4340
-40.06	37.20	-2.67		-2493	4091	3067
-39.61	36.76	-2.52		-2466	4067	3021
-30.52	27.65	2.19		-1496	3652	2339
-30.31	27.52	2.26		-1478	3648	2344
-28.69	21.78	-2.31		-1108	2579	1839
-28.79	21.63	-2.54		-1109	2544	1822
-32.16	17.63	-9.23		-1042	1515	1634
-32.16	17.54	-9.31		-1036	1490	1631
33	-6.20	12.17	25.98	-6.39		-526	18-118.25	7053
-.45	-155.2538
-	-147.31	-80.16	6.531002	13646-99	-103.1-26	-89.75
39.05	-29.94	-2.77		4739	5460	3335
38.95	-31.87	-2.70		4955	5636	3477
20.02	-60.88	2.61		6329	4990	6409
19.46	-61.19	2.54		6306	4912	6438
-29.50	-70.39	25.04		7416	1431	7213
-32.51	-70.22	26.45		7373	1284	7231
-34.97	-70.88	1.74		5308	-1127	7295
-31.30	-71.06	-1.39		5376	-1093	7344
85.47	-42.24	-103.42		5308	-350	10633
87.20	-41.49	-105.44		5336	-345	10805
114.26	-20.96	-179.39		1863	-1039	13557
114.59	-21.17	179.71		1422	-848	13497
126.94	-28.57	173.14		1719	-1996	13371
127.70	-28.90	173.25		1749	-1973	13344
122.24	-50.53	162