59.39	47.93	-39.24		1865	-2711	3962
60.12	47.78	-37.88		1811	-2772	3932
77.18	8.00	1.63		-718	2753	1190
76.61	6.84	2.05		-728	2945	1196
74.88	6.01	1.05		-549	2342	1444
75.02	6.74	0.65		-420	2258	1406
75.10	55.15	-31.68		3107	-2549	4745
74.43	56.35	-32.50		3162	-2598	4831
69.52	25.83	5.58		-1811	1502	2002
69.09	24.24	5.70		-1785	1619	1902
59.64	-7.85	3.94		601	4504	1653
59.47	-7.69	3.90		601	4504	1708
35.18	4.85	3.59		-123	2644	1961
34.52	4.45	3.93		-111	2691	1938
29.54	-6.11	16.02		500	4581	1960
34.07	11.272	-3.70		2	-2.73		237	16.08	3	16.45		28	42.09	2	42.90		1	60.09		18.12	6.15	59.78		-1887	7497	3470
49.84	14.34	-19.72		2021	-309	2635
50.14	15.36	-22.40		2227	-569	2806
55.42	45.48	-61.54		4939	-2262	7126
56.21	45.07	-60.36		4931	-2291	6952
68.39	22.80	-30.83		3065	-45	2731
68.72	23.05	-30.74		3058	-32	2777
88.42	25.32	-20.21		2435	179	3387
88.96	24.57	-19.48		2396	218	3302
107.40	-9.52	17.09		130	6539	70
109.61	-9.03	19.27		874	7377	-484
-49.02	-35.32	48.26		4966	5833	11859
-46.04	-29.65	54.27		4431	7177	12171
-25.51	78.65	79.09		820	9357	6410
-35.28	77.79	69.01	.53	31.00111.42	23.100	-172.9
175	-17.40186	-16.2476	-177.8287	-178.39
1.56	163.35
-55.50	-65.10	-2.04		2549	-2690	6187
-56.04	-63.75	-2.18		2476	-2589	6085
-132.25	-59.67	77.33		3358	-4184	8469
-135.76	-58.56	80.72		3344	-4289	8521
-155.37	-2.31	102.36		3094	-3531	9122
-155.32	-1.85	101.93		3390	-3066	9065
-130.97	11.75	99.25		5881	-2456	7639
-129.37	12.37	99.12		6045	-2293	7655
-118.89	23.16	84.52		7733	-807	5740
-119.50	23.11	83.72		7685	-822	5636
-171.50	8.52	73.68		656	-3139	4395
-173.40	7.83	74.73		412	-3309	4596
147.88	-20.68	88.84		-5833	-3954	6526
148.21	-20.76	88.58		-5854	-3999	6478
120.29	20.95	40.32		5085	2420	627
120.04	2007	636
-95	475
-11	43.29	-0.53	44.4
-176.89	-1-3008	757
173.96	-7.428	731
131	45.90		-1998	-3-165.85	1.03	34.34		896	-1812	-412
-165.71	1.16	34.15		924	-1779	-436
-167.00	3.07	31.28		963	-1252	-673
-166.90	3.11	31.32		984	-1260	-671
-168.17	1.45	31.13		833	-1396	-698
-168.40	1.29	31.07		786	-1391	-704
-175.97	-3.07	29.18		-429	-1373	-815
-176.07	-3.13	29.11		-442	-1363	-823
-168.67	-0.35	25.71		234	-764	-976
-168.30	-0.25	25.69		302	-738	-961
-169.16	-2.16	27.76		-10	-1264	-935
-169.34	-2.18	27.69		-43	-1256	-939
-167.84	-0.38	24.96		408	-628	-1117
-167.87	-0.51	24.97		419	-623	-1113
138	34.77	