100.60	21.26	-0.86		481	-267	-1392
100.30	21.37	-0.77		462	-312	-1399
95.91	23.15	0.61		65	-460	-1254
95.73	23.20	0.58		77	-468	-1266
90.61	23.35	-0.52		21	-474	-1214
90.53	23.35	-0.60		12	-474	-1210
90.67	22.33	-0.48		262	-117	-1297
90.72	22.36	-0.40		235	-131	-1298
91.42	23.76	-0.94		247	-728	-1229
91.39	23.75	-1.02		273	-737	-1227
90.21	23.22	-3.01		800	-759	-1233
90.20	23.17	-3.00		805	-797	-1242
92.07	22.04	-1.76		655	-258	-1315
92.19	22.04	-1.69		672	-253	-1314
93	2.69		-96	2.67		90	-0.21	92.06	24.31	-0.34		95	-2.43		94	-2.32		950	-419	97	8.09		97	8.15		-100.76	24.14	8.64		-985	-939	-1128
100.75	24.22	8.59		-1020	-930	-1126
99.74	28.90	6.34		-598	-1905	-908
99.72	28.92	6.26		-597	-1905	-905
98.47	26.77	3.01		168	-1200	-1096
98.48	26.73	3.00		174	-1183	-1097
98.71	28.89	4.93		-277	-1887	-936
98.71	28.92	4.99		-279	-1914	-934
98.42	26.92	3.89		-178	-1287	-1105
98.38	26.88	3.83		-182	-1256	-1112
86.41	30.76	-0.92		-518	-2542	-915
86.03	30.75	-1.20		-498	-2612	-923
92.63	21.77	-7.71		1744	-490	-1000
92.73	21.56	-7.76		1775	-474	-992
7-400	-685	-1450
78.72	21.86	-0.97		-433	-69777	-3.60	75	-3.75	75	-11.20	79	-11.34	5	-10.74	5	-90	-1701	-1045
64.00	23.36	-9.32		426	-1445	-1207
64.05	23.33	-9.21		427	-1424	-1220
65.57	20.59	-5.28		-270	-500	-1583
65.58	20.56	-5.32		-247	-489	-1580
68.41	20.20	-2.48		-431	-652	-1452
68.44	20.11	-2.43		-426	-606	-1469
62.36	20.49	-1.08		-899	-407	-1462
62.18	20.51	-1.06		-909	-415	-1465
57.34	19.68	1.49		-1459	64	-1568
57.50	19.66	1.60		-1433	74	-1595
56.15	16.80	8.05		-2758	1396	-1496
56.11	16.62	7.99		-2677	1419	-1507
49.34	14.57	3.27		-1781	1644	-1643
48.55	14.61	3.07		-1760	1644	-1664
51.33	8.07	30.05		5	31.16		-42	71.11	313	71.87	
345	60.03	
33.47	-11.927	4916
63	27.95		63	29.04		47.78	-1.81	45.99		-4005	7339	3890
46.52	-2.33	45.72		-3825	7328	3929
100.60	-3.37	20.23		-4206	3695	1558
101.74	-3.03	19.63		-4024	3653	1494
109.44	-1.33	26.66		-4353	1831	2796
109.35	-1.49	26.72		-4365	1857	2797
99.84	-2.76	21.98		-3436	2711	2487
99.44	-2.63	21.92		-3425	2684	2497
104.11	0.22	15.37		-2357	2181	2294
104.23	0.13	15.13		-2324	2228	2299
97.70	0.95	10.07		-1613	2244	2108
97.53	1.16	10.02		-1602	2213	2107
93.51	4.94	7.74		-1263	1929	2137
93.35	4.96	7.66		-1245	1944	2130
52.44	23.44	-17.38	31	-66.44	36.75	46.844	6052
67	8.75		64	35.38		-435.88		-39	50.07	31.18	20.14	50.21		-3143	5786	4163
29.00	13.33	44.69		-2094	5355	3145
29.03	13.15	44.51		-2089	5319	3122
32.41	7.82	31.54		-1418	4107	2076
32.72	7.73	31.08		-1373	4091	2045
30.96	12.86	19.60		-1263	2571	1541
30.61	12.88	19.37		-1224	2547	1530
28.30	14.13	14.54		-1125	2021	1158
28.32	14.00	14.28		-1090	2042	1134
33.20	8.49	-10.07		1479	-188	1348
33.30	8.55	-10.83		1513	-241	1384
48.75	25.69	-65.89		4625	-2141	7021
49.24	26.30	-68.03		4920	-2020	7227
55.21	49.53	-87.96		6299	-848	8895
79.52	29.03	-23.28		2112	-329	2072
84	-20.06	81	-20.34	92	-21.60	90.63	40.43	3250
95	-13.98	95	-14.01	13	-1.57		1136
109.01	-1.07	-0.77		-157	4286	1113
114.81	0.74	47.57		-2038	9290	2786
115.41	4.08	50.12		-2851	10048	3405
-16.58	-21.49	12.81		1835	3922	5424
-17.24	-19.58	17.91		1845	4586	5444
-30.07	34.85	25.43		-1078	5401	2169
-31.05	33.62	24.02		-1001	5306	2136
-45.88	-12.38	0.97		2130	-17	2252
-45.90	-12.72	0.39		2085	-111	2238
-99.83	-11.52	-8.19		-1398	482	2488
-100.87	-11.58	-8.10		-1395	401	2518
-87.94	-8.30	-1.71		-127	-29	1894
-87.76	-8.23	-1.58		-69	-65	1891
-80.37	-7.86	1.00		112	-367	1635
-97	-1.98	-67	-2.40	-4	-19.13	-4	-19.20	-1	-18.77	-0	-18.58	-63	2.07	