1.77	19.08	-25.82		-2405	-1227	-748
2.04	18.79	-25.81		-2349	-112	-26.71	2	-26.72		5	-28.51		5	-28.68		3	-30.13		330.04		-5.31	11.58	-26.54		-674	-1184	-973
5.32	11.57	-26.49		-682	-1165	-977
8.39	9.81	-23.33		-747	-1247	-1214
8.74	9.64	-23.11		-701	-1199	-1224
32.66	4.60	-7.78		82	2612	-1316
32.90	4.63	-6.53		-157	2820	-1224
19.68	0.73	48.73		-2616	9884	2699
18.81	0.48	50.15		-2601	9978	2894
12.34	-4.83	73.46		-341	11433	6847
13.13	-4.53	72.77		-471	11318	6700
26.06	29.12	2.95		-3600	3089	1198
26.21	29.82	1.40		-3546	2914	1135
31.97	21.85	33.07		-4418	6765	3320
31.38	20.85	34.31		-4352	6986	3351
9.26	4.41-9.32	4.51	44.75		-1	23.56	-6	23.29	-5	14.36	-2	13.93	18.59	7.28	-26.28	1	-28.14		37.03	27.19	-73.87		4030	-2771	6102
37.27	27.62	-72.73		3944	-2755	6024
37.99	13.65	-7.70		-1043	2168	1377
37.48	12.92	-6.81		-1024	2235	1334
26.01	6.82	1.50		-225	3354	1380
25.64	7.38	0.61		-239	3188	1386
41.20	29.73	-41.62		1261	-1027	3460
41.47	30.12	-41.66		1244	-897	3483
51.14	14.52	-12.12		-27	1069	1424
51.11	13.90	-11.56		-51	1185	1369
51.91	8.80	-10.73		361	1723	1592
51.96	9.02	-10.98		383	1688	1582
49.85	26.83	-35.15		1369	-1401	2900
49.73	27.22	-35.67		1385	-1450	2939
51.09	23.90	-24.26		398	-483	1916
3.51	18.69	-19.34	50	-15.83	57	-15.32	5	-4.21		5	-4.50		-58	-18.51	54	-18.45	6	5.27		-1367
64.55	6.47	6.22		-1570	2812	1273
-73.47	-18.20	-128.73		-8781	7905	16941
163.78	-45.71	4.07		-7735	2474	6136
165.37	-42.93	2.93		-7551	1975	6066
-157.71	15.09	-5.47		1707	2217	1550
-157.28	15.12	-5.14		1713	2213	1529
-147.45	-3.39	12.55		250	-687	1689
-147.34	-3.96	13.12		188	-766	1705
-130.49	-14.73	84.26		4883	275	8988
-131.26	-15.16	87.89		4722	385	9498
89.32	14.30	-96.40		6965	4159	8651
86.24	15.17	-91.81		7061	3621	8208
28.29	20.63	31.73		-4038	6117	3078
28.15	20.26	32.85		-3988	6253	3144
	-482	1966	1860
-40.26	12.90	-0.51		-424	205-9	-5.53		-9	-5.70		5	1086	1917
