-92.93	-0.-49	-3.76	-79.44	-6.88	-5.20		625	750	1976
-79.21	-7.05	-5.42		589	739	1997
-81.48	-8.91	-12.36		-426	418	2026
-81.66	-8.81	-12.37		-411	425	2020
-81.84	-6.34	-5.75		412	839	1816
-81.54	-6.40	-5.55		463	854	1801
-65.64	-27.62	-10.50		999	-1204	2634
-64.76	-28.61	-11.04		1029	-1284	2688
10.05	-52.19	-62.54		4317	-2139	6754
10.28	-51.48	-62.61		4323	-2254	6740
-10.43	-24.36	-27.83		1655	-400	2108
-10.52	-24.15	-27.40		1639	-272	2084
-8.45	-22.94	-25.08		2132	-201	2372
-8.79	-22.58	-24.73		2071	-174	2339
-91	-22.53-.86	-22.4-.16	-21.8-4		509	307	1818
-.82	-19.7-.67	-19.5-65	-5.12	-14.01	14.51	-4.91		-3305	3978	1571
-10.15	-59.85	-126.52		-11532	404	17511
20.05	nan	23.05		15935	2535	27624
-166.32	-3.51	-111.95		-4387	11128	9958
-163.84	-6.97	-113.06		-4562	10798	9704
177.51	-58.37	-45.81		-4246	6382	4861
176.00	-57.91	-43.40		-4228	6275	4755
142.64	-21.87	1.83		-2116	1821	1648
142.33	-21.19	2.10		-2050	1759	1628
140.25	-8.81	0.58		-706	978	1323
140.19	-8.85	0.43		-707	996	1315
140.76	-11.38	-0.78		-1078	1574	1040
140.67	-11.17	-0.64		-1048	1542	1056
135.35	-11.47	11.47		-2048	138	1482
125	-13.03111	-15.062	-109.62	18	-112.11-.06	164.970
-46.36	-24-.54	-162.0
-69.75	-44	4781	13004
-62.25	15.19	-67.05		-5749	1591	3541
-63.36	15.61	-66.98		-5864	1628	3514
-57.44	-12.40	-79.52		-5666	-822	4906
-56.41	-13.99	-80.63		-5509	-980	5051
-79.34	-13.35	-177.61		-2075	5003	16441
-79.49	-12.03	179.71		-1703	4880	16611
-142.95	25.47	91.99		3059	-3767	10287
-143.47	26.29	90.91		3002	-3776	10136
14.17	84.21	143.81		4690	7031	11143
34.14	84.55	160.94		4483	7430	10836
162.28	66.39	-65.34		5389	6310	6915
164.25	65.94	-63.43		5320	6322	6770
-156.74	49.22	-21.01		5153	5031	3544
-157.01	48.74	-20.73		5163	4985	3508
-.71	1.06	-178.48	24.285
40	-61.08	