40.48	2.8142.90	8.18	-4.23		98	2162	1626
42.95	8.37	-4.30		100	2124	1627
46.80	9.94	-5.90		256	1791	1850
46.92	9.88	-5.91		277	1790	1844
44.22	8.86	-7.61		376	1647	1683
44.10	8.89	-7.74		391	1632	1683
34.79	12.85	-16.40		381	499	2094
34.58	12.99	-16.78		426	461	2128
28.12	23.74	-33.20		483	-1312	2924
28.13	23.82	-33.15		485	-1374	2903
32.54	21.02	-20.46		-163	-53	1945
32.65	21.07	-20.29		-180	-39	1925
33.24	26.78	-18.51		-576	-260	2091
33.26	26.90	-18.41		-582	-255	2099
31.58	21.5	1607
33	-13.94	24	-14.60	20	-14.53	24	-15.04	23	-15.08	39	-13.54	35	-13.46	36.62	18.36	-12.93		54	824	1468
36.71	18.30	-12.93		70	847	1473
45.31	18.67	-16.50		740	771	1489
45.52	18.87	-16.65		741	726	1539
43.88	21.29	-12.51		-99	552	1620
43.50	21.30	-12.33		-161	593	1613
39.85	20.89	-10.54		-192	770	1623
39.73	20.66	-10.43		-174	801	1611
37.06	5.88	-0.72		66	2796	1574
36.77	5.56	-0.45		-8	2838	1405
-66.95	43.46	-132.53		548	4884	19383
-73.67	35.54	-140.05		1690	4138	20600
-99.97	-29.05	-134.39		-5764	5555	14878
-101.39	-30.88	-131.98		-5846	5671	14661
128.25	-48.20	-7.71197	-6.85	135	-6.62	159	-1.64	124.77	-15.00	2023
170	-1.30	151	-1.13	126	-1.34		-309	1166	1511
130.67	-2.26	-1.48		-288	1162	1519
133.96	-5.43	-8.60		64	2212	1774
133.96	-5.53	-8.74		44	2248	1795
131.99	-5.17	-7.51		-44	1982	1519
132.04	-5.10	-7.26		-73	1958	1508
139.94	-0.86	-3.30		-118	1032	1449
140.21	-0.63	-3.41		-84	1027	1454
146.95	8.01	-6.87		1371	667	1497
146.96	8.15	-6.82		1387	635	1502
133.49	11.01	-3.74		827	7	1359
133.43	11.14	-3.65		828	-11	1370
150.05	16.53	7.86		1030	-975	1878
151.20	16.48	8.53		1083	-1017	1846
-145.82	-3.93	47.41171.15	-26.32	169.26		3326	-.17	-100.9
-70	-98.67
