-148.18	11	1696
-.38	-8.12-30	0.08	-4	0.81		-146.59	-1695	3582
-7.05	33.7
-6.34	25.8-139.27	-11		783	-5-6.38	17.2-6.41	17.1-133.04	-15.09	15.43		-38	635	1870
-132.85	-15.06	15.40		-28	646	1876
-132.48	-16.95	17.40		-12	238	2145
-132.69	-16.99	17.53		-9	211	2146
-129.03	-16.54	15.68		-8	433	1943
-128.78	-16.45	15.50		0	449	1940
-129.65	-16.21	14.62		-48	527	1897
-129.70	-16.24	14.67		-50	508	1888
-129.76	-15.98	14.65		-52	565	1980
-129.80	-16.01	14.68		-59	563	1980
-128.77	-16.56	13.03		-197	636	1925
-128.73	-16.54	12.94		-206	645	1922
-129.93	-15.86	13.94		-109	652	1863
-130.04	-15.85	14.09		-99	636	1869
-139.32	-1-	-92	3481.15	107.0143	113.90	280	24.00	24	30.64	196	34.19	193	32.22	29.47	0.15	-50.38		1745	-3582	4483
30.33	-0.01	-52.65		1940	-3591	4693
24.58	-1.76	-134.76		399	39	11671
23.98	-1.59	-136.40		164	345	11809
8.57	17.35	-157.90		1146	-549	15894
8.94	17.20	-158.15		1146	-528	15847
26.28	-12.06	-141.80		218	-1958	12458
26.14	-12.64	-141.51		45	-1636	12589
24.94	-31.88	-134.03		-34	-3763	11246
24.77	-32.27	-133.71		5	-3782	11189
14.53	-39.74	-118.34		-695	-4951	9328
14.24	-39.98	-117.99		-687	-4993	9277
1.79	-48.50	-101.60		-360	-5186	7410
1.37	-48.54	-101.16		-390	-5226	7366
-4851	38625.50	-43-4830	3828
-.98	-56.51
-.81	-56.4-.48	-47.71
-37.17	-35-4151	175-.24	-39.2-.15	-39.0
-43.70	-29.60	-33.10		-527	-2950	294
-43.75	-29.47	-32.97		-517	-2850	278
-44.29	-26.84	-29.57		-763	-2460	-102
-44.33	-26.83	-29.41		2169	1125	-26230
-45.59	-24.64	-25.95		-708	-2118	-447
-45.62	-24.59	-25.87		-711	-2106	-455
-45.73	-21.88	-24.06		-710	-1686	-674
-45.69	-21.82	-24.06		-783	-1646	-681
-45.57	-22.05	-22.52		-418	-1607	-752
-45.56	-22.07	-22.52		-421	-1630	-753
-45.36	-22.75	-21.67		-235	-1682	-767
-45.33	-22.72	-21.64		-240	-1635	-796
-44.96	-21.87	-23.32		-1250	-1937	-649
-44.90	-21.87	-23.27		-1281	-2482	-779
-47.51	-201429	-997
-.63	-16.9
-	-28.62	-.66	-16.6
-50.44	-17.67	-16.2
-.30	-16.2
-50.59	-1933	-1167
