-6.17	59.3-163.25	-4645	4422
-6.20	46.21
-150.46	-46.04	46.15		158	-3654	2457
-156.90	-54.07	49.85		-1037	-4541	3257
-157.30	-54.50	50.05		-1089	-4559	3294
-170.08	-70.15	49.28		-3825	-4271	4511
-170.06	-70.30	48.70		-3901	-4231	4494
-155.29	-56.51	27.34		-3806	-3277	2266
-154.89	-55.80	27.09		-3714	-3240	2190
-145.11	-33.83	24.13		-1032	-2480	-58
-145.01	-33.45	23.98		-1029	-2404	-82
-145.14	-29.24	22.74		-1014	-1861	-194
-145.02	-29.32	22.84		-1026	-1886	-180
-115.07	-18.01	17.45		1272	-153	-1083
-114.29	-16.92	16.99		1298	10	-1112
-111.86	44.60	-9.61		625	9193	3275
-110.89	46.26	-10.51		455	9172.74	76.7		-1501	178	-104.16
-145.82	699		-1574	9106	8510
-.83	-63.4-.19	-16.4-.87	-15.98-.65	-0.01	-110.42	45.65	0.24		1487	6403	3921
-113.00	35.62	4.29		1525	5231	3039
-113.12	35.29	4.45		1569	5170	2982
-112.48	24.44	9.94		1589	3565	2050
-112.16	24.20	9.90		1622	3527	2069
-108.86	14.29	11.99		1323	2197	1638
-108.83	14.00	12.08		1323	2160	1638
-105.97	5.40	12.56		945	1066	1555
-105.86	5.27	12.57		947	1056	1552
-102.09	1.87	13.08		1071	818	1510
-101.83	1.78	12.97		1061	798	1522
-94.01	3.70	7.85		597	1086	1343
-93.95	3.87	7.79		567	1121	1316
-83.95	5.84	3.99		140	1135	1318
-76.03	8.2001
-8	-2.04		-08	-2.12	-51	-2.64	-65	-2.70	-3	-6.48		-23	-6.39	-78.33	-5.29	2.34		276	-57	1360
-78.07	-5.48	2.69		404	-87	1364
-81.02	-5.98	2.17		257	-365	1517
-80.56	-5.82	1.97		279	-356	1534
-77.25	-0.66	-5.98		-676	205	1797
-77.44	-0.50	-6.11		-787	268	1792
-66.61	-0.77	-2.60		117	309	1249
-66.28	-0.91	-2.52		145	285	1231
-59.43	-0.55	2.15		717	704	1360
-59.29	-0.46	2.31		676	730	1354
-45.91	1.07	3.86		1057	987	1324
-45.40	1.13	3.81		1080	1002	1301
-44.35	-2.97	2.03		1224	471	1299
-44.55	-3.13	1.97		1231	437	1312
-	249	-614-50	-6.67	-63	-4.98	-49.02	-2.5540
-97	-5.51	-89	-5.53	-90	-4.15	-96	-4.12	-47.08	-2.81	-12.80		80	-487	1882
-48.05	-2.77	-13.40		-93	-542	1937
-71.25	-10.85	-26.83		-2130	-1589	3131
-70.45	-11.17	-27.09		-2044	-1659	3161
-5.89	-16.87	-55.17		1564	-3191	4946
-4.62	-16.75	-56.91		1670	-3323	5118
36.80	7.01	-94.87		5774	-2306	9474
37.22	7.55	-93.31		5863	-2205	9395
36.49	8.69	-20.62		452	1137	2282
36.85	8.11	-18.75		365	1367	2168
40.67	2.93	4.37		-399	3293	1231
40.98	3.26	3.88		-355	3221	1220
36.32	33.52	-55.76		2250	-3040	4292
36.00	34.05	-56.98		2392	-3079	4374
55.36	24.160.41	18.761	-2.58		-65	-1.15		44	14.79		47	14.52	3	-1.34		35	-1.90		28.13	18.79	-4.36		-1327	1043	2091
28.28	18.30	-3.81		-1360	1092	2047
49.52	12.11	-5.81		-112	1756	1129
49.80	12.92	-6.73		-96	1615	1146
53.06	41.53	-42.04		2161	-2094	4851
53.89	41.27	-40.96		2114	-2068	4787
65.78	17.10	-5.56		-329	1299	1570
65.68	16.56	-5.04		-369	1403	1530
69.23	13.45	-2.43		-130	1698	1743
68.81	13.82	-2.66		-127	1644	1787
65.38	15.99	-7.55		81	947	1788
65.34	15.92	-7.71		104	945	1776
67.69	18.87	-15.63		1082	361	2581
67.62	19.02	-15.70		1068	298	2622
68.99	18.18	-4.36		-5	2275	696
		-11355	
--5	-70.84	-99	19.54	-32	22.14	156	165.78		926	201.95	169.6
108	-68.66168.39	42.02	-66.33		2906	8949	4738
148.92	44.50	-72.98		4628	7523	5147
147.04	44.27	-75.53		4637	7582	5330
162.01	-25.96	175.43		2348	2745	14745
164.03	-27.79	172.00		2464	2324	14674
-109.52	-8.10	68.40		5039	-1291	6645
-108.31	-6.35	67.72		5096	-1145	6559
-104.79	7.11	61.48		6068	-352	5252
-104.67	6.88	61.13		6083	-327	5220
-126.83	8.07	26.33		2066	238	2251
-126.91	8.18	25.60		1932	364	2208
-120.77	1.12	18.84		980	-98	1853
-120.37	0.97	18.97		998	-154	1874
	728	-504	1713
119.44	-29	1726
-.37	21.06-3	21.67	-9.16	44.4
-9.73	44.0
-.70	42.35-146.73	-114	3493
-132.18	-9.97	-2.98		-2856	1560	1616
-132.59	-9.49	-3.37		-2832	1672	1590
-142.27	-2.56	-2.54		-1936	2097	1574
-142.01	-2.50	-2.29		-1868	2079	1599
-135.80	-4.10	6.90		-1163	1137	1601
-135.78	-4.21	7.44		-1144	1109	1584
-127.85	-13.66	21.43		592	-853	2473
-128.14	-13.86	21.69		677	-888	2499
-141.81	-10.96	19.23		-893	-1004	2151
-142.06	-10.42	18.95		-881	-906	2107
-149.07	3.65	8.43		-108	1942	1669
-149.03	3.71	8.31		-158	1981	1660
-145.70	0.11	23.30		280	275	1860
-145.95	-0.15	24.44		227	164	2013
-60.57	-5.00	15.88	-56	14.91		1059	1337	1849
