39.20	18.60	-18.31		457	1345	2485
30.29	34.40	-22.38		-1235	-1304	2960
30.59	34.77	-22.48		-1249	-1342	2968
76.08	52.74	-11.98		400	-2808	3470
79.13	53.54	-10.69		467	-2895	3534
-178.39	41.10	65.24		783	-5002	6077
-177.58	39.88	65.80		693	-4735	5980
-146.58	-7.30	76.35		2449	-5280	7516
-146.20	-8.66	75.60		2479	-5256	7467
-114.05	-44.59	29.44		665	-4133	4893
-113.82	-44.68	27.65		408	-4139	4793
-79.30	-19.74	-15.72		-1007	-1160	2568
-79.10	-18.89	-15.98		-1028	-1029	2497
-45.34	0.77	-30.78		-1935	-739	2449
-43.95	1.154	-1.36		-1236	2475	-0.42		52	-22.73	5-24.70		5	-23.83		59	-21.63	59	6.02		-55.48	-1.76	5.02		-347	3566	1888
57.19	21.65	-21.86		971	-507	2394
57.41	21.64	-21.60		933	-477	2383
55.29	16.28	-11.51		-166	707	1658
55.34	16.08	-11.51		-107	711	1670
64.09	13.74	-4.25		-573	1560	1993
64.23	13.61	-3.90		-622	1554	1978
68.07	12.71	-4.11		-366	1333	1862
68.08	12.89	-4.39		-341	1301	1869
69.45	18.34	-7.52		-85	763	1941
69.36	18.42	-7.47		-99	755	1940
66.77	22.29	-14.68		528	-45	2393
66.71	22.29	-14.86		568	-53	2431
62.09	23.70	-11.72		-353	734	744
0.30	-59.45	143.09		-8807	1-89	-41.91-84	-42.11-.33	-40.4
-.88	-40.0-27	-14.57-.32	-13.79		-787	2041	890
-.05	0.94	-148.73	-3.11	0.98		130	149	1463
-146.98	-3.44	1.45		193	-25	1347
-146.98	-3.43	1.41		190	-7	1350
-147.62	-4.27	2.11		67	-91	1280
-147.63	-4.29	2.22		70	-102	1282
-149.06	-4.52	10.66		333	-622	1342
-149.15	-4.51	11.02		323	-642	1344
-138.29	12.94	33.98		2858	-1922	3861
-136.08	14.05	34.81		3103	-1739	4036
-72.13	51.55	39.15		3861	6966	4745
-71.70	51.31	38.35		3726	6930	4663
-69.45	40.97	27.22		2955	6082	3116
-69.48	40.71	27.05		2942	6053	3090
-72.32	30.27	20.30		2593	5107	2011
-72.57	29.75.40	67.410	5147
-23	-137.429
-84.98	47.-10458	297-.66	-165.89
-151.17	826	-1210	7409
150	39.45	147	38.72	
