-2	-6.14	-10.45	4.115
-6	-6.95	-8	-6.97		-2	-8.39	-11.09	4.0960
-10.76	4.2-8	-9.07	--28.82		--30.08		13.02	20.97	-95.92		3112	-3524	8863
13.34	21.33	-96.40		3182	-3544	8900
35.87	34.88	-43.92		583	-2222	3473
36.84	34.86	-42.24		538	-2095	3343
48.58	40.66	-27.39		52	-2300	3379
48.50	40.62	-27.59		52	-2261	3387
59.56	27.69	-18.04		760	-155	1707
59.68	27.36	-17.69		725	-87	1691
60.00	18.95	-10.31		206	923	1618
59.89	18.80	-10.22		206	941	1611
56.41	15.48	-9.64		274	1288	1456
56.33	15.57	-9.74		262	1261	1468
49.22	33.79	-26.67		77	-1846	3065
49.27	34.59	-27.80		64	-1928	3244
4	-13.87	4	-13.59		4	-10.58	4	-10.72		47	-5.75		44	-5.46	34	-7.67	39	-7.63		530	2072	40.51	24.99	-15.50		-1071	155	2581
40.39	26.17	-16.36		-1093	9	2677
54.64	37.48	-19.71		-416	-1253	2785
54.77	36.99	-19.29		-225	-899	2732
50.37	18.11	-13.60		209	701	2041
50.46	17.36	-13.12		245	809	2025
49.24	17.13	16.48		3889	8641	-1022
47.22	21.04	17.03		3668	9744	-801
-73.80	40.40	71.93		5209	11495	12097
-68.05	47.42	73.80		4664	12327	11349
170.31	9.91	-68.90		-609	8394	4920
171.48	10.20	-66.90		-568	8208	4767
-150.86	20.87	-18.95		1052	3809	1821
-150.64	21.05	-18.56		1051	3755	1828
142.08	21.13	-11.9-141.95	20.87	-11.64		1050	-.03	-3.53-.82	-3.30-18	9.29		-86	9.78	-33	30.99	-11	31.42	-63.49	47.86	68.60		6551	5744	6939
-61.87	48.27	69.47		6596	5946	6855
-62.50	39.22	71.33		7082	5499	6292
-62.90	38.94	71.26		7120	5430	6261
-119.57	28.09	68.36		6542	-939	6008
-124.12	27.10	68.39		5723	-1530	6034
140.54	-2.08	84.16		-6440	-2504	7474
141.18	-2.30	84.14		-6286	-2549	7440
178.81	15.04	100.75		-2424	-4434	9454
179.04	16.07	101.34		-2448	-4464	9469
137.99	51.36	124.63		-7424	-1048	8712
136.08	51.35	124.24		-7709	-868	8759
117.30	45.73	106.95		-7895	1304	8225
117.06	45.44	106.75		-7922	1320	8211
8446	3549
87.53	69.308	3517
96	21.29		-1991	-391.84	53.7-2004	-3152	1863
96	23.28		