72	-10.94	73	-10.56	64	2.80		56	2.58		577	-21.92	72	-22.04	70.11	26.55	-0.96	65	-0.80		456	4.31		489	4.32	41.05	-11.68	3.57		1742	3612	2135
41.23	-11.11	3.58		1669	3550	2122
40.31	-3.07	0.53		1273	2624	1890
40.58	-3.00	0.41		1246	2572	1882
58.30	22.59	-9.02		222	399	1891
58.91	24.08	-9.51		240	322	2038
76.71	68.56	-21.99		2074	-2994	5780
77.78	68.23	-20.65		2003	-3076	5746
63.65	-11.87	-1.04		1763	4491	1356
63.37	-12.65	-0.78		1766	4539	1404
53.05	-16.28	7.96		1076	4348	2630
53.10	-15.85	7.75		1047	4283	2568
57.93	31.82	-14.65		455	-796	2911
57.69	34.01	-15.54		399	-1027	3127
75.54	41.70	2987
79	-10.60	7	21.05		7	22.85		6-8.41	67.4-14	14272
154	-56.38		295	896176.84	37.6	4079
-118.17	-15.64	36.53		2717	-1970	3508
-118.48	-17.45	37.89		2768	-2151	3627
173.36	-60.53	134.50		2584	-2157	11133
170.46	-60.37	136.88		2460	-2112	11234
63.61	-82.62	-128.10		2510	-3645	9550
48.38	-83.02	-113.11		2479	-3658	9315
-60.55	-30.12	0.98		1257	-620	2711
-60.82	-29.00	1.71		1246	-480	2667
-65.58	-0.35	16.28		1181	2779	2061
-65.72	0.03	16.24		1137	2816	2053
-72.52	3.09	6.98		41	2289	1921
-72.77	3.09	6.65		-4	2279	1933
-79.77	2.35	-2.00		-1251	2065	1898
-79.78	2.27	-1.91		-1247	2066	1905
-9.58	-9.5-8.78	-9.94	4351
05	4035
06	59.77		83	30.29		82	30.03	169	17.28		2044	272161	17.02	11.00	-13.01	7.60		1860	1555	617
10.85	-12.92	7.36		1847	1506	616
8.69	-9.46	1.84		1395	563	587
8.47	-9.40	1.76		1377	547	593
4.49	-7.05	-4.30		1102	137	694
4.05	-6.97	-4.64		1078	152	704
-73.75	-20.80	-23.20		-4168	-1304	2511
-76.73	-21.36	-23.41		-4373	-1104	2556
-99.35	-27.17	-23.51		-4801	360	2915
-99.30	-27.13	-23.24		-4748	358	2867
-98.22	-19.52	-5.18		-2162	498	1906
-98.25	-19.12	-4.69		-2076	515	1891
-50.29	-1.56	8.20		-1870	1690	1330
-48.41	-1.39	8.96		-1782	1788	1296
382	46.84	3	-641	62243	54.55	40	54.72	