150.82	-16.91	-1.25		-932	3357	1902
151.15	-16.63	-1.15		-908	3339	1890
171.84	5.61	9.64		1178	1543	1773
-135.00	21.03	78.33132.68	21.02	79.84-162.48	1.08	52.98		1159	-6-3	51.77	144.50	-15.83	23.71		-2490	1766	1804
144.05	-15.98	23.45		-2446	1798	1832
161.26	-7.19	13.28		-802	1675	1291
162.92	-6.50	13.25		-654	1772	1280
-147.37	13.98	44.94		3900	209	3157
-146.96	13.76	45.23		3909	130	3152
-148.53	2.00	30.94		1542	291	1945
-148.86	1.84	30.64		1489	305	1898
-150.95	-1.65	25.69		776	659	1493
-151.00	-1.72	25.84		776	624	1500
-148.18	-4.73	31.30		948	-169	1803
-148.14	-4.80	31.21		927	-162	1794
-152.90	-4.66	28.66		506	57	1595
-153.18	-4.60	28.71		507	49	1591
-153.95	-3.72	25.96		433	458	1411
		504	415-.58	21.21-.87	20.86-.78	8.53	-.74	8.63	-.72	10.41-.73	10.37-150.45	-9.86	8.40		-1134	1891	1741
-150.72	-9.94	8.10		-1162	1907	1744
-155.02	-7.57	-9.54		-1799	3566	1249
-154.61	-7.36	-9.62		-1790	3605	1225
-149.41	-7.90	7.76		-722	1604	2401
-149.39	-7.91	7.95		-691	1537	2328
-147.29	-9.59	18.87		252	430	2476
-147.45	-9.85	18.72		230	445	2438
-127.86	55.00	164.02		-14750	-5616	19154
-113.27	66.80	161.97		-10460	-2601	15715
21.37	-4.10	116.81		-6648	8440	9948
23.26	-0.84	117.17		-6453	8382	9725
24.82	25.13	50.61		-3596	5100	3916
24.66	24.6-64.06	-31-.03	-19.3-2.42	-69.-	-41.04	6
-0.26	-47.-	11.70		-4.11	-35.-4.05	-35.
-92.19	-24.03	-32.53		-3319	495	2610
-91.14	-24.12	-32.50		-3331	410	2533
-16.18	-22.02	-36.60		350	-1089	3614
-14.51	-21.75	-37.41		329	-1119	3639
30.51	-18.14	-88.83		2330	-4174	7083
32.02	-18.08	-89.58		2413	-4151	7171
71.29	-36.30	-95.40		6649	-871	7398
72.06	-36.64	-95.50		6845	-837	7164
70.72	-42.27	-87.37		7161	-359	6088
70.47	-42.28	-87.05		7163	-400	6053
59.32	-42.25	-73.14		7064	-520	4543
59.00	-42.17	-72.77		7051	-529	4504
47.24	-38.48	-58.99		6393	-689	2983
46.93	-38.35	-58.61		6345	-669	2939
30.83	-22.30.52	-22.25	-40.59-	-45.56		-	-46.12	-1	-63.67	
-47.84	23.57	-63.24		-8751	--00	-64.55-46	-64.39	
-9.12	14.88	-42.53		-5427	-1434	2649
-9.16	13.56	-42.28		-5259	-1469	2684
-22.74	-28.65	-31.03		21	-2433	1116
-22.63	-29.23	-30.96		-475	-2193	1086
-28.35	-48.64	-31.15		2747	-3852	1771
-28.32	-48.78	-31.37		2726	-3969	1781
-30.76	-45.98	-31.34		2021	-3987	1336
-30.84	-45.78	-31.32		-31447	-27672	8145
-33.39	-35.66	-29.32		432	-2773	415
-33.43	-35.57	-29.38		411	-2819	401
-27.17	-22.72	-28.73		-747	-1434	-549
-25.60	-22.66	-28.89		-529	-1464	-684
-5.48	18.08	-15.00		-4458	934	395
-4.78	19.43	-14.74		-4685	1008	536
188	52.88		-4336	-114.53	52		-4186	-4991	7546
135.84	55.06	5211
123	24.78	-.25	154.4
-.74	158.75		257	1859	21220-41	-134.530
-85.30	42.	2052	1452