167.89	41.22	38.44		3326	-2099	4717
170.18	42.41	40.72		3401	-2176	4953
-113.15	40.78	110.90		5891	-681	10269
-114.05	41.01	109.96		28061	-19702	-20484
164.03	22.98	20.25		1587	246	1986
163.03	21.51	18.50		1482	416	1850
148.02	-17.90	-6.49		-656	4645	2244
147.60	-18.23	-6.31		-695	4615	2246
155.57	-0.87	18.28		-378	1124	1586
156.84	0.36	19.68		-261	913	1658
-148.78	17.32	73.36		4384	-2004	5809
-148.41	16.66	73.04		4406	-1944	5833
170.04	-15.99	27.86		-3229	924	2222
168.00	-16.56	26.17		-3486	1039	2088
172.11	-13.83	-18.6-.23	39.47		1893	-1500	3384
-73	64.95	
-0	63.39	-.06	2.41	-30	1.22	-.16	18.23-.35	20.45	-.06	64.91-151.21	9.84	63.62		3468	-2381	4993
-158.99	-3.17	10.21		-751	2334	598
-158.72	-3.26	9.77		-738	2336	583
-157.61	-0.56	29.06		993	162	2292
-157.71	-0.63	29.41		1008	208	2311
-158.78	-7.25	18.40		-793	977	1344
-158.75	-7.23	18.16		-774	974	1322
-157.39	-4.05	17.70		-152	1087	1593
-157.46	-3.98	17.84		-125	1061	1590
-158.06	-4.87	20.70		-161	734	1573
-158.08	-4.92	20.79		-165	719	1569
-156.27	-2.16	24.30		442	522	1952
-156.26	-2.07	24.23		456	553	1996
51.22	42.61	-79.33	
58.71	30.13	-79.25	-31.89	63.-72	41.58	-43	-5.59		-3453	18-32	-6.02	-.67	-11.2-.05	-11.4
-25.98	-12.04	-13.53		329	-885	2375
-25.89	-11.78	-13.47		303	-866	2352
-27.14	-6.69	-11.50		-180	-362	2188
-27.19	-6.71	-11.52		-167	-382	2180
-29.13	-4.73	-8.76		-291	-61	2033
-29.19	-4.66	-8.66		-290	-45	2026
-32.46	-2.26	-9.46		-731	53	2010
-32.54	-2.33	-9.50		-725	50	2014
-42.51	-13.55	3.55		543	839	1772
-43.66	-14.31	4.66		754	611	1701
-153.24	-33.91	118.46		2083	-1907	10509
-160.11	-32.07	122.97		1563	-2207	11075
62.85	52.54	-98.62		5595	1999	8710
62.38	53.33	-93.45		5448	1516	8285
710	107.51
52	81.02		53	80.06		-5303	5518	5133
840	64.46		-5172	37826	64.62	883	74.14	857	73.90	97.87	2.83	37.14		-3155	652	419
98.18	3.05	36.22		-3047	593	367
108.79	15.37	33.39		-1492	-1041	715
108.10	15.85	33.88		-1686	-1145	704
65.36	39.00	-19.99		1334	-3557	3307
63.08	38.91	-23.23		1552	-3669	3573
61.82	-25.91	-103.19		5678	-2699	12888
63.60	-28.26	-104.96		5586	-2562	13015
157.62	-19.25	104.10		-2220	-4543	6945
157.01	-17.34	103.04		-2386	-4523	6814
114.56	9.60	93.87		-7212	-1530	7175
113.86	9.40	93.81		-7219	-1427	7142
114.80	-18.02	100.09		-8507	-2118	7842
115.87	-19.06	99.97		-8408	-2236	7809
172.78	-52.33	67.05-5		-1346	-3991	1124
