-15.91	-1.-92	-26.88-9	-36.39	
-28.11	2.96	-36.54	
-10	-24.07	-31.36	10.1-89	-7.65	-89	-7.80	-9	-17.13	-40.25	8.49	1922
-50.32	-8.56	-21.16		-277	-1125	2681
-50.26	-8.94	-21.08		-192	-1108	2701
-27.68	-18.65	-18.78		1988	-1224	2673
-27.09	-18.90	-18.75		2067	-1163	2655
-7.91	-39.95	-55.08		1840	-3789	6202
-5.60	-40.63	-57.35		1893	-3912	6404
65.71	-39.10	-99.51		5688	-157	9324
65.18	-38.91	-98.18		5715	-240	9191
21.84	-0.82	-7.77		-512	2139	1922
21.98	0.41	-6.43		-572	2423	1871
3.39	18.96	4.64		-2015	2865	2269
2.33	18.87	4.23		-1990	2835	2245
-22.78	6.85	-13.58		-903	1148	1989
-22.79	6.46	-13.78		-918	1095	2002
423	-78.65	433	-76.19-6	-11.38	-	-10.06		-29	12.20	-89	11.73	-9	-11.21	-3	-11.55	-42.63	17.32	-5.51		-1448	2871	2233
-42.45	17.41	-5.28		-1417	2885	2205
-44.04	11.02	-7.98		-729	2298	2043
-44.35	10.51	-8.21		-682	2255	2007
-35.22	-18.12	-25.70		514	-1384	2853
-34.02	-18.99	-26.57		470	-1525	2955
39.74	-38.23	-91.15		4412	-1177	8462
41.18	-37.76	-92.19		4466	-1123	8507
28.25	-20.17	-57.89		3230	-1680	4760
27.10	-19.43	-56.50		3075	-1698	4564
8.10	-2.12	-34.46		666	-842	1551
8.34	-1.96	-34.87		654	-902	1551
19.77	4.97	-42.90		497	-1064	3096
19.65	4.93	-42.94		523	-1172	3114
18	-24.66	18	-24.93	--23.32		--	-22.85	-68	1.50	-85	1.83		-27.92	16.-12	-3.10	-50.51	14.03	-21.32		-2930	2424	1320
-50.55	13.74	-21.59		-2958	2300	1305
10.19	-15.10	-40.53		2390	-504	3233
12.24	-16.01	-42.14		2589	-568	3388
24.94	-18.73	-37.75		3023	18	3522
24.19	-18.48	-36.67		2947	62	3397
15.64	-8.25	-29.21		904	448	1853
16.23	-8.26	-30.00		987	441	1931
22.62	-1.06	-29.32		760	133	1779
22.64	-1.03	-28.99		736	161	1747
24.23	-2.43	-24.65		927	501	1569
24.18	-2.36	-24.58		892	513	1580
22.66	-0.63	-26.38		590	420	1452
22.66	-0.62	-26.38		602	404	1446
29.80	-7.27	-24.34	30.64	-6.88	-23.47		587	545	37	-2.10		11	-20.93	
-.78	-44.7-161.42	67	12009	114-156.94	-16186	3193-1		-4168
-148.33	17.02	3.62		2922	1156	1941
-147.80	17.31	4.68		3090	1118	1972
-132.61	11.04	29.79		4305	-856	3331
-132.47	10.83	29.72		4287	-842	3303
-136.56	3.81	24.49		3045	-864	2661
-136.77	3.62	24.37		2999	-880	2653
-142.53	-0.17	19.61		1716	-1008	2371
-142.47	-0.20	19.52		1714	-990	2370
-138.61	-0.87	16.57		1630	-546	2378
-138.51	-0.82	16.45		1634	-526	2376
-137.75	-2.58	13.72		1177	-335	2217
-137.81	-2.71	13.71		1151	-357	2225
-138.46	-2.42	11.29		931	-115	2122
-138.44	-2.39	11.19		931	-100	2118
-.53	17.71-.29	18.24152	53.85	
119.49	47.611	5077
77	39.19		71	38.92	66	26.80	