-2	-14.87	-3	-14.81	-66	1.75	-75	2.29	-98	-5.66	-24.95	-49.85	-6.96		4108	0	4678
-2.07	-46.01	-29.90		3441	-207	4376
-3.16	-44.62	-29.34		3231	-262	4224
-35.47	16.05	-4.99		-2321	3565	1708
-35.12	16.92	-4.40		-2319	3675	1732
-29.74	13.68	-3.63		-1289	3139	2300
-29.98	13.15	-3.85		-1237	3064	2275
-36.59	1.65	-12.05		-609	1581	2139
-36.83	1.52	-12.26		-620	1567	2151
-56.06	5.50	-22.12		-2032	1591	2258
-56.44	5.71	-22.45		-2087	1598	2253
-63.50	-0.61	-26.14		-2028	365	2022
-63.12	-0.91	-25.71		-1994	321	1998
-20.40	-39.46	-16.11		3558	-299	3262
-18.92	-40.97	-16.83		3700	-370	3390-.82	-19.3-8	-19.20	-.85	-21.65-.77	-21.7-77	-21.53-.73	-21.4-27	-18.07-38	-18.00-9.42	-25.14	-16.60		1604	675	1658
-9.53	-25.01	-16.66		1579	671	1664
-18.41	-16.99	-18.00		-217	446	1754
-18.48	-17.26	-18.05		-213	467	1744
-15.27	-6.03	-21.22		-1454	685	1534
-15.27	-5.71	-21.31		-1502	642	1585
-15.41	-4.59	-18.61		-1000	735	1582
-15.46	-4.57	-18.45		-996	763	1578
-16.95	-4.85	-16.73		-881	1054	1350
-16.96	-4.94	-16.83		-869	1034	1351
-15.68	-10.73	-18.91		-164	890	1904
-15.77	-10.79	-18.84		-160	908	1944
-9.96	29.57	-16.66		-2236	3902	-230
-10.34	31.68	-18.53		-1944	5133	-678
145.03	-46.27	-1001.62	-15.5192	-13.8210	12.92		3709	-266162	12.39	
-295
-.14	-158.9
-43.43	-15-46.10	-12.90	-8.63		-675	1590	284
-113.11	7.75	-21.35		-549	4140	1824
-113.81	7.20	-20.98		-535	3959	1844
-125.04	-16.44	-18.07		-1500	772	1618
-125.18	-16.91	-18.26		-1538	738	1617
-138.54	-25.99	-9.12		-1848	79	1337
-139.32	-26.00	-8.41		-1800	23	1339
-169.99	-25.89	7.07		-1980	-182	2059
-170.62	-25.82	7.25		-1998	-159	2012
-176.97	-14.55	12.88		-458	-1114	1807
-176.56	-14.26	12.74		-387	-1098	1846
-162.27	-4.85	6.03		232	-58	1412
-162.22	-4.38	5.98		286	-6	1426
-155.35	12.29	3.85		2349	688	2199
-	2860	4080	2235
-70	12.36	-25	12.46	-10	8.10	-43	7.75	-2	12.38	-7	12.72		-	4.42		16