-141.65	24.26	148.55		2292	-1826	14174
-104.94	19.13	173.93		1878	457	14880
-104.70	18.81	173.70		1921	533	14888
-84.86	13.02	163.40		3439	1417	13940
-84.48	13.26	163.33		3455	1389	13935
-61.73	37.34	-177.57		2681	-1099	13401
-61.16	37.80	-176.96		2679	-1154	13346
-53.80	65.25	-156.56		2474	-3560	10823
-53.53	66.23	-155.92		2461	-3625	10695
78.94	71.72	-6.86		147	-3717	4996
79.38	70.82	-6.34		198	-3712	4903
87.13	47.47	5.25		301	-2240	2706
87.06	46.95	5.80		202	-2164	2666
88.19	25.27	14.05	84.06	-11.52	3207
536	13.02	34	12.89	312	12.80	341	11.70	39.31	-24.3	2262
478	3.40		1481	270145.96	-14.82	3.13		1499	2710	1950
71.34	-10.38	-13.43		3272	1726	2106
71.68	-10.16	-13.59		3292	1709	2122
71.87	-5.48	-8.83		2273	1436	1947
71.66	-5.41	-8.62		2237	1425	1932
67.46	-5.71	-2.06		1174	1625	1787
67.42	-5.73	-1.92		1163	1635	1785
72.90	-4.40	-2.51		759	1248	1826
73.33	-4.40	-2.75		803	1258	1832
83.17	-5.03	-7.36		2092	1429	1643
83.23	-5.16	-7.14		2029	1477	1665
85.35	4.73	-3.80		1182	306	1671
85.58	5.04	-3.81		1130	328	1710
00	56.47	150	58.32	17	36.51		1	34.20		18	-28.48	10	-28.91	13	-7.50		13	-6.04	179.01	-2.85	48.42		909	-1864	4864
179.17	-3.23	48.89		872	-1922	4882
-176.31	-3.02	27.38		647	-125	1842
-176.15	-2.95	27.15		648	-90	1838
-174.77	-4.69	28.41		538	-416	2544
-174.73	-4.70	28.25		538	-402	2521
-178.38	-12.73	27.47		40	3345	1201
-178.96	-13.55	29.21		8	3803	1312
137.50	-9.38	179.48		-326	-47	17279
138.37	-10.01	179.14		-267	-181	17055
137.90	-11.57	145.87		-1327	-2292	12827
123.42	-6.07	144.42		-3018	-2064	12790
123.40	-5.71	144.60		-2959	-2090	12841
120.70	-1.15	148.67		-3604	-1585	13697
	-4325	-1749	1334106.91	26.		-6435	157	136.90	
1613	11282
151	125.6398	110.61	95	110.11	8	88.57		-83.88	46.06	87.88		-8183	1067	7312
60.16	49.41	64.42		-8253	1382	5280
59.57	49.15	63.89		-8250	1438	5223
24.88	37.88	33.61		-6588	2531	2328
23.90	37.32	32.89		-6498	2552	2237
12.84	16.21	9.82		-2835	988	257
12.73	15.99	9.53		-2782	947	253
11.88	12.98	4.78		-2455	418	102
11.91	12.95	4.75		-2457	417	103
11.84	12.01	4.94		-2443	446	53
11.94	11.98	5.02		-2441	449	52
14.03	9.66	6.46		-2155	723	-64
14.04	9.57	6.44		-2141	720	-68
14.82	5.91	4.54		-1498	547	-204
	2.70		-1011	355	-247
