-114.04	2.15	-5.79		-939	4013	1159
-114.54	2.70	-6.21		-924	4062	1083
-106.13	-8.61	-4.80		-959	2510	1859
-106.34	-9.58	-3.84		-831	2257	1829
-100.03	-25.91	14.89		1116	-92	2627
-99.86	-25.41	14.25		1034	-87	2618
-102.36	-5.67	-0.15		-397	2604	1468
-102.67	-5.60	-0.18		-387	2581	1467
-106.59	-10.54	5.67		181	1555	1745
-106.52	-10.79	5.99		209	1516	1754
-104.32	-18.25	15.58		868	324	3207
-103.89	-18.16	15.40		865	301	3250
-72.80	-22.80	-36.24		-5479	10227	1644
-74.53	-29.04	-37.87		-6778	10342	3457
-63.31	-19.1881
640	5.46		771	3433	617	-6.73	69	-6.46	7369	2703	77.56	-16.	1372
79.59	-3.93	-12.02		1868	516	1457
79.50	-3.45	-12.35		1914	462	1474
57.86	-3.33	-52.85		4086	-1142	4550
56.75	-3.69	-54.57		4079	-1287	4737
8.34	-1.11	-87.33		-58	-5373	8518
8.07	-0.43	-87.01		-18	-5273	8478
-20.13	28.10	-69.60		-4746	-2720	6564
-21.65	28.48	-68.71		-4901	-2593	6446
-95.18	28.35	-45.58		-4413	5765	4257
-94.97	28.05	-45.21		-4378	5703	4203
-78.03	17.14	-34.42		-3361	3701	2913
-76.12	16.70	-34.51		-3413	3531	2888
23.51	1.50	-96.76		2879	-3439	8551
24.78	1.10	-99.76		3024	-3671	8795
-7.22	-20.01	-157.96		-308726.31	-15.96	-121.9188	-99.11
16.22	-11.858	7300
-	-81.84	-6	-81.83	-.86	-71.98
-18.01	-16-4938	4146
3	5554	-232.64	-23.26	-61.29		5567	-2567	2285
134.46	-23.13	-32.87		-1784	6072	-163
136.85	-23.33	-33.03		-1944	6097	-58
-91.75	-8.24	-46.02		-6259	1971	1555
-91.04	-7.91	-45.92		-6244	1903	1439
-43.59	-33.16	-52.39		-2431	-3590	3143
-46.53	-34.72	-52.69		-2345	-3424	3342
130.91	-42.82	-40.95		321	11091	2018
124.86	-41.71	-39.45		1207	10947	1852
-20.89	19.10	-42.00		-4126	-3111	586
-20.78	18.82	-42.27		-4115	-3307	403
15.73	17.31	-39.22		-899	-3882	358
15.76	17.19	-39.02		-739	-3781	405
120.19	10.69	-31.15	2	-28.45	2	-28.36	