-120.58	-17.98	11.91		1215	-223	-1235
-120.83	-18.13	11.85		1180	-261	-1227
-165.68	-19.85	0.95		-1465	1250	-1263
-167.23	-19.75	0.07		-1442	1616	-1245
162.43	-20.68	-44.74		932	9895	1514
162.40	-20.74	-46.14		1045	10062	1622
178.25	-6.75	-97.00		2367	11172	9940
178.00	-6.17	-98.36		2465	11014	10178
173.16	0.63	-122.95		1929	8558	14206
172.78	0.67	-122.99		2003	8505	14219
-165.58	2.09	-116.67		-442	9365	13102
-164.17	1.79	-116.16		-576	9396	13029
-141.18	-29.29	-79.54		-4135	8729	8306
-141.41	-28.76	-78.69		-4111	8704	8250
153.62	-21.15	-28.86		-2681-6.94	-15.-7.57	-14.6-8.41	-6.37
-149.12	-2	2357	1932
-7.75	0.38-7.62	0.48-149.61	-20.77	-0.69		-1247	2103	1412
-149.63	-20.85	-0.55		-1249	2089	1414
-150.61	-18.32	6.63		-288	1337	1433
-150.65	-18.29	6.71		-282	1335	1432
-150.87	-17.45	7.75		-144	1231	1406
-150.83	-17.41	7.73		-139	1231	1405
-147.88	-14.19	9.98		400	1267	1287
-147.71	-14.20	10.20		435	1244	1298
-151.17	-10.87	11.01		488	1652	1493
-151.40	-10.57	11.06		546	1725	1499
-154.18	3.79	6.81		2216	2484	584
-154.24	3.81	6.36		2219	2529	482
146.74	68.00	-170.23		-5149	11443	11154
152.19	75.53	-165.49		-4518	11637	10767
-34.86	-5.5	1775
-6	-7.04	--1804	841	1663
-0	-22.28	-6	-22.13	-	-20.85		-2092	80-7	-21.18		-2150	73-36.47	-7.59	-42.81		-2116	-1361	4034
-35.72	-7.82	-43.84		-2080	-1442	4127
-46.17	-4.61	-74.65		-4640	-2130	7504
-47.17	-4.12	-74.39		-4660	-2047	7376
-141.26	16.64	-43.21		-15	5986	3543
-144.47	16.72	-42.70		174	5872	3454
-141.50	9.39	-29.67		-831	4494	2430
-141.11	9.06	-29.46		-859	4433	2433
-132.96	2.31	-20.94		-830	3038	1857
-132.56	2.04	-20.71		-841	3001	1854
-128.33	-14.83	-11.84		-1343	132	1695
-128.24	-15.04	-11.62		-1325	80	1691
-109.37	12.97	-58.84		-4520	4161	3791
-108.83	13.77	-60.98		-4619	4070	3933
-4		-5236	2516	12688
