168	-121.9
1.74	-106.1.10	-130.89
93.73	-28.93.56	-27.91	-78.50		7877	2002	8476
84.14	-27.81	-55.59		7062	2058	5550
83.88	-27.75	-55.19		7033	2031	5492
76.41	-21.71	-47.22		6274	1184	4560
76.18	-21.51	-47.03		6238	1158	4568
72.25	-19.11	-36.44		5164	1142	3516
72.20	-19.17	-36.10		5166	1171	3506
67.37	-12.60	-24.40		3477	785	2401
67.28	-12.30	-24.20		3434	744	2376
67.73	-7.66	-18.04		2695	577	2025
67.74	-7.67	-17.88		2634	616	2006
63.53	-3.97	-13.35		2087	240	1754
63.37	-3.82	-13.01		2057	186	1765
20.73	-5.08	8.84		-2368	2091	1679
20.37	-6.03	8.94		368	6.95		1347	272834.86	-25.38	6.63	55	-6.55	564	-7.04	5	-10.92	60	-10.86	171	1.89		171	3.08		5	2922
-177.17	1.85	60.42		2297	-3453	4210
-177.66	1.08	60.44		2141	-3488	4176
-174.21	-0.45	10.25		995	2423	1086
-174.03	0.09	9.13		1041	2684	1034
-147.52	-19.04	18.48		307	650	1759
-147.53	-19.82	18.51		228	541	1833
-149.65	-17.53	10.63		-440	1417	1275
-149.60	-17.32	10.65		-452	1441	1275
-151.56	-9.27	8.07		842	2161	1386
-152.75	-9.24	7.70		812	2201	1360
-148.51	-11.49	0.45		-593	2922	1446
-147.93	-11.78	0.96		-582	2823	1489
-146.25	-14.52	17.04		757	985	1628
-146.69	-14.46	17.04		738	983	1628
14279	610	1422
142.61	4.2911
19	16.02	17	16.89		-8.65	13.5
-8.06	13.0
-6.69	17.7-6.69	18.0-155.07	-10.73	18.46		856	821	1616
-155.74	-10.36	18.08		803	811	1601
147.83	-24.92	121.86		-519	8019	19184
143.73	-18.48	133.59		-283	7724	20916
-42.71	31.99	-6.42		-4504	4000	3555
-42.07	30.03	-5.75		-4234	3865	3346
-18.71	-6.25	-39.81		-1394	-1926	3020
-18.37	-6.86	-41.99		-1324	-2125	3142
-16.47	3.51	-145.92		64	2339	13195
-16.65	4.10	-148.49		117	2521	13427
-83.87	26.66	-140.39		-4461	135	13479
-88.17	27.26	-138.54		-4994	309	13321
-115.16	8.65	-74.87		-5131	4968	6415
143.43	-21.50	-36.01		-3334-1.67	-35.-.31	-23.2
-144.30	-21543	2284
-1.20	-18.9
-134.19	-11.18	-18.13		-1131-4.17	-8.37		-1508	-140.49	-23		-1533	-148.67	-32.45	0.60		-1970	-1516	2164
-148.40	-32.34	0.50		19605	-12306	-24150
-97.08	-9.14	-54.45		-4868	1146	2316
-95.64	-7.80	-56.62		-4841	1078	2555
-139.20	52.57	-152.86		-6004	2095	12211
-142.21	54.40	-155.80		26757	-15015	-14028
35.35	11.83	69.55		-2917	7159	8186
32.82	10.13	69.45		-2425	7319	8187
-65.88	9.01	88.60		7181	5202	9199
-67.26	9.77	88.23		7167	5069	9142
-93.35	17.17	61.26		5802	2283	5332
-93.55	17.21	60.63		5752	2253	5257
-111.24	17.98	37.36		3952	1479	3559
-111.57	17.89	36.84		3936	1476	3557
-90.81	-9.03	22.38		2232	179	2359
-.69	22.68-.65	22.69-.20	20.58	-.17	20.48-.60	16.33-.52	16.20