1	2.28		-75	2.17		79	-1.97		7	-1.86		74	3.65		-73	3.80		-67	1.45		65	1.26		-69.68	18.56	1.58		-187	296	2320
69.62	18.43	1.74		-203	311	2309
65.99	13.15	6.40		-513	1149	2114
65.88	13.07	6.51		-507	1168	2107
59.98	13.60	6.45		-718	999	1971
60.13	13.69	6.23		-703	969	1965
82.95	36.31	4.14		-200	-1400	2528
83.86	37.64	4.43		-158	-1562	2647
118.20	51.12	26.02		264	-2624	4354
117.80	50.08	25.21		223	-2532	4235
106.88	32.99	7.44		930	-649	2558
106.85	32.90	7.50		911	-660	2561
102.81	16.26	8.44		-300	738	1717
102.75	15.61	8.43		-326	812	1685
150	-22.09177.92	44.192	-107.8142	-107.5
13	-127.91
130.30	80.527	7356
-.88	36.82-.51	35.89		6022	6074	4503
-108.75	-20.03	69.01		7600	-3561	9112
-110.50	-23.02	69.45		7523	-3928	9171
152.08	-62.65	29.31		-6310	1076	6950
150.50	-62.32	30.65		-6266	964	6963
92.79	-62.71	61.34		-6440	5100	7978
93.13	-62.80	60.40		-6371	5027	7944
108.47	-56.49	36.23		-4727	5245	5737
109.13	-56.12	36.25		-4774	5144	5735
111.62	-43.00	37.00		-4239	3670	4416
111.57	-42.89	37.08		-4221	3649	4377
118.48	-37.73	33.54		-4109	2965	3688
119.16	-37.32	33.16		-4079	2909	3626
162.89	-44.54	27.86		-3192	196	3784
701	10397
