13	8.59		212	6.86		11.61	-17.1
121.99	-174881	2215
147.91	15.98	26.59		708	-544	3311
148.56	17.08	28.47		660	-771	3506
145.58	16.92	31.74		283	-854	3079
144.69	16.58	30.84		243	-733	2985
142.73	14.23	25.84		42	-122	1664
143.71	14.54	26.57		83	-205	1756
166.69	10.01	32.37		428	0	2609
166.70	9.76	32.01		377	67	2603
165.81	10.10	25.67		629	157	1830
165.78	10.16	25.59		628	179	1837
164.46	8.42	20.32		865	774	1656
164.19	8.13	19.94		853	808	1598
154.94	0.80	18.28		390	5515	-2656
155.92	1.40	20.37		584	6129	-3004
37.16	-5.-93	-5.66	-14	-14.78
-54.56	-6.646	1522
-100.48	-4
-.06	-36.1
-2.19	-94.7
-1.85	-93.
178.53	-32.97	-38.69		-1793	5281	3834
178.52	-32.63	-38.06		-1782	5239	3759
-179.75	-24.70	-26.98		-1556	4617	2642
-179.75	-24.69	-26.71		-1533	4555	2621
-179.05	-26.29	-19.30		-1845	3563	2195
-179.05	-26.32	-19.10		-1845	3513	2195
-178.07	-33.04	-10.08		-2923	2191	2026
-177.44	-33.43	-9.93		-2939	2085	2001
-79.62	-44.38	-94.88		-6762	1455	7051
-77.62	-43.00	-97.31		-6953	1561	7203
-8.89	-19.53	-76.87		75	-3855	5273
-4.29	-19.37	-75.08		747	-3815	5049
36.68	-23.54	-44.60		3043	-294	1773
39.27	-24.48	-45.12		3355	-86	1889
39	40.92	34	43.12		80	62.28	84	61.98	