-162.62	-1.62	17.62		459	1595	842
-162.52	-1.70	17.69		462	1599	863
-162.17	-9.63	25.53		-16	279	1618
-162.32	-9.80	25.53		-51	259	1614
-162.31	-8.55	22.92		-160	660	1329
-162.27	-8.40	22.93		-143	646	1331
-161.34	-5.59	22.07		240	831	1359
-161.37	-5.55	22.05		238	833	1356
-160.57	-5.26	22.40		324	868	1425
-160.50	-5.35	22.38		319	872	1434
-162.08	-11.00	20.88		-485	717	1367
-162.17	-11.11	20.79		-496	735	1362
173.78	-9.16	-7.87		-735	4244	1528
173.30	-8.86	-9.44		-695	4480	1576
-.75	34.61-.96	33.46-.44	13.23
-.35	13.35165	-7.06	171	-7.60	1	5.35		1017	6.80		1144	2340-158.16	-20.14	42.51		610	-2346	3172
-157.77	-21.03	41.08		375	-2277	3111
-140.73	-21.57	21.12		-396	-173	2029
-140.73	-21.30	21.29		-350	-188	2015
-143.96	-12.24	23.81		758	266	2185
-144.37	-11.99	23.59		731	303	2167
-165.80	-15.93	3.84		-1162	2577	1652
-166.20	-16.64	3.16		-1280	2703	1597
-162.13	53.03	138.71		-9994	3227	19803
-141.73	60.75	160.64		-7376	1415	19731
-8.65	-11.26	5.56		251	2311	1390
-10.04	-9.85	7.05		32	2411	1393
-46.56	24.29	-0.27		-4085	2472	2451
-47.83	24.06	-1.03		-3943	2504	2400
	-2194	3465	2639
1.44	3.73		-1723	34129.00	-24.73	2.84	1.40	3.30	1.53	11.40	
1574	2031
102	15.23	194	15.31	124.05	-10.62	10.43		-303	1664	1399
124.53	-10.78	10.10		-251	1718	1368
148.32	-15.11	-11.82		661	3871	1751
148.87	-15.04	-12.39		680	3906	1773
165.51	-9.86	-18.77		1043	4274	1849
165.62	-9.79	-18.67		1031	4251	1837
-166.97	-25.24	-23.08		-1928	4858	2198
-164.92	-26.77	-23.51		-2248	4814	2252
60.02	-75.24	-173.89		-3324	-3739	8107
65.22	-74.24	-178.04		-3208	-3588	8296
167.06	-9.36	133.83		2742	-4045	12855
165.91	-8.84	133.55		2595	-4086	12813
5.23	-86.77	-106.48		-1578	-4751	7852
-26.81	-84.34	-76.52		-2139	-4523	7463
