-73.87	68.97	-12.80		-4305	7760	3204-72.19	68.71	-11.48		-4134	7849	3226
-35.57	57.58	5.57		-5222	6298	1823
-35.83	57.30	5.73		-5168	6317	1820
-37.14	47.23	10.75		-3344	6732	796
-37.25	47.03	10.64		-3348	6723	770
-85	3.63	-3	-2.77	
-44.04	27.71	-1094
-79	-4.54	
-41.68	20.216	-1493
-00	-6.02	-88	-6.09	
-01	-5.61		-1752	19-90	-5.62	-23.72	9.46	-9.79		-1535	1104	-1757
-23.71	9.39	-9.92		-1544	1086	-1750
-22.80	7.09	-11.19		-1278	909	-1895
-22.80	7.01	-11.23		-1274	889	-1913
-26.58	4.34	-14.42		-1194	302	-1748
-26.66	4.30	-14.47		-1189	288	-1751
-37.20	2.58	-14.53		-1302	437	-1786
-37.40	2.52	-14.51		-1298	440	-1791
-50.03	5.53	-13.96		-1064	1246	-2564
-49.80	5.86	-14.21		-1222	1240	-2552
-52.25	-4.15	-12.21		-819	342	-1609
-52.40	-4.70	-11.96		-663	295	-1624
-57.61	-6.58	-12.69		-960	273	-1716
-57.51	-6.48	-12.81		-1010	306	-1723
-.71	-9.76		-422	-3-64.90	-10.77	-9.71	-.33	-10.44
-.35	-10.4-07	-13.13
-57	-13.32
-0	-12.69	-0	-12.45		-2305	3337	-1355
-130.28	-3.42	0.91		924	1474	-2083
-129.66	-3.50	1.02		957	1526	-2000
-99.03	0.17	-3.36		283	2901	-1736
-97.32	0.52	-4.11		33	3070	-1654
-62.92	58.97	-23.97		-6830	8873	4869
-64.53	60.32	-25.25		-6832	8877	5166
-147.36	68.01	-123.68		-7638	7029	10887
-146.22	67.55	-123.53		3748	4154	17522
-163.86	51.66	-97.44		-1950	9503	10737
-145.80	-10.02	59.57		23684	-3180	-25823
-168.68	67.61	-121.97		-4123	8028	11649
-167.53	67.87	-121.70		-4186	7963	11651
-89.37	76.97	-49.64		-5413	6691	9170
-24	-17.11	
-59.17	66.26	-17.24		-4301	5-59.21	52.920	4524
-59.19	52.294	4456
-45	-12.18	
-56.62	32.469	2798
-27	-9.71	-52.98	27.35	-9.64		-1951	2823	2240
-46.98	25.30	-4.54		-1460	2891	1745
-46.82	25.14	-4.49		-1427	2867	1736
-44.76	21.96	-4.59		-1181	2370	1463
-44.74	21.92	-4.61		-1187	2372	1451
-45.21	14.10	-6.45		-621	1419	1229
-45.24	13.86	-6.49		-601	1394	1224
-52.14	3.14	-12.18		-432	-3	1459
-52.36	3.04	-12.30		-445	-17	1469
-54.92	-0.64	-12.76		-238	-305	1504
-54.94	-0.76	-12.75		-220	-313	1508
-67.94	-4.85	-21.49		-1292	-767	2135
-68.59	-4.95	-21.96		-1390	-784	2166
-87.50	-7.47	-32.72		-3660	-88.74	-6.-71	-9.86	-75	-9.37	-78	13.47	-.82	13.73-28	5.56	-	5.14		2-56.06	-10.97	-11.58		492	-662	2070
-56.35	-11.05	-11.90		417	-703	2084
-59.56	-10.12	-18.10		-547	-1090	2642
-59.82	-10.11	-17.93		-574	-1090	2598
-53.67	-3.06	-5.58		609	607	1738
-53.39	-3.23	-5.63		604	600	1717
-39.13	-15.57	-30.57		86	-1381	2633
-38.56	-15.89	-32.16		-36	-1478	2818
-20.68	-31.05	-65.23		925	-4147	6619
-22.10	-31.06	-63.41		886	-4121	6503
-55.09	-0.23	0.62		1181	2659	1565
-55.06	0.73	1.10		1144	2761	1577
-60.64	19.64	-0.34		-214	3601	1945
-61.05	19.81	-0.62		-230	3611	1955
-30	-19.67-1	-23.10	-7	-23.18	-	-17.69	-2	-17.35	-3	-12.89	-93.74	0.7-39	-18.81	-95.81	-7.46	-18.89		-1916	-425	1593
-95.28	-6.63	-12.32		-974	-178	1237
-95.30	-6.53	-11.86		-861	-134	1237
-98.54	-6.74	-5.89		-39	-264	1281
-98.45	-6.84	-5.98		-67	-287	1283
-97.76	-8.15	-7.24		-437	-601	1568
-97.77	-8.05	-7.25		-483	-629	1526
-97.81	-7.60	-5.14		275	-212	1302
-98.10	-7.75	-5.19		303	-190	1317
-105.23	-27.17	-10.62		-2107	-3098	2653
-105.02	-27.39	-10.43		-1806	-3032	2614
-106.48	-20.98	-3.02		-329	-1523	2333
-106.31	-20.77	-2.85		-304	-1547	2323
-87.19	-7.04	5.40		1466	431	1812
26	-80.34		27	-81.75	6	-31.69		-215	604	25	-29.63	-99	37.95	-99	39.03	-1573	5925-6	38.97		12.20	-6.45	11.00		1409	3751	1836
12.70	-5.94	9.89		1350	3616	1820
30.23	21.61	-38.66		1324	-2063	3326
30.86	22.21	-39.67		1513	-2016	3447
33.85	40.47	-46.55		854	-2629	4811
34.02	40.28	-45.87		849	-2615	4795
28.46	11.64	-16.37		450	688	1595
28.32	11.01	-15.81		515	718	1612
27.29	10.03	-11.20		238	1256	1709
27.52	10.40	-11.63		248	1184	1759
29.10	12.77	-13.69		325	999	1888
29.19	12.51	-13.44		337	1065	1885
24.87	5.80	-2.92		910	2608	364
24.60	6.08	-2.82		901	2611	306
.91	8.68		963	1941	4583
-172.29	1969	4330
-.40	-34.8-177.01	28.57	-34.15-.30	6.72	-.88	7.89	-.44	55.08-.75	56.16142.65	-12.93	62.68		-4189	-1788	6446
141.84	-13.20	62.75		-4320	-1772	6491
125.85	-12.48	66.04		-5093	-284	6005
124.87	-12.63	65.75		-5195	-288	5928
119.77	-14.12	54.26		-4831	986	4380
119.79	-14.07	53.97		-4809	983	4331
119.75	-10.43	41.77		-3669	1278	3011
119.50	-10.30	41.41		-3689	1282	2990
53.92	-2.18	29.81		-1720	3441	2173
56.30	-1.81	29.63		-1817	3362	2164
69.55	1.46	22.78		-1659	2254	1369
69.47	1.42	22.51		-1707	2243	1356
51.74	-6.39	12.21		568	2366	1434
51.56	-6.63	12.08		570	2434	1444
50.87	-8.72	5.09		1569	1842	1467
40	1150	1294
