-127.24	-3.47	0.33		456	300	1499
-127.23	-3.46	0.27		446	303	1496
-.22	0.23	-25	0.24	1515
-.23	0.44	-.30	0.44	-.79	-4.64-6.38	-4.8-.26	-10.1-71.49	-50
46.88	-53.21	-104.20		5587	-2294	9004
46.18	-52.87	-103.46		5572	-2361	8976
-42.51	-40.74	-25.78		1486	-1820	3185
-45.06	-39.68	-23.23		1466	-1643	3027
-75.66	2.63	25.83		4302	3696	2608
-75.73	2.82	25.84		4250	3659	2567
-89.41	-3.56	8.16		1759	1465	2249
-89.78	-3.44	7.74		1697	1461	2233
-98.43	5.50	-2.14		833	2617	1763
-98.64	5.59	-2.40		810	2633	1786
-103.69	2.35	-6.10		184	2022	1778
-103.70	2.23	-5.98		187	2005	1763
-81.91	-22.71	-9.74		336	-233	2034
-80.92	-24.33	-10.61		304	-405	2143
38.04	-272781
-40.17	-26.49	-26.03	-4	19.07	-9	18.30	-38	-72.35-28	-73.99
-.06	-25.8-.39	-24.9-41.49	-8.12	-8.62		403	2414	1734
-41.00	-8.41	-8.95		423	2370	1802
-32.00	5.61	-4.46		-730	2207	1320
-31.79	6.52	-3.61		-853	2468	1301
15.50	-47.60	151.37		-6249	7739	10824
22.56	-45.60	141.56		-7463	7204	9912
128.38	-1.71	-41.60		3110	4015	4750
129.19	-1.89	-44.45		3330	4303	4816
139.40	15.50	-49.23		4437	4629	3139
139.50	16.57	-47.76		4462	4514	3080
82.49	41.83	33.12		-5479	-301	6571
82.79	42.10	35.06		-5710	-161	6747
93.24	52.14	83.53		-6984	1293	8647
92.81	51.90	83.15		-6897	1151	8638
764	40.95		-4162	176376	35.73	75	35.94	-139.35	38		5433	-1155	8095
-.48	99.0317	159.82	1	160.42		170.96	-11.		-851	-3171.79	-11.03	135.58		-869	-3746	12249
-148.61	19.66	38.14		2973	1120	1304
-147.86	19.74	36.48		2987	1289	1160
-131.81	-5.39	-13.32		-3623	2949	1738
-131.31	-5.92	-14.43		-3801	2993	1821
-89.58	-8.11	-37.16		-5105	617	3474
-88.30	-8.08	-37.24		-5038	514	3503
-56.31	-4.10	-28.33		-2436	-1185	3092
-55.58	-3.74	-27.75		-2306	-1047	3057
-21.78	-0.35	-25.49		892	-149	2735
-21.05	-0.13	-26.95		984	-289	2995
-58.98	-1.52	-166.23		-727	5767	21292
-60.57	-4.85	-171.90		-1180	6094	21281
117.10	-39.61	-10.20		-566	7045	5410
1	1213	35511	-21.87	