-0	-15.75	-9	-15.81	-74.92	-0.49	-19.51		-1543	-445	2004
-74.72	-0.06	-19.44		-1542	-367	2015
-70.04	3.88	-13.41		-1608	460	1893
-69.61	3.91	-13.15		-1531	447	1863
-55.39	0.29	5.84		1782	1382	1685
-55.28	0.15	6.04		1805	1356	1697
-47.88	11.30	8.51		799	2589	1146
-47.51	11.31	8.27		793	2541	1159
-53.69	9.68	-2.14		-34	1161	1052
-53.92	9.80	-2.48		-175	1187	1038
-59.39	12.08	-8.21		-1037	1126	1131
-59.48	12.16	-8.19		-1057	1157	1112
-53.10	0.05	8.32		2221	1400	902
1281
-7	-7.92	-9	-7.95		-2	-7.85		-4	-7.77	-57.00	3.5-5	-7.63		-08	-5.34	-67	-5.44	-61.49	-14.77	-19.74		-589	-2286	2312
-62.38	-14.98	-20.03		-659	-2313	2324
-62.26	-13.87	-18.59		-1113	-1912	2157
-60.92	-13.61	-18.22		-1000	-1893	2100
12.83	0.94	-27.20		2179	-370	2002
15.26	1.86	-28.31		2260	-427	2064
61.19	39.00	-41.30		3459	-1538	4098
61.24	39.21	-40.24		3296	-1610	4025
77.09	24.79	0.88		-521	934	1430
76.80	23.99	1.42		-544	1027	1381
73.33	1.05	13.66		-1296	3970	1320
73.32	0.76	13.85		-1322	4019	1348
77.62	25.51	21.01		148	5366	-25
77.70	28.67	21.66		378	5758	27
-.51	-25.7
-134.14	519	2662
-.82	-13.41		-1105	-52	-12.5739
-0.53	67.4
-151.72	-340	6459
104	179.15	
158.86	30.04	-177.72		-3820	5890	12187
77.39	-12.16	-49.63		6251	4655	4628
74.16	-13.34	-46.77		6051	4545	4440
-14.86	-4.27	8.94		1536	2947	1968
-16.29	-3.63	8.97		1431	2882	1923
-79.87	19.93	-10.01		-703	4334	2160
-82.01	19.90	-11.07		-775	4428	2221
-139.29	-16.67	-15.60		-4250	1772	2975
-140.30	-17.43	-14.46		-4161	1694	2988
173.87	-18.95	42.58		-2204	-2272	4153
171.08	-18.51	43.39		-2395	-2147	4215
81.92	-15.37	56.84		-5204	5027	5066
80.18	-15.59	56.47		-5135	5300	5035
55.25	-10.02	39.85		-1758	5333	2944
67	21.49	6	21.29		-6-313	1992	66.17	2.521429
6	13.11		-268	1474	66.38	5.71