-102.97	0.44	-2.86		376	3843	1684
-103.31	1.35	-3.03		379	3892	1706
-133.39	12.93	-25.34		-44	5570	2705
-134.32	12.54	-26.12		-94	5590	2737
-153.93	-2.55	-36.85		-1390	5398	2538
-154.04	-2.47	-36.48		-1318	5347	2509
-145.22	1.45	-19.79		215	3629	1845
-145.10	1.42	-19.50		222	3597	1832
-144.75	-3.03	-11.77		183	2425	1598
-144.85	-3.21	-11.61		168	2391	1598
-143.25	-7.01	1.38		349	860	1347
-142.96	-7.07	2.01		391	804	1352
-119.01	-41.12	39.80		3640	-2309	4614
-118.99	-42.92	40.97		3682	-2453	4751
-85.17	-64.60	25.30		4433	-2402	5814
-84.07	-63.18	24.04		4397	-2347	5643
-82.28	-23.65	6.40		1327	784	1233
-82.36	-23.27	6.36		1334	804	1240
-85.45	-27.33	4.29		1293	11	2047
-73	-7.08	-2	407
72	132.27	72	129.42		-7878	4675	3.97	685	2.74		399	3726	2724
25	-29.40	23.10	17.56	-30.43		543	-1825	3913
-56.24	65.23	-74.86		-7119	953	8411
-57.69	65.53	-74.54		-7225	987	8310
-26.84	61.04	-25.56		-5572	2362	5777
-26.62	60.56	-25.27		-5551	2332	5717
-13.86	50.01	-30.18		-4178	-93	4704
-12.81	50.38	-30.61		-4151	-139	4742
-41.27	49.13	-156.43		1545	-3976	10705
-42.23	47.23	-157.51		1316	-3904	10925
6.36	-30.96	-145.51		-872	-2215	13131
6.60	-32.25	-144.79		-909	-2318	13012
18.24	-8.18	-138.59		3109	-2916	13201
17.82	-5.65	-138.57		3306	-2951	13211
85.45	57.27	-12.58		22	-3070	3775
03.46	37.43	16.04	179	32.71	
110.61	32.11	32.76	9	27.74		9	27.43		-32	12.33	34	11.78	3	-6.99		38.42	16.21	-7.24		1013	1377	1597
-146.26	81.15	132.58		126	-3806	8018
-139.92	78.70	140.93		-118	-3759	8433
148.77	-44.68	146.21		1428	-1782	13809
149.58	-47.83	144.31		1587	-1864	13516
-82.21	-42.92	-6.02		139	-2624	4281
-82.94	-41.67	-6.44		-10	-2476	4215
-121.05	-17.32	-10.64		-2311	70	2625
-119.58	-16.92	-10.85		-2268	182	2670
-95.97	-15.92	-20.11		-1948	97	2596
-96.96	-15.92	-20.46		-2018	129	2620
-136.64	-11.58	-33.60		-3048	2655	3231
-148.81	-3.02	-121.05		-8181	-2072	1568
-130.19	-10.74	-55.11		-390588.65	-15.75	-104.
-		-5839	952	12810
-84.68	6.3	-6085	937	12825
