6	-1.90		66	-1.90		5	-10.94	5	-11.75	48	-72.92	42	-75.41	86.94	52.76	-6.39		1041	-1830	4595
87.51	50.84	-4.29		820	-1554	4372
79.79	-10.67	13.57		-990	4965	1505
79.95	-11.14	13.33		-898	4961	1554
84.85	1.74	2.91		188	2718	1477
85.04	2.67	2.61		300	2679	1510
98.56	59.94	-5.93		1990	-3058	4571
98.83	61.39	-6.04		2000	-3103	4678
108.35	39.44	9.16		649	-825	3291
107.74	38.05	9.05		555	-673	3155
75.24	-3.54	6.12		-45	3814	1401
74.62	-4.52	6.12		-18	3882	1418
64.45	-16.14	5.88		1138	4754	2235
64.22	-15.81	5.79		1126	4717	2242
61.00	0.63	59.97	4.43	0.65		441	1744	1936	-1.78		6	-1.69		541	1067	26	1.65		56	1.60		5678	-2.49	74	-2.63		9	2.62		593.39	8.44	3.30		389	1526	2217
108.26	37.17	76.45		-5648	12045	13132
111.54	46.76	80.47		-6743	11528	14189
6.41	9.19	110.56		-4956	11660	12813
10.43	12.98	114.23		-5051	11545	12455
-172.94	60.80	-87.42		-1736	8272	7310
-169.96	59.93	-84.08		-1780	8325	7188
-117.92	2.65	-3.88		-705	2177	2236
-118.28	1.42	-3.32		-768	2015	2201
-107.02	-11.69	5.14		-189	-24	2234
-106.60	-11.42	5.21		-99	9	2233
-87.43	-3.05	9.32		786	1427	2192
-87.38	-3.17	9.24		787	1387	2194
-100.20	-7.40	-3.06		-1031	1055	2178
163.31	-12269	2369
-163.78	-17	2443
-7.92	9.74-3.84	27.11
-168.69	-34.38	27.4151.56	-41.166	19.42	162	11.67	156.25	-31.36	11.64		-2604	2244	2627
155.04	-21.72	11.87		-1580	1580	2009
155.19	-21.56	11.99		-1594	1536	2010
143.01	-17.67	14.92		-1644	1214	2149
143.23	-17.44	15.07		-1639	1164	2143
148.90	-10.28	14.70		-593	629	1846
148.90	-10.18	14.64		-584	642	1843
150.76	-5.64	12.14		48	625	1705
150.89	-5.54	12.04		75	629	1699
153.17	-4.77	9.64		365	917	1704
153.16	-4.80	9.68		360	915	1703
153.04	-4.77	11.77		258	527	1732
153.07	-4.75	11.81		257	522	1736
153.83	-4.49	12.93		241	409	1705
	114	375	193	13.55	193	13.52	162	12.83	163	12.83	14	12.35		116	12.34	146	11.96	154.99	-3.45	11.95		405	455	1729
154.57	-3.14	11.84		392	417	1745
154.56	-3.11	11.82		393	417	1747
155.79	-2.69	11.99		519	401	1745
155.81	-2.75	12.04		510	396	1744
161.14	-3.04	12.78		568	385	1783
161.30	-3.04	12.77		563	394	1778
176.70	-3.13	14.64		1087	232	2001
176.80	-3.18	14.69		1051	238	2006
-170.48	-3.81	15.86		1438	29	1956
-170.02	-4.14	15.72		1415	20	1955
-139.89	-54.44	-1.70		-3821	-159	4422
-136.81	-57.10	-2.24		-3955	-381	4651
32.80	-53.93	-175.29		-4809	-2559	10597
30.08	-53.42	-173.95		-4926	-2570	106-8	2.77		--8	3.78		