132.86	3.35	8.09		205	641	2007
133.01	7.66	12.81		159	-303	1725
133.05	7.90	13.11		137	-311	1731
169.58	29.83	65.14		827	-3524	6986
171.54	30.32	67.91		958	-3590	7303
-150.20	17.35	106.45		4277	-2507	10869
-151.40	16.84	105.22		4214	-2584	10758
150.91	0.94	32.23		-1558	284	2332
150.07	0.74	30.03		-1435	492	2142
140.12	-7.41	-13.09		1236	4160	2162
140.11	-7.48	-13.16		1237	4155	2210
134.87	-10.02	-9.43		750	3535	2271
134.90	-10.13	-9.28		731	3529	2267
128.14	-23.57	-2.97		-596	3927	2321
127.78	-241.98	10.16
112.90	-19.87	1727
1.06	5.61	1.59	5.38	158	6.61	129	7.17	-169.88	29649	7122
-.16	71.60-160.93	16.43	63.40		3878	-2017	5797
-162.44	16.79	61.36		3741	-1853	5531
164.30	10.13	-13.52		2410	4402	1843
163.93	9.65	-14.25		2363	4444	1853
173.67	17.72	27.40		2240	-916	3262
174.51	18.06	29.56		2257	-1113	3371
-163.11	15.34	69.14		3283	-2899	6138
-163.48	15.03	68.14		3235	-2836	6072
-178.91	8.49	32.14		980	-325	1948
-178.93	8.56	31.80		987	-290	1943
-172.78	-0.76	12.29		80	2017	1614
-172.40	-1.44	10.98		-21	2182	1560
25.57	-4.57	-10.95	233	-9.19		-549	254176	42.79		117	37.73	-57	-34.55
-78	-35.72
-52	-73.87
-76.69	-2.588	7589
-81.46	-0.83	-54.74		-4956	1700	4626
-81.32	-0.77	-54.22		-4916	1710	4582
-74.87	1.78	-39.16		-3436	1544	3185
-74.76	1.84	-38.92		-3408	1541	3168
-71.47	1.85	-31.84		-2541	1548	2621
-71.39	1.78	-31.70		-2522	1531	2613
-32.97	1.95	-44.70		-2631	-1112	2836
-31.05	1.70	-45.89		-2444	-1275	2932
56.62	-8.78	-134.98		2555	-1381	12032
59.46	-10.12	-137.57		2436	-1048	12335
144.74	-35.50	118.03		63	-3771	10587
144.98	-35.92	117.23		91	-3808	10485
8.40	23.27	-98.32		-1503	-4609	9615
74	-26.54		734	-15877.31	32.20	-28.84-	-114.73	
-8.17	4.6319	10182
-68	-107.0
-12.31	28.03	-106.22		-1538	-5247	85739	-65.14	