-115.75	-19.31	-7.28		-2102	-37	-138-116.66	-19.70	-7.20		-2227	-153	-1375
-126.83	-20.30	1.86		-2427	7.01	-21.55		-6144	414	627
-.42	-40.13
-26.86	-17.19	-38.61		-1220	-6413	1741
70.65	16.61	24.12		-5505	1139	-797
72.34	16.83	24.60		-5512	861	-798
27.55	1.17	8.10		-368	3396	-1755
24.02	0.82	7.24		-108	3309	-1821
-53.26	14.03	-13.58		-2392	1811	-1873
-53.32	14.65	-13.79		-2515	1987	-1878
-82.97	0.87	-6.05		-2367	2386	-2706
-82.62	-0.35	-5.14		-2471	2380	-2766
101.13	-41.84	122.59		-8756	-995	16718
93.48	-40.25	126.28		-9376	-71	17030
48.17	17.06	145.48		-2588	7065	16127
48.00	17.22	145.56		-2547	7128	16084
52.37	8.09	143.21		-3036	6761	16206
52.03	8.01	142.94		-3018	6809	16163
1.73	143.27		-2352	632	16022
113.38	-19.51	143.7-80	-18.29-87.53	39.276	3161
-.79	46.01-.33	47.38-13	83.96	-41	84.33	-72.43	12.72	78.42		7984	3904	7930
-72.22	12.14	78.04		7992	3953	7889
-71.31	-14.68	49.86		6824	2995	5112
-71.37	-15.17	49.03		6759	2921	5035
-68.85	-24.40	21.05		4490	742	3380
-68.83	-24.17	20.51		4382	769	3348
-94.33	-4.04	9.19		2112	1248	2161
-95.21	-3.50	8.87		2053	1272	2134
-111.95	16.82	-5.94		1059	3156	1831
-112.10	17.41	-6.28		1052	3186	1837
-111.19	28.15	-17.21		166	4810	1624
-110.67	27.83	-17.29		105	4716	1597
-108.60	18.09	-10.05		512	3129	1143
-108.53	17.93	-9.86		530	3111	1140
-48.39	10.2	2280
-2	31.46	-14	-5.07	0.41	-16.0	3646	233628	-84.01	21	-83.75	3	8.68		-13	10.72		15.79	-18.48	38.19		1278	7591	3709
15.78	-18.29	37.91		1260	7521	3761
15.25	-9.06	27.05		768	5594	2965
15.50	-8.75	26.74		738	5557	2928
14.33	6.70	-6.28		129	1162	1908
14.00	6.99	-7.34		80	992	1882
24.71	22.17	-67.05		2439	-2699	6198
24.37	22.85	-68.92		2555	-2815	6335
39.63	31.33	-37.13		615	-1422	3789
39.89	30.77	-35.18		448	-1278	3570
42.42	10.92	0.26		-1266	2293	935
42.67	10.91	-0.06		-1225	2306	974
41.95	31.51	-49.11		2653	-2149	4078
41.86	31.73	-49.55		2685	-2207	4114
57	-11.46	59	-11.40	53	-16.88	5-16.76		50	-16.60	5-16.78		55	-18.61	54	-18.68	51.00	21.46	-17.11		89	205	1564
51.05	21.46	-16.99		73	219	1558
51.79	21.94	-16.42		27	279	1507
51.83	21.91	-16.45		40	285	1508
51.55	21.62	-16.38		24	282	1449
51.55	21.62	-16.35		19	278	1443
53.74	20.48	-16.41		234	465	1394
53.80	20.43	-16.44		247	470	1394
59.43	12.96	-4.98		-17	2650	786
59.89	12.80	-4.41		31	2768	756
-47.95	-22.59	-136.86		-10007	4999	18469
-47.92	-29.37	-140.41		-9781	5910	17624
161.84	-3.05	-7.53		-882	3704	4449
163.05	-1.86	-9.04		-603	3533	4182
926	1716	752
95	63.00	91	64.71	76	67.50		7	67.16		-5756	458474383	3647	4021
7	51.94		102.58	16.60	37.00		-2320	291	2793
102.38	16.63	36.52		-2313	344	2778
94.26	18.57	22.91		-1551	782	1944
94.05	18.72	22.62		-1523	736	1932
92.72	19.32	24.38		-1491	656	1912
92.96	19.27	24.70		-1547	634	1913
153.35	8.74	27.20		-189	219	1725
156.03	8.32	27.36		-170	150	1715
-175.22	-7.38	27.35		-1163	-98	1921
-174.71	-7.62	27.30		-1172	-115	1928
-170.69	-9.16	24.74		-1360	67	1817
-170.74	-8.98	24.67		-1353	86	1808
-174.26	3.27	19.43		176	979	1640
-174.44	3.57	19.29		203	999	1648
-175.25	8.29	17.03		742	1509	1265
75	82.30	46	6932
55	-169.24	54	-166.03	-62	-63.01	-51.66	22.
-0	-18.44	-68	-18.07
-57	2.52	