-.57	-0.88	-.58	-0.83-.27	-0.31-.30	-0.31-.24	0.38	-109.49	-8.-.84	3.74	-	1280	-124.94	-76.98	-98.99		3281	-4565	8971
32.66	-76.26	-105.84		3444	-4473	9072
114.40	-27.68	-162.91		3656	2336	13901
114.69	-26.19	-163.08		19508	-5808	26720
137.86	13.98	-164.51		622	5679	13964
138.23	14.29	-164.46		571	5736	13952
168.59	3.65	-169.18		87	4663	14663
169.61	2.97	-169.66		138	4620	14665
153.03	-19.72	-171.83		2375	2937	13126
153.55	-19.35	-171.05		2433	3197	13223
131.94	2.74	-145.23		2151	5551	12580
133.30	3.42	-145.14		2025	5704	12536
157.76	5.41	-149.52		935	5213	13802
156.81	4.71	-149.76		1029	5057	13785
170.23	-12.71	-165.618		2242	5237	1420-4125	14483
-.90	-173.1
-.15	148.9
-52	147.47
175.18	9.02	8405
13	83.25	159.19	-1345	2238
158.74	-13.89	26.44		-1906	654	2251
144.08	-13.70	13.36		-1457	2514	2328
143.19	-13.39	13.67		-1623	2458	2361
108.76	3.28	16.89		-1085	927	2176
107.97	3.47	16.72		-1071	886	2155
82.11	13.53	5.75		-183	213	1814
81.00	13.91	5.36		-201	147	1824
43.73	20.05	-12.31		-282	-207	3108
42.32	20.19	-12.74		-373	-118	3185
5.63	20.50	-19.68		-1943	-503	2785
5.27	20.22	-19.64		-1988	-528	2777
10.05	8.75	-26.72		-87	-888	2470
9.10	9.01	-27.23		-214	-1076	2471
1.55	0.07	-63.41		783	-3177	5675
2.04	-0.56	-65.07		890	-3247	5782
6.36	23.74	-17.00		-1353	-544	1810
36.48	23.506	1800
31	-36.09	34	-36.52	3	-25.37		37.56	16.64	2042
35	-16.42	39.40	14.25	1894
39.66	14.47	-16.83		-297	541	1861
39.62	14.55	-16.89		-305	528	1860
40.74	14.56	-22.85		301	307	2083
40.76	14.54	-23.08		327	307	2116
32.84	20.07	-21.05		-378	121	2196
32.47	20.37	-20.74		-419	122	2128
-9.64	-41.73	-122.84		-16272	2488	19173
-18.19	-53.76	-126.73		-12157	5592	18892
-159.69	15.61	-94.46		-5027	9776	6300
-159.03	12.46	-95.18		-5232	9567	6256
-174.08	-18.93	-29.19		-3134	5190	2185
-176.07	-18.30	-26.49		-2989	4893	2041
82.89	24.77	55.39		-6813	2605	6660
82.11	25.68	56.62		-6889	2702	6716
56	45.42		-3797	43156.03	20.58	3861
65	37.36		64	37.40	70	38.28		79	38.06	1169	60.47	
-167.60	18.15	142.33		-1677	-3297	12568
-168.53	17.88	143.74		-1860	-3206	12711
-169.18	34.52	142.03		-2455	-3574	11698
-169.29	34.86	140.45		-2382	-3723	11539
-169.19	3.49	52.17		562	-2693	2270
-169.03	1.86	49.88		330	-2457	2148
-138.04	-38.06	-28.96		-6900	3056	4397
-137.69	-38.33	-30.27		-6982	3102	4501
-127.16	-37.17	-67.58		-6839	5042	7924
-127.53	-37.04	-68.20		-6800	5079	7956
-130.84	-28.13	-63.35		-6059	4782	6712
-130.30	-27.64	-62.47		-6051	4665	6604
-81.84	-9.46	-23.69		-2090	194	2927
-80.11	-9.38	-22.80		-1916	157	2905
1	-6.70		1-25	-83.91
-12	-87.59-29	-127.413
-56.19	-69	1939	105912	55.28	912	53.61	144.26	-30.86	-1.26		-2139	3122	2286
144.78	-30.70	-1.89		-2058	3186	2256
157.65	-17.17	6.13		-1414	807	2084
157.26	-16.90	6.58		-1453	647	2114
148.77	-12.49	19.14		-1619	-169	2238
148.25	-12.33	19.58		-1629	-230	2255
94.24	-4.26	36.30		-3482	1820	3324
92.11	-3.73	36.86		-3542	1899	3312
56.70	22.93	55.26		-5566	3252	5367
56.02	23.87	55.55		-5591	3313	5446
36.35	48.44	47.27		-5960	2744	6068
36.81	48.67	46.99		-5966	2718	6098
-29.38	48.62	-14.30		-5578	2444	4853
-30.77	47.85	-16.12		-5522	21