55.81	0.56	3.40		1289	1867	1357
4.18	-3.48	-6.83		2329	539	1696
3.89	-3.24	-7.19		2283	466	1703
-4.90	8.67	-12.68		12	-379	1735
-4.98	8.67	-12.66		15	-379	1743
-5.95	7.00	-10.19		71	-100	1743
-5.94	6.93	-10.12		75	-89	1739
-2.82	4.37	-10.02		396	-310	1817
-2.62	4.29	-9.96		419	-297	1819
2.28	-0.18	-5.90		1025	399	1687
2.48	-0.37	-5.84		1047	402	1696
10.27	-2.30	-2.71		1456	978	1652
10.40	-2.21	-2.67		1436	993	1645
11.11	2.87	-6.39		1221	446	1985
3.93	19.33	-6.45		--0	-10.09	-9	-10.34	-43.15	17.801	3462
-73	-34.05-53.50	13.53	-35.39	-59	-35.03	-11.47	1.75	1.17		1397	1983	1822
-10.30	0.90	1.95		1624	2068	1831
15.31	-7.41	2.14		2126	2402	1554
15.52	-7.37	1.58		2091	2320	1553
21.93	-2.95	-28.31		2651	-1106	2939
22.22	-2.54	-29.35		2638	-1188	2984
31.83	17.27	-88.10		4175	-2326	8700
31.71	17.62	-88.87		4306	-2375	8689
33.09	13.06	-26.54		835	433	2010
32.96	12.30	-24.38		743	662	1850
23.84	3.39	10.07		-200	3343	1712
24.03	3.43	9.78		-191	3298	1704
40.32	15.05	-31.47		1503	-691	3012
40.78	15.74	-33.67		1624	-858	3197
5.53	7.54	-7.84		34.99	6.49	-6.52		-95	2409	1143
12	11.97		14	11.93		2287
511.61		-7511.44		-4.75		13145.61		134.49	5.82	-0.32		269	1737	1987
4.39	5.76	-0.39		277	1769	1963
14.36	9.12	-8.62		72	903	1662
14.89	9.50	-9.28		42	867	1696
25.85	29.18	-70.64		2542	-3683	6556
25.61	29.56	-72.68		2581	-3599	6721
34.37	30.18	-69.54		3099	-2982	6247
34.87	29.71	-68.12		3075	-2946	6048
34.03	18.28	-32.83		1041	-866	1999
33.71	18.49	-32.91		1116	-949	2024
39.14	31.36	-39.69		1034	-2064	3337
39.82	31.30	-38.84		979	-2035	3287
63.07	16.84	-10.59		-42	1340	956
63.30	16.77	-10.70		-24	1328	987
62.23	11.91	25.26		-85	66.86	
-72	74.00	
140	-60.64174	-58.67		-1367	8191	16.01	143	17.58	104.42	20.06	65.09		-7065	249	6780
104.11	19.90	65.52		-6935	114	6842
92.89	12.01	51.97		-4353	1794	4372
93.46	11.96	51.32		-4300	1713	4343
60.82	8.06	36.71		-2772	3723	2783
60.72	8.05	36.42		-2723	3711	2774
63.68	9.51	27.52		-2019	2725	2101
63.79	9.51	27.31		-1996	2712	2096
67.32	9.77	20.44		-1263	2187	1805
67.58	9.88	20.27		-1235	2131	1798
67.30	12.87	15.84		-805	1500	1666
67.32	12.92	15.73		-799	1499	1662
68.16	13.86	12.87		-504	1204	1575
68.18	13.89	12.82		-513	1201	1573
4.46	17.43	10.19	67	10.20		-599	401	1654
74	9.39		-73	9.45		-103	17.09	149	16.41	118	1.20	189	0.83	177	12.66		2558	1088	1780
153.65	28.97	14.18		2464	931	1852
159.79	8.09	118.58		-4004	-2194	11399
155.09	6.48	121.15		-4738	-1682	11713
98.84	5.32	-161.98		1038	3103	14369
100.31	5.83	-161.61		1121	3220	14343
155.42	8.06	141.38		-4683	-2420	14102
158.53	7.76	137.82		-4499	-2932	13885
-113.35	7.90	33.27		2958	1422	518
-112.81	7.73	31.46		2696	1441	469
-51.48	32.94	4.27		-3849	3987	2148
-48.76	34.29	5.18		-4181	4342	2467
-16.63	23.24	25.75		-1287	4240	712
-16.98	22.58	25.68		-1180	4198	670
-8003	4037	6916
72	94.92		-8087	3886	7008
