163.34	-17.82	7.50		-1767	2141	2144
163.38	-1785	2107
136	30.53	151	31.66	-53	101.04-05	100.64
154.32	28.6	2780
137	18.49	1.63	-3.13
156.23	-385202	3482
-179.58	-31.37	-1.90		-3580	3080	2202
-179.15	-30.35	-1.20		-3468	3037	2131
-148.53	13.69	66.19		3816	-2212	6335
-146.71	14.23	68.22		4090	-2059	6411
-147.54	-14.14	51.37		1129	-2665	4491
-148.23	-14.24	49.97		984	-2712	4341
-155.50	-0.08	3.38		-257	3149	1405
-155.73	0.06	2.74		-247	3209	1414
-160.59	-0.52	3.00		-257	2716	1885
-160.44	-0.37	3.88		-155	2539	1841
-155.01	-1.23	20.50		439	184	1997
-154.89	-1.19	20.42		391	272	2008
-149.36	2.71	24.23		1190	372	3114
-149.34	2.43	23.72		1146	298	3085
2.12	nan	1.64		281332	84.63	36	82.64	417	-10.08	403	-16.09	-88	157.86
-41.74	55.42	148.63	-178.76	-40.04	1.13		-5225	3736	2296
-177.94	-40.82	-0.57		-5266	3887	2338
136.03	-20.04	24.79		-2674	2962	3008
133.32	-18.22	26.34		-2689	2826	3087
86.96	61.88	41.30		-3511	-2969	6805
85.46	63.08	41.36		-3615	-2878	6864
50.26	74.58	23.51		-5428	-1755	6598
47.61	73.93	21.23		-5394	-1669	6504
0.36	41.93	-13.60		-3529	-798	3603
-0.05	41.33	-13.84		-3464	-794	3586
-3.18	28.93	-14.28		-2596	-544	2644
-3.11	28.62	-14.21		-2578	-535	2628
-4.80	15.09	-12.99		-875	-181	1975
-5.26	14.60	-13.17		-832	-193	1971
-0.67	5.1312.12	12.461	2112
58	-18.32		997	-1778	2623
61.04	32.4	1110	-1810	2707
-3	-129.95	-87	-148.9
15.74	58.0717	-135.9929	-117.5023.33	64.26	-116.88		5898	-2292	8104
93.12	76.60	-29.34		4128	-3463	4901
95.02	76.42	-26.92		4056	-3490	4821
95.08	67.97	8.65		-504	-4949	3325
94.96	67.63	8.46		-469	-4935	3306
81.79	57.51	0.98		-797	-3220	2106
80.99	57.42	0.71		-752	-3187	2120
74.23	49.25	-1.23		-1088	-2504	1173
73.98	48.99	-1.26		-1062	-2412	1145
74.32	46.52	4.77		-1676	-2594	861
74.50	46.45	5.03		-1704	-2626	849
84.92	42.83	7.69		-1879	-2279	494
86.47	42.82	7.39		-1569	-2330	501
116.11	43.14	3.46		1624	-2246	416
116.01	43.22	3.44		