49	-48.20	41.15	20.02	-47.76		1746	-1756	4190
43.31	18.27	-17.02		-1009	172	1322
42.95	18.13	-17.03		-975	129	1301
43.12	13.99	-22.14		286	501	2111
42.75	13.99	-22.07		265	534	2117
9.90	13.85	-4.05		-1725	2556	1716
9.43	13.63	-3.12		-1692	2684	1718
15.14	7.26	5.79		-948	3523	1690
15.41	7.10	5.16		-914	3456	1699
23.03	2.85	-29.12		1143	-151	2498
23.19	2.89	-29.54		1130	-176	2517
30.53	4.70	-24.35		928	484	2084
30.59	4.73	-24.13		907	503	2073
28.21	4.32	-21.56		562	592	1835
28.10	4.20	-21.72		587	570	1831
25	-14.78	23	-14.28	1	-11.77		16.57	8.63	-175	1932	2194
-9	0.71		-1448	3196	2	-42.51		30.20	4.38	-43.63		2233	-950	3493
31.29	4.30	-31.67		1281	-198	2205
31.27	4.23	-31.14		1247	-150	2158
30.95	5.16	-25.82		745	304	1832
30.90	5.25	-25.85		750	293	1829
30.21	6.16	-25.51		566	213	1896
30.34	6.09	-25.38		569	238	1901
31.39	8.57	-12.28		-109	1331	1222
31.51	8.87	-11.59		-160	1467	1158
38.16	-34.23	120.04		-7207	8994	9760
43.65	-34.46	114.65		-7172	9419	9302
141.78	-20.44	-4.24		-1842	3325	2830
142.72	-19.76	-4.78		-1782	3225	2652
98.70	13.54	15.01		-1537	-21	3330
89.35	29.1088	4699
83	66.73	87	66.22	31	37.19	39	36.71	19	14.96	13	14.42		-15.63	30.80	-13.41		-2720	323	2493
-16.31	30.64	-13.82		-2709	322	2465
-20.76	24.58	-15.85		-2158	552	2183
-20.54	24.50	-15.66		-2154	557	2183
-15.23	20.70	-10.62		-1397	582	2060
-15.40	20.59	-10.65		-1414	576	2042
-16.35	17.65	-14.08		-1344	96	1955
-16.22	17.60	-13.93		-1337	122	1956
3.31	10.91	-6.72		728	119	1490
3.68	10.84	-6.36		668	223	1424
13.14	12.61	-11.27		162	422	1944
12.99	12.73	-11.85		182	311	1980
18.71	12.10	-18.11		842	-977	1597
19.49	12.15	-17.38		869	-786	1550
.85	-142.07		-210-04	-68.37	-63	-66.36
-78	-40.75	-6	-42.63		-3556	92117	176.95		-2049	6693	15857