-20.69	-3.10	-14.01		972	1532	1605
-21.08	-3.08	-12.76		1031	1679	1542
-21.54	1.30	-22.11		-327	68-20.69	1.33	-23.67		-335	474	1870
-0	-51.47		-604	-24-	-637	-2191	3603
-1	7.54		-9	7.84		-23	-37.37
-03	-39.29
-31.20	0.43	-25.14		-253	552	2244
-31.65	0.12	-23.43		-158	710	2160
-37.27	-6.70	8.50		2522	2961	1542
-37.10	-6.63	8.19		2459	2919	1544
-17.05	-2.72	-35.66		313	-1174	2725
-16.84	-2.43	-36.36		324	-1243	2731
-19.27	0.23	-26.46		1	75	1865
-19.47	0.09	-26.12		0	109	1829
-14.86	1.13	-25.53		192	133	1880
-14.72	1.39	-25.64		145	114	1892
-5.56	4.98	-22.28		116	690	1630
-5.22	4.95	-22.08		137	720	1626
-1.47	4.07	-17.42		425	913	1471
-1.59	4.00	-17.10		426	987	1479
-.01	165.41		-573	6391	15591-50.98	-22.93	164.20		-688	130	112.53
269	104.941.76	13.85
1
1.96	4.71	1.47	4.68	116.19	-12.09	2.89		-1468	1694	1969
116.70	-11.55	2.59		-1411	1620	1993
164.68	7.49	-17.65		2320	2699	2086
165.79	7.85	-18.51		2409	2850	2142
163.92	20.83	-43.93		3678	5466	2786
164.35	21.62	-43.67		3753	5432	2776
-156.37	38.86	-8.83		4963	3398	2814
-155.32	38.73	-8.16		4940	3412	2811
-138.43	11.63	6.55		2810	1654	1456
-138.11	10.32	6.89		2718	1527	1418
-120.92	-62.04	21.04		948	-3570	5239
-120.87	-64.06	21.89		1067	-3655	5391
102.53	-62.08	176.30		2388	-3469	11587
102.63	-61.38	176.53		2417	-3437	11646
-114.61	-10.16	27.9
