-6.89		-31.12	2.77	546
0-7.58		45	0-7.58		2-5.78	2.88	-9.94		-751	-290	-1570
-5.90	2.74	-10.34		-783	-362	-1543
-10.73	-7.12	-45.68		-688	-5014	2563
-10.77	-7.34	-47.27		-701	-5192	2827
-24.09	-9.79	-92.56		-4047	-6384	10709
-24.24	-9.67	-93.32		-4079	-6232	10870
-29.86	6.33	-115.94		-3078	-4074	13823
-29.63	7.01	-115.81		-2971	-4128	13837
18.59	26.14	-92.70		3628	-4828	10311
20.48	26.41	-91.94		3854	-4721	10201
65.99	30.98	-60.85		6960	-1857	6441
66.40	31.00	-59.76		6902	-1858	6319
115.08	24.12	-7.28		3191	674	1752
116.69	23.68	-5.87		3085	742	1688
	-1449	3085	1580
59.27	-1063	1602
144	-15.78137	-15.66157	-1.69	19	-1.09	171	17.53	174	17.63	163.61	-2.43	10.13		-304	2021	1055
163.81	-2.41	10.22		-187	2273	955
129.21	15.64	-161.95		310	8044	18281
129.58	16.39	-157.21		569	7859	17789
-159.19	48.00	-77.03		-928	9229	8502
-156.71	48.43	-74.61		-917	9124	8274
-109.91	40.06	-23.97		-1572	5099	3780
-109.43	40.00	-23.42		-1551	5128	3726
-106.49	27.93	-13.37		-769	4359	2100
-106.71	27.52	-13.36		-781	4315	2078
-119.76	16.60	-16.71		-1029	3542	1800
-119.98	16.34	-16.83		-1044	3521	1805
-116.71	6.35	-16.55		-2023	2300	1889
-116.39	6.26	-16.29		-2006	2250	1874
-79.99	1.16	14.93		