38.99	8.42	3.33		-286	898	2199
38.96	8.36	3.22		-326	921	2201
37.01	7.28	-4.29		54	345	2065
36.42	7.27	-4.41		75	356	2064
14.23	12.91	-5.15		-1257	340	2100
14.00	13.22	-5.15		-1303	343	2087
2.60	19.98	-6.26		-2211	-19	2246
2.56	19.71	-6.10		-2174	4	2212
12.62	12.43	1.84		-879	952	1790
12.84	12.38	1.94		-872	970	1782
10.33	14.09	-1.08		-1100	532	2098
10.19	14.12	-1.20		-1094	510	2131
6.30	15.75	0.56		-1252	811	1827
6.16	15.89	0.80		-1270	860	1822
0.94	20.65	3.54		--7	1.67		-242	538	1-	-1.75		7.11	-11.22380
87	-4.85		40	-4.63		48	-4.50	570	-7.24	51.04	-11.27	-7.22		2997	1322	1803
76.63	23.48	5.19		-287	-344	2014
78.47	25.09	5.87		-325	-519	2161
117.63	49.29	14.67		2160	-2981	4649
116.17	48.01	12.68		2195	-2804	4578
103.07	3.36	-22.76		3806	3174	2394
102.75	3.03	-22.76		3781	3114	2350
95.66	2.80	-20.71		3400	2161	2385
95.15	2.91	-20.50		3383	2137	2404
83.74	10.09	-10.88		2374	827	2152
83.40	10.39	-10.47		2247	781	2116
104.41	45.37	20.14		-407	-2049	4740
105.76	46.47	21.48		-450	-2044	4964
124.98	43.47	32.71		-73	-2501	4012
3	2581
11	20.25		18	19.60	198	20.07	101	20.72	16	23.91	19	22.99	128	4.32	105.90	-18.63	4.64		-324	5196	2102
78.78	-15.77	15.10		-443	4180	2058
78.54	-15.71	15.08		-414	4183	2053
75.19	-12.02	14.47		-193	3707	1956
75.34	-11.72	14.41		-191	3659	1948
78.64	-1.65	10.96		5	2133	1787
78.49	-1.40	10.83		7	2086	1775
77.72	1.38	10.03		-38	1652	1715
77.76	1.42	10.08		-62	1639	1709
84.88	6.52	7.11		229	987	1530
85.36	6.83	7.01		277	977	1515
134.84	41.76	24.34		1985	-2074	4097
137.17	43.15	26.03		2119	-2175	4282
163.00	48.02	45.99		3314	-2633	5104
160.93	47.16	44.59		3060	-260132.00	16.86	26.66		-122	-410	1950
19	26.40		130	18.21	120	18.16	1	13.26		192	13.08	1	32.24		11	37.70	-97.07	-1.14	-19.60		-5387	1174	3242
-97.23	1.59	-16.13		-4852	1229	3276
-78.09	43.35	18.47		314	6782	2889
-78.95	42.23	17.66		176	6606	2820
172.76	-26.71	30.57		-3474	-535	4866
169.23	-28.91	31.23		-3907	-287	5044
104.78	-72.20	11.66		-1939	8377	6994
106.54	-71.91	8.73		-1461	8385	6974
144.88	-56.45	-32.72		-458	7762	5256
145.29	-56.15	-32.98		-464	7752	5217
156.11	-43.66	-30.40		-1366	6224	3727
156.40	-43.36	-30.47		-1374	6181	3699
178.40	-23.25	-36.91		-945	5935	3163
178.63	-22.57	-36.89		-879	5963	3151
66.35	-28.42	-88.5-.08	-90.88		-6830	509	7084
15	135.05	
104.96	-4.18	14001
1.19	-148.1.83	-147.7475
