169.06	23.24	10.90		2559	-1079	2637
169.16	22.99	10.84		2534	-1055	2621
175.59	19.67	6.51		2564	-139	2304
175.75	19.61	6.41		2538	-141	2283
-169.83	13.43	14.24		2035	-931	2337
-169.22	13.26	14.35		2054	-875	2305
-152.35	10.18	10.08		1838	222	2108
-152.30	10.35	9.90		1872	244	2102
-151.58	11.04	9.75		2569	624	2161
-151.62	10.92	9.73		2505	620	2171
-142.08	7.29	7.76		1708	903	1924
-141.75	7.33	7.92		1773	863	1938
-129.44	1.05	9.60		1490	494	2006
-128.62	0.74	9.62		1536	440	2008
-.68	-46.8
-32.05	-25318	4250
-01	-3.84	-83	-3.62	-91	-34.86	-78	-35.88-5	-11.26	-7	-10.49	-20.42	2.58	-13.80		-375	1673	1549
-19.56	2.24	-14.77		-360	1508	1617
-26.87	-2.79	-29.30		-173	-332	2414
-27.36	-2.70	-28.48		-171	-205	2377
-40.05	-5.39	-15.44		492	1045	1300
-40.14	-5.51	-15.72		425	1040	1366
-34.28	-6.62	-25.53		65	-144	2152
-34.12	-6.55	-25.46		95	-162	2150
-31.39	-5.17	-22.09		199	481	1800
-31.48	-5.15	-22.12		224	486	1796
-33.64	-2.50	-20.67		-58	687	1737
-33.40	-2.41	-20.46		-48	717	1726
-19.12	-1.53	-15.08		400	1478	1650
-18.66	-1.57	-15.15		415	1484	1672
-26.39	-2.	1830
-85	-23.03-24.74	-2.	2072
-1	-125.99
-97	-132.8-.24	169.4-4		-1220-30.84	-53.00	144.85		-1814	7111	13105
-29.96	-54.85	142.60		-1787	7090	12840
64.72	-51.22	22.43		-943	6888	4286
65.42	-50.39	21.69		-929	6801	4168
74.25	-26.16	7.14		-775	4382	2180
74.19	-25.74	6.87		-748	4322	2155
72.54	-15.40	3.96		-645	3074	1797
72.57	-15.20	3.92		-637	3048	1778
68.16	-10.33	1.60		-675	2327	1489
68.05	-10.32	1.60		-681	2327	1489
62.53	-8.73	-0.58		-487	2282	1430
62.42	-8.59	-0.69		-463	2253	1426
60.13	-1.97	-2.72		-665	1295	1431
60.27	-1.87	-2.76		-670	1272	1426
64.19	1.67	-8.39		-160	497	1850
7	-6.56		-7	-6.57		7	-8.49		7	-8.57		6
77	-15.09	79	-15.48	8	1587	-183.34	15.91	-20.43		1578	-1227	2295
95.41	11.10	-13.50		1207	-294	1919
95.84	10.94	-13.28		1188	-263	1906
138.00	1.08	-1.20		431	603	1424
140.12	0.42	-0.87		397	661	1407
-136.21	-47.98	-11.22		-3146	-715	3272
-133.96	-48.58	-13.09		-3274	-757	3306
-88.54	-1.55	-36.93		-3326	3352	2062
-87.82	0.19	-36.43		-3291	3498	2078
-46.98	23.59	-33.09		-4388	3142	2395
-46.69	22.99	-33.87		-4352	2955	2461
-38.74	23.51	-27.21		-3571	3035	2873
-38.30	23.74	-26.40		-3562	3122	2828
-30.51	15.22	-26.68		-2704	1497	2474
