-35.90	24.65	-43.53		-4935	-1716	4751
-35.49	24.21	-42.73		-4814	-1731	4614
-6.44	3.19	0.31		1422	2174	1616
-6.04	3.07	0.78		1485	2289	1601
-43.30	25.61	-42.80		-3209	503	5773
-46.17	26.03	-45.57		-3440	492	6077
-115.32	-25.20	-109.65		-6090	4948	11693
-149.54	-59.59	-74.87		-6031	6011	8408
-152.02	-59.63	-71.86		-6003	6006	8229
-171.43	-30.82	-17.80		-3054	2935	3098
-171.37	-30.49	-17.54		-3016	2898	3091
-179.80	-26.19	-7.76		-3108	2044	2540
179.60	-26.17	-7.46		-3136	2011	2521
165.58	-22.19	0.19		-2519	1776.95	-12-39	6.16		-98	6.01	-.23	-2.33-.29	-2.40-.08	-12.4-.71	-13.4-11.89	-48.73	-69.94		1414	-3750	6360
-12.29	-48.21	-69.14		1384	-3753	6353
-46.34	-8.38	-11.45		-111	2052	1860
-46.83	-7.33	-10.07		-89	2275	1814
-68.60	11.87	11.52		1948	4534	1945
-69.91	12.11	11.29		1922	4480	1990
-96.93	10.47	-3.18		1032	2942	1811
-97.62	10.28	-3.54		993	2937	1824
-136.50	0.60	-12.98		-450	2396	1714
-137.65	0.38	-12.92		-491	2393	1708
-157.41	-7.51	-0.51		-237	588	2174
-157.76	-7.88	-0.18		-282	593	2218
-168.23	-13.11	7.63		-1269	-264	2305
-168.22	-13.00	7.64		-1267	-256	2290
-157.16	-8.73	6.45	164.89	-12.67	-1.4-.60	5.62	-.27	5.59	-20	5.57		-31	5.63	-.69	-28.4-.07	-30.6-1.68	3.64	-24.20		-497	426	3440
-2.18	4.32	-21.48		-657	815	3351
10.57	13.82	20.95		-1478	5510	1844
10.29	14.29	20.39		-1541	5419	1896
-5.97	15.47	-47.98		-1215	-1955	3879
-6.11	15.10	-49.59		-1171	-2037	3942
-5.74	14.98	-36.99		-1487	-1108	2534
-5.37	14.81	-36.31		-1472	-1049	2458
7.39	19.52	-24.96		-1285	465	2185
7.41	19.83	-25.10		-1255	433	2239
4.01	8.58	-5.98		-500	2339	1470
3.86	8.03	-5.21		-346	2468	1431
-4.94	5.17	-15.88		-214	1498	1952
-4.63	5.24	-17.62		-239	1280	2036
8.00	8.19	-46.94		1202	-2039	3289
2-24.52		-779	433	1494
1	-45.84		1	-45.69	3-27.12		3-26.70		-1	-19.49		87	1229	0.37	10.12	-19.39	17	1.72		-1436	3097	1698
13.15	15.47	2.53		-1453	3165	1688
13.32	1.27	21.86		358	5726	1348
13.71	1.12	22.35		398	5778	1294
154.45	-76.57	87.32		-4255	6460	13261
168.33	-66.13	70.72		-3816	7322	12801
132.55	-15.08	-94.76		2981	9000	6768
132.67	-16.68	-93.70		2872	8926	6873
149.45	-6.22	-72.45		2659	7504	5712
149.85	-5.38	-72.88		3024	6957	5792
146.30	13.02	-120.56		4044	8319	9822
147.64	13.17	-121.95		3804	8288	9827
164.66	7.69	-144.46		586	8267	12910
164.59	7.83	-143.78		639	8249	12868
157.75	13.96	-102.05		2604	9019	7899
140	-90.94
162.96	13.3144	6195
113	-64.98117	-64.41	172.30	11.919	-51.94	171	5.09		150.02	18.74	7.93		604	-582	1093
174.33	24.89	58.85		496	-7765	5041
174.10	24.66	58.21		719	-7615	4985
115.62	15.17	3.61		-1247	-850	-469
114.09	15.41	1.90		-961	-727	-552
47.77	29.67	-39.08		289	-3464	1384
45.64	30.08	-39.84		113	-3561	1469
-21.07	30.20	-62.57		-5465	-3500	3422
-22.20	29.86	-62.76		-5533	-3443	3427
-53.55	15.32	-64.92		-7079	-1086	2963
-55.10	15.05	-64.95		-21184	23834	32464
-54.13	8.78	-48.16		-5734	-430	867
-53.91	8.66	-47.70		-5664	-377	817
-46.71	1.20	-33.68		-4031	-575	-745
		-610	-431	-1217
