69.41	3.34	24.65		-3686	3411	2567
70.65	3.39	24.54		-3671	3248	2451
95.82	1.82	33.87		-3645	1256	3415
1617	-1041	2885
157.19	20.52	24.56		1239	-1023	2743
157.93	20.91	24.67		1376	-1036	2757
-165.85	35.21	69.69		2411	-2892	7324
-164.49	35.45	71.75		2625	-2848	7466
-170.95	13.53	62.33		1926	-2724	5976
-171.93	12.54	60.70		1726	-2627	5782
154.14	-8.02	18.59		-1614	1621	1451
153.15	-8.54	17.57		-1618	1798	1496
143.73	-25.58	-0.41		-1498	4234	2456
143.10	-26.01	-0.38		-1546	4202	2478
123.39	-25.93	9.35		-1733	3575	2275
123.07	-25.66	9.56		-1704	3553	2264
117.93	-17.43	13.13		-1028	2476	2198
117.80	-17.53	13.20		-1027	2482	2206
106.78	-31.86	20.69		-2490	4073	2366
16	6.91		19	6.85		107	7.54		91	1513	113	7.70		14	11.49	14	11.42		112.28	1.02	10.20		144	248	1254
112.22	1.13	10.14		163	236	1254
111.56	3.44	9.70		187	-88	1293
111.64	3.48	9.65		205	-76	1286
112.89	5.91	6.59		695	-110	1353
112.95	6.04	6.51		720	-85	1353
126.13	24.79	7.58		2245	-1586	2351
127.17	25.46	7.99		2303	-1602	2443
-157.72	44.35	83.43		4074	-3728	8525
-155.53	43.84	85.93		4132	-3712	8612
-150.17	35.44	82.33		5175	-1766	8057
-152.63	35.51	79.98		4975	-1776	7799
138.39	9.25	-0.85		1784	2132	1207
138.37	8.34	-1.99		1856	2345	1229
79.59	30.72	69.85	-179.91	30.37	70.77		2182	-3135	56.71	114	55.91	15	42.19	16	42.46	166.40	4.158
17	23.94	157.76	4.67	-1.77		1461	3413	871
158.08	4.59	-1.71		1462	3454	858
-169.94	4.44	41.45		1586	-1143	3356
-169.58	4.16	42.12		1619	-1246	3366
177.76	-1.20	22.90		-315	1103	1507
177.67	-1.04	22.65		-292	1119	1480
179.17	2.03	27.51		415	424	2495
179.12	1.82	27.48		381	393	2495
-177.18	-21.93	2.32		-2963	3188	1860
-176.65	-22.71	1.28		-3140	3244	1913
161.77	66.84	149.52		-7828	8321	14033
-177.89	71.29	171.86		-7247	7290	12418
-29.52	-22.41	68.91		4073	7795	6440
-29.53	-21.02	72.23		4162	8080	6473
-18.32	-15.13	60.38		2404	7167	3625
6	2802
495	-99.0141		1702	-11	137.97	11	136.12	-97	52.62	-27	52.84	-63	113.59-17.68	15.91	116.03		1948	8674	9531
57.60	-31.49	-143.64		1069	-1522	13297
56.73	-32.00	-141.68		1198	-1717	13120
63.96	-45.51	-150.53		-858	-2573	12631
65.54	-45.37	-153.96		-1089	-2383	12784
-60.41	45.77	100.33		6463	8367	9524
-68.97	47.36	95.42		6743	7870	8976
127.37	-0.36	-4.15		1422	3411	1867
126.27	-1.05	-4.79		1473	3463	1813
99.98	-4.08	-14.58		2951	2299	2198
99.80	-4.11	-14.63		2989	2343	2223
85.71	-4.76	-9.86		2330	1774	1899
85.37	-4.72	-9.61		2292	1762	1892
77.51	-6.58	-6.36		1641	1690	1816
77.47	-6.7