-48.94	-11.33	19.38		3850	845	1618
-49.57	-11.77	20.46		3985	868	1668
-40.90	-29.65	31.12		6859	1104	2957
-40.41	-29.35	30.32		6744	1033	2914
-47.85	-9.12	24.66		3647	1468	1504
-47.39	-8.66	25.06		3614	1596	1456
-127.92	39.41	49.20		5966	287	3449
-134.91	41.64	50.33		5826	-410	3682
-144.90	54.70	159.44		-3215	-2546	12762
144.70	-20.76	-165.59		1580	2576	19216
140.33	-23.84	-163.85		1933	2394	18954
58.40	-65.28	-70.99		8229	770	8596
56.52	-65.17	-68.90		8229	736	8352
1	4031
63.63	-33.17	-8.46		3235	528828	-0.11	879	0.06	130	2.76		132	3.26	-1	-124.78
-53.08	5.79	-121.73		-5271	--.86	-15.44		-1237	-47	1674
-62.33	-13.42	-14.15		-1071	-58	1610
158.61	-55.39	151.81		2556	445	13650
151.58	-51.42	155.85		2094	710	14072
117.40	55.06	9.95		488	-2046	2996
115.96	52.00	11.20		155	-1981	2669
105.02	-21.45	17.11		-1988	4612	2505
105.30	-22.37	17.05		-2011	4684	2550
100.76	-11.92	25.20		-3062	2109	2510
100.84	-11.08	25.38		-3018	2180	2403
159.77	49.96	38.54		3430	-2797	4967
158.83	49.76	37.28		3336	-2650	4864
114.87	-3.09	-4.08		894	3870	1886
113.71	-4.06	-4.38		942	3769	1902
105.97	-9.72	-6.46		771	3426	2251
	889	1840	1899
161	16.70	177	5000
191	6.58	152	6.13		92	4.27		94.49		35153	9.09	103.37	27.32	9.06		-88	-393	2547
110.41	22.57	10.11		87	262	2185
110.60	22.49	10.15		62	251	2176
109.56	20.44	10.34		-160	455	2125
109.40	20.23	10.25		-152	485	2133
106.95	19.00	6.97		153	714	1948
106.91	19.12	6.94		150	699	1957
104.14	21.94	6.89		95	337	1955
104.10	21.94	6.86		96	342	1946
105.60	27.47	4.57		753	39	2581
105.67	27.67	4.57		795	4	2614
95.67	17.13	11.72		73	1296	862
95.37	16.75	12.23		46	1426	815
-122.36	-23.57	23.71		-1837	1093	8883
10769	806-.54	31.91-.75	34.23-0.41	113.085
-176.46	3.62
1.87	128.7547
159.19	-15-2360	126148	141.64123.81	-22.62	141.68		-4617	-1609	13257
157.06	-8.33	124.74		-2415	-3580	11165
157.28	-8.09	124.18		-2442	-3702	11096
169.26	-1.73	104.53		-1841	-5128	8441
169.50	-1.57	104.06		-1788	-5154	8372
174.66	3.81	89.20		-1033	-5565	6203
174.74	3.96	88.84		-987	-5564	6148
174.38	5.25	75.70		-1228	-5176	4273
174.39	5.32	75.35		-1263	-5128	4219
175.19	11.32	62.63		316	-4705	2593
175.14	11.35	62.34		335	-4721	2556
173.77	10.18	52.90		86	-3710	1426
173.74	10.18	52.77		79	-3710	1411
172.76	10.03	47.78		346	-3718	837
172.71	9.93	47.57		360	-36919	39.23		12	39.31	196	35.89	104	35.87	