127.45	-11.28	5.84		-270	1226	719
127.46	-11.06	5.89		-261	1203	724
124.42	1.03	10.65		28	-511	1125
124.33	1.17	10.72		17	-527	1135
121.72	8.76	11.68		333	-1294	1649
121.71	8.87	11.65		341	-1283	1660
122.81	6.74	9.57		400	-868	1541
122.92	6.56	9.47		390	-858	1524
8	8.07		574	-423	1424
26.01	4.04	8.08		548	-410	1436
19	7.09		15	7.07		4140.67	22.36	2642
189	21.63	-4	99.89	
-154.61	105		3889	-3720	10828-01	75.24	-5	73.65	-174.84	24.13	14.10		4036	2017	2148
-175.29	24.18	13.11		4026	2115	2157
175.65	12.36	23.60		1873	-200	2514
175.75	12.20	24.06		1852	-258	2514
-179.73	7.84	29.73		1517	-448	2347
-179.53	7.74	29.92		1517	-436	2358
-171.58	3.19	39.02		1751	-476	3017
-171.29	2.92	39.00		1739	-417	3048
-173.83	-8.49	4.91		612	2978	1142
-173.33	-9.22	3.73		613	3247	1160
-17.31	67.65	-74.29		-7623	3125	10354
-9.70	58.63	-69.43		-6195	3171	10023
-13.85	17.22	115.12		-199	10958	8374
-11.87	19.63	114.69		-74	107-.24	96.23-.04	96.81-.17	105.5-.95	105.1
-93	78.95	-3	78.30	-	66.43		-	66.23		--3.37	-1.63	53.42		548	7864	1457
-3.44	-1.78	52.99		577	7819	1409
-5.50	-1.58	39.48		595	6320	73
-5.58	-1.51	39.18		587	6287	48
-8.31	-2.50	26.23		722	4643	-944
-8.34	-2.54	26.01		721	4607	-960
-5.54	-0.44	20.25		209	3970	-1323
-5.37	-0.31	20.12		178	3956	-1327
7.23	4.46	16.40		-1089	3315	-1367
7.83	4.57	16.38		-1104	3302	-1363
33.48	14.89	15.98		-3016	2136	-1238
33.74	15.30	15.91		-3080	2094	-1225
19.80	24.53	-8.03		-3190	-1815	-389
9.32	6.25	-13.19		-12	-0.14		14	-0.00	1	-5.32		1	-5.58		19	-7.84		13	-7.68		1625	-337	-1152
8-15.52		7.86	10.85	-16.28		-1702	-1539	-618
-18.89	25.43	-56.89		-5202	-5015	5140
-20.27	25.15	-57.99		-5378	-5003	5334
-69.97	-32.63	-80.37		-8085	-173	8763
-72.96	-35.04	-80.79		-8213	367	8871
-53.52	-4.24	92.30		7380	9613	8523
-56.67	-0.91	90.61		7653	9112	8209
165.78	60.95	-3.54		8093	2345	4240
162.84	60.73	-6.74		8065	2435	4326
114.47	27.76	-25.68		6981	415	3522
113.22	26.88	-24.83		6710	259	3359
80.60	8.51	-23.03		3931	-205	1957
80.21	8.44	-23.60		3952	-263	1983
67.45	6.99	-44.28		5568	-2483	4029
67.03	6.82	-44.61		5550	-2502	4061
79	-26.88	738	-25.87845	32.34	824	34.76	312	114.99
313	113.77111.55	-43716	903
112.56	-43.30	23.39		-3360	4707	787
147.35	-34.19	28.48		-5674	802	661
151.30	-33.30	29.08		-5602	368	686
-87.56	-20.30	75.21		8106	3765	3876
-84.76	-21.08	76.90		8258	4051	3964
65.46	-65.09	87.45		-8528	6155	6530
66.92	-66.08	86.67		-8560	6002	6465
-131.80	-63.56	-8.98		-7174	-1878	2842
-131.65	-62.45	-8.37		-7027	-1878	2692
-153.32	-53.55	7.36		-6257	-1293	1608
-155.94	-53.63	8.10		-6437	-1111	1610
150.66	-44.97	30.44		-7122	1364	1431
150.78	-44.70	30.49		-7077	1338	1415
159.26	-20.81	23.36		-4363	643	-627