123	20.70	138	20.75	180	27.19	1	508	-156	1734
127	22.55	115	22.33	12	11.10	137.32	1.68	10.39		-406	2671	1337
132.55	-18.77	-16.61		673	6149	2142
132.62	-18.91	-16.80		692	6201	2168
156.39	33.70	24.77		1811	-238	3873
158.43	35.93	27.50		1970	-452	4170
175.46	28.88	49.04		1509	-1705	4379
173.72	27.12	46.96		1298	-1725	4163
156.05	-22.01	-15.56		-1488	6671	1543
155.99	-21.86	-15.25		-1472	6548	1513
171.15	30.02	51.41		1198	-3487	4974
173.27	31.27	53.68		1452	-3658	5011
161.69	19.66	41.31		36	-1739	3146
160.66	18.77	40.02		-32	-1528	3012
155.01	-2.22	15.96		-1529	1789	1139
155.19	-1.13	25.52		15	25.15		323	183	1183
183	22.95		795	555	70.16	14.84	23.06		779	539	1.02	7.98	1.46	7.97	32	-86.72	8
45.70	-0.71	-86.61		-8185	-3230	15639
-20.32	78.70	50.50		-4437	8677	4435
-30.61	79.69	39.14		-4489	8608	4540
-71.95	15.86	-23.45		-4541	1350	1995
-71.44	14.19	-22.90		-4373	1270	1923
-86.39	-36.56	42.09		3457	-253	4083
-89.77	-37.28	45.87		3607	-382	4368
119.20	27.26	179.30		-3935	6022	12903
119.02	29.65	-177.72		-3509	6441	12886
166.30	45.28	-57.38		3647	8551	4929
167.53	45.22	-56.57		3566	8642	4888
98.61	73.02	-175.52		-2068	9350	9698
98.26	70.40	-179.99		-2534	9088	10026
-156.24	-78.11	96.85		2330	-4319	8633

12	156.68	10	158.23	
95	-28.10	99	-24.40	28	44.01		26.15	11.25	2867
8	64.18		7.36	12.19	63.87		-577	8445	3822
18.43	23.45	62.64		-3195	6144	3948
21.09	23.50	63.52		-3486	6119	4067
37.58	25.13	86.00		-7039	8027	5707
35.05	25.45	85.22		-6877	8095	5547
7.18	9.84	66.61		-963	8993	2826
6.56	9.30	66.47		-749	8984	2773
1.01	12.40	51.15		-835	8142	1232
0.52	12.53	50.40		-806	8068	1156
-20.94	8.64	27.35		570	4513	-1494
-21.42	8.40	27.14		693	4513	-1495
-7.81	10.43	25.25		-431	4999	-1246
-8.06	10.45	24.85		-440	4910	-1224
1.49	8.13	18.59		-662	4001	-1407
.74	11.35	14.27		1	7.55		-17.10		-722	4.12		-23	4.22		