25.46	17.80	11.84		-1286	1883	1790
25.33	18.02	12.09		-1342	1905	1773
22.59	22.82	8.03		-1521	1001	1715
0.07	22.37	8.94		-1627	1244	20.14	22.24	8.94		21.62	16.58	4.69		-624	942	1192
2-591	927	2219
11	-4.34		23.63	7.28	-31.74		2207	-2369	2762
24.38	7.26	-32.65		2275	-2427	2861
58.58	33.14	-75.69		6069	-665	7440
59.47	34.26	-76.60		6299	-425	7579
89.78	46.00	-40.55		4875	-231	4540
90.14	45.08	-39.35		4761	-233	4378
90.45	6.15	-16.67		2361	3047	2026
90.26	5.26	-16.14		2311	3164	2027
76.46	-14.28	6.22		-89	4664	1735
76.01	-14.33	6.67		-144	4647	1729
67.68	-9.03	15.92		-710	3976	2336
67.66	-8.77	15.86		-712	3953	2319
64.92	0.30	10.25		-373	2547	1965
64.85	0.51	10.05		-362	2523	1952
87	-6.33		81	-5.37	-02		-174743
-94	-102.5159	-130.02
154.33	20.65	-127.71-.56	-63.7
-160.13	15.91	-62.08-128.05	16.87	16.09		1848	1886	2140
-127.20	17.37	18.19		2067	1842	2232
-111.31	19.01	142.06		3107	-2825	12075
-111.09	18.39	145.17		2891	-2722	12135
-143.45	4.74	-132.62		-4504	5831	12646
-144.07	4.68	-131.60		-4510	5918	12565
-165.05	15.48	-149.55		-4217	4630	13232
-164.52	15.36	-151.61		-4342	4272	13401
-120.55	10.14	101.16		5230	-1515	8381
-120.42	9.80	99.32		10285	-8756	8183
-126.30	23.57	81.92		4250	-2191	6610
-126.49	24.77	83.54		4187	-2238	6857
-164.31	20.11	-176.43		-4380	1663	14839
-.46	102.4-.44	99.91
-.59	53.03
-142.87	11.56	52.85
-.32	78.01
-.10	78.95
-69	69.53	-137.06	67.47	68.58		7657	-22	5656
174.70	56.71	27.99		5453	-2688	2014
175.92	56.59	27.79		5579	-2429	1977
-165.38	57.19	20.29		6643	2052	1996
-163.97	57.32	20.86		6723	2181	2033
-152.41	39.70	32.23		5412	659	802
-152.12	39.04	32.36		5368	603	781
-149.38	17.29	19.22		2913	369	-1038
-149.03	16.89	18.39		2765	478	-1086
-131.34	12.26	-1.28		9	3548	-1520
-131.42	12.46	-1.43		-14	3578	-1521
-122.28	15.92	10.06		2511	4364	-1528
-122.85	15.27	10.52		2583	4167	-1499
179.15	-1.91	38.76		-936	-2693	335
177.80	-1.90	39.70		-1042	-188	26.48	193	25.74	107	5.71		