103	13.40	1.93	13.43
1.66	15.86	159	15.89	1.71	15.791.65	15.80		-738	726	1602
103	15.42	194	15.34	165	15.78	160	15.82	143.32	-4.49	15.65		94	12	1588
143.36	-4.48	15.62		121	28	1588
143.58	-6.20	15.56		-207	324	1368
143.60	-6.13	15.54		-188	313	1362
143.54	-4.79	15.82		13	131	1516
143.52	-4.82	15.85		9	149	1508
140.32	-0.65	18.83		214	-309	1692
140.02	-0.58	18.87		203	-317	1674
137.20	-0.94	18.39		-106	-249	1613
137.20	-0.93	18.31		-77	-257	1586
138.44	0.02	15.90		291	-180	1583
138.45	0.02	15.84		292	-178	1589
138.67	-0.92	15.11		241	39	1496
138.68	-0.90	15.09		249	35	1497
140.21	-0.117	13.59	11	14.00	11	14.05		510	13.42		19	13.39		1	15.11		3107	15.21	139.93	-0.39	15.93		-326	-46	1337
140.62	0.03	15.77		-270	-54	1313
-162.33	24.18	48.21		4515	-1262	4217
-160.06	24.27	50.53		4654	-1290	4423
-122.03	4.40	90.89		6587	-36	8347
-122.27	4.49	89.53		6577	-107	8245
-149.95	12.76	1.78		1047	4497	1010
-150.40	12.79	-0.08		1043	4745	1036
-150.57	4.79	20.63		1363	1431	2029
-149.79	4.58	23.15		1511	1147	2192
-135.53	-3.73	61.52		4149	-1500	4870
-135.70	-3.75	60.13		4057	-1486	4747
-140.40	-2.60	23.59		961	1248	1507
-140.43	-2.65	23.41		960	1246	1561
151.76	-26.59	86.69	152.76	-14.44	94.48	1104.40		1	105.00	-	41.88		-	40.39		-3726	5514-5	5.49		-6	5.01		-1.91	3.50	-14.93		-620	-1331	2242
-1.78	3.04	-15.35		-546	-1380	2270
7.33	-13.98	-25.57		1679	-1635	2406
7.61	-14.80	-25.74		1747	-1580	2441
96.56	-79.42	-138.45		3437	-3362	9466
109.61	-77.77	-152.67		3376	-3386	9679
25.39	35.86	146.99		-21	7706	12748
23.40	38.05	145.81		305	7822	12524
-7.95	52.31	112.06		1759	9403	9331
-7.68	51.33	112.92		1773	9523	9409
46.98	16.73	169.62		-1106	5016	14528
50.97	15.40	171.61		-1210	4785	14649
111.08	-38.82	-128.94		4706	890	12030
110.99	-39.61	-128.19		4857	840	11906
36.32	-45.1338	4792
152	-36.591		2877	-1749	3336
213	-27.95280	-27.92160	-34.2317	-34.12	20	-22.02	20.68	-4.61	-21.66		202	-960	1756
-40.21	2.57	-28.84		-4062	432	2529
-42.20	2.49	-29.17		-4117	555	2468
-108.26	-9.82	-26.5057	-25.77	26.07		2756	-647	2536
-135.48	-22.67	38.29		2951	-1351	2877
-135.76	-22.40	38.12		2958	-1300	2864
-126.08	-6.69	26.56		3004	1156	2064
-.15	-141.
-18.65	-46.49	-141.79		-5337-.18	-146.051
-66.09	-9.91	-146.77
-.05	-150.600
-.78	-150.816
-.33	-130.99
-56.59	-35.71	-128.93		-7479	2429	10657
-28.09	-47.94	-79.59		-1840	-4374	5475
-28.18	-47.87	-79.17		-1828	-4427	5406
-48.82	-44.65	-60.86		-3482	-3353	3624
-48.80	-44.95	-60.45		-3409	-3367	3613
-49.83	-58.11	-47.11		-1338	-4762	3402
-50.07	-58.30	-46.49		-1274	-4750	3386
-47.19	-64.76	-25.37		2674	-4636	3136
-46.24	-64.78	-25.13		2839	-4596	3132
-8.24	-59.06	-28.09		6468	-2343	2635
-7.90	-58.69	-28.02		6479	-2320	2593
-51.44	-35.15	-10.95		2068	-1411	-360
-52.17	-34.98	-10.91		1992	-1406	-384
-51.95	-39.92	-15.76		1968	-2749	296

