-32.48	5.75	-3.59		-1270	3697	1660
-32.87	6.22	-3.03		-1263	3754	1651
-36.44	1.82	-8.23		-1367	2491	1362
2.57	-40.71	-39.29		3214	-1469	3674
-14.14	-12.27	-27.65		-702	-694	1563
-14.08	-12.18	-27.47		-674	-694	1533
-7.19	-21.62	-25.96		1542	47	1432
-7.27	-21.37	-25.91		1485	23	1427
-11.13	-14.61	-24.49		17	-291	1644
-10.99	-14.84	-24.51		69	-309	1676
-14.85	-5.92	-18.92		-458	916	1250
-15.27	-4.92	-18.71		-541	946	1185
-169.85	-15.97	103.10		-4826	-5699	11847
-163.22	-9.20	99.43		-3560	-4437	11846
-151.11	-57.22	-85.40		-5600	9387	5793
-151.41	-60.70	-83.53		-5605	8972	5425
134.70	-29.70	17.41		-4394	1408	952
135.11	-28.27	16.86		-4251	1363	874
-95.12	-60-.68	125.35		3715	-1.07	-4.2-.77	-5.45-957	3147
-.04	-56.5
-2.16	-17.0
-2.37	-15.8163.93	-21.74	5.31		-1511	672	1069
163.63	-21.94	5.19		-1527	810	1056
144.32	-22.04	12.96		-2454	490	1285
144.39	-22.11	13.28		-2507	412	1315
133.12	-7.97	45.19		-4294	-3366	4269
132.62	-7.37	45.60		-4297	-3439	4309
124.24	-4.10	38.00		-3659	-1470	3205
124.16	-4.04	37.87		-3644	-1464	3176
118.13	-1.59	37.63		-3433	-1775	3398
118.12	-1.84	37.72		-3458	-1728	3425
129.33	-6.93	34.73		-2972	-1163	3083
129.47	-6.73	34.43		-2897	-1161	3002
143.69	-4.78	9.95		-180	209	1639
144.56	-4.85	8.99		-82	307	1629
166.03	16.66	-16.97		3644	4063	2029
165.94	16043	2033
