141	-168.09		-1600	121	-167.11
152.76	47.15	-156.15		-3532	9123	13667
-177.98	53.71	-133.08		-5558	9655	11802
-175.42	54.33	-130.87		-5639	9746	11624
176.62	49.95	-139.36		-5453	9845	13645
174.17	49.69	-141.20		-5311	9809	13744
123.17	35.09	179.45		-2409	6681	16173
122.88	35.12	179.21		-2441	6640	16193
-88.93	66.30	-45.37		-6739	9145	6886
-85.59	63.90	-42.66		-6756	9040	6451
-80.78	46.97	-47.33		-7518	7545	5787
-81.94	48.04	-47.80		-7590	7717	5871
135.66	75.09	176.47		-5684	8455	11164
134.96	74.94	175.93		-5662	8430	11171
-54.63	16.28	-22.64		-4499	3546	2792
-61	-6.95		-5346	7-90	-6.98	-.00	-23.1-.73	-23.8-.64	-22.6-.50	-22.1-09	-16.87-36.66	-2.18	-17.29		-1952	1865	1625
-27.34	-18.85	-26.31		-155	-398	2100
-27.62	-18.42	-26.04		-208	-329	2087
-50.24	3.26	-15.63		-1951	3161	1636
-50.92	3.95	-15.47		-2015	3278	1661
-64.99	15.46	-12.78		-2096	4195	1891
-64.82	15.27	-12.73		-2073	4154	1842
-42.27	-31.18	-16.28		1079	-289	2751
-41.62	-32.87	-16.58		1255	-404	2825
-34.26	-34.60	-18.49		1728	-597	2838
-34.66	-33.90	-18.41		1620	-559	2761
-45.56	-5.79	-12.66		-1012	1952	1099
-45.57	-5.45	-12.62		-1034	1986	1110
-31.51	-25.57	-21.92		839	-419	2160
	1430
-.73	-19.9-.70	-19.97		354	91-.29	-17.32
-47.21	-11.57	-17.0-8	-12.47	
-79.91	19.334	1998
-1	-16.22	-96.71	8.32	-16.03		-693	3833	1958
-111.78	-1.57	-11.93		-470	2524	1725
-112.04	-1.82	-11.81		-482	2481	1722
-113.02	-19.31	2.40		895	-198	2558
-113.19	-19.50	2.27		884	-260	2458
-100.78	3.36	-14.27		-829	3098	1667
-100.01	3.88	-14.14		-818	3159	1643
-58.09	-12.23	-9.18		764	1041	1409
-57.17	-13.24	-9.65		749	903	1398
6.51	-57.08	-47.36		4629	-1270	5646
7.17	-57.17	-47.49		4733	-1272	5727
-43.22	-17.78	-9.12		233	1344	1464
-44.43	-15.89	-8.26		126	1505	1384
-53.79	27.89	4.25		-939	5725	2948
-53.88	28.-.95	-22.7
-39.33	-411951	4307-.58	-25.65
-225	4715
-.32	-20.7
-25.56	-29.07	-20.9
-.89	-24.3-.80	-24.45		427	81-31.70	-13.21	-16.33		94	401	1733
-32.19	-12.53	-15.65		58	481	1697
-36.78	-2.04	-3.41		-245	2902	1372
-36.66	-2.44	-3.66		-208	2825	1393
-24.99	-10.33	-16.02		245	510	2598
-24.92	-8.89	-15.91		70	645	2578
-19.92	6.64	-85.72		-11821	8385	13051
-18.66	-2.62	-93.11		-11887	8295	14825
-157.86	11.91	-69.46		-603	10093	6549
-157.48	11.02	-72.17		-919	10236	6592
-170.73	-13.82	-31.78		-2727	4413	1420
84.86	nan	-14.60		12943	17155	-18205
154.95	-53.02	-97.95		-3008	10633	764-3.90	-93.51
1.96	-34.41.36	-36.1-.57	-160.00
-05	143.78-57	141.11-.16	48.81-145.78	52.72	47.35		5447	-884	6063
-171.29	59.77	61.05		3136	-4194	7940
-170.53	58.92	61.94		3137	-4293	7924
-177.47	43.64	53.71		1945	-3981	5788
-178.57	43.93	52.78		1914	-3977	5795
134.17	29.62	-10.81		2461	1492	2085
133.70	28.78	-11.79		2453	1627	2028
127.69	14.13	-19.01		1350	2632	1390
127.90	14.43	-18.62		1369	2599	1374
163.19	29.75	16.05		1730	-408	2695
164.51	29.88	17.30		1782	-508	2769
-163.53	22.71	51.61		2264	-3789	5066
-163.08	22.40	51.78		2293	-3731	5051
-174.77	20.54	9.91	