142	3.12		1	436	2045	1469
949	-1.12	961	-0.82	8	8.00		-85	8.06		-16	23.13		4245
123.52	43.136.65	48.96	37.28		845	-2874	4454
135.66	48.17	36.33		764	-2785	4342
125.59	31.42	22.77		212	-1026	2134
125.81	31.19	22.72		249	-1003	2139
126.49	26.43	22.40		174	-537	1968
126.27	26.27	22.20		161	-508	1946
122.93	26.15	18.95		259	-324	1819
123.01	26.25	19.02		256	-358	1824
129.23	24.47	17.62		601	-223	1626
129.44	24.33	17.46		642	-181	1613
133.73	15.79	15.39		170	995	1368
133.91	15.69	15.46		162	1000	1360
141.27	17.25	18.26		348	500	1672
141.38	17.28	18.23		368	501	1702
.20	9.17	36.12	-13.69	9.34		-1991	39-1		-8098	-.45	174.61
-.28	-26.5
-145.25	0.98	-25.61-.26	3.64	-99.09	28.777	4681	-74.47	-17.74	12.23		1609	-327	1760
-73.98	-19.25	12.38		1657	-418	1834
145.34	-60.21	161.56		2459	-1344	11384
142.46	-57.13	163.65		2161	-1085	11614
66.52	58.88	-176.35		2644	8883	11195
66.14	61.06	-174.91		2924	8860	11010
119.44	72.51	-100.39		4909	7554	7848
116.15	72.01	-104.13		4901	7613	7985
107.89	-11.94	-172.14		1131	1625	13921
109.43	-15.40	-173.22		1179	1258	13945
-101.95	-48.60	57.92		4504	-1590	5776
-101.02	-47.51	57.29		4517	-1542	5691
-38.22	-31.07	40.03		4772	2476	3824
-36.41	-30.54	39.64		4721	2687	3725
139	37.06	14.32	-21.14	2211
124	27.27	111	27.01	-.60	9.00		1503	132-.18	8.52	-9.43	61.22
-8.95	64.93
172.42	1.99	98.56		-1125	-4892	7608
173.13	2.85	97.94		-1036	-4860	7572
-171.09	-13.93	71.48		2215	-5569	4531
-172.39	-16.36	70.03		1677	-5455	4387
-142.92	-55.74	7.59		-6571	-1317	2774
-142.25	-55.28	7.88		-6417	-1350	2702
-161.48	-27.07	52.83		-375	-4060	1898
-162.44	-26.22	53.61		-369	-4114	1922
159.16	-14.88	60.27		-2380	-3623	2465
157.84	-16.19	60.13		-2598	-3557	2529
-17.60	-57.47	-113.96		-7148	-3784	12277
-18.53	-54.55	-112.95		-7032	-3873	12376
-41.84	40.12	-86.15		-4909	-4156	10535
52.65	nan	-4.05		935	17858	-