43	0.66		348	0.54		375.54	58.39	3534
76	29.61		-.39	149.7336
-.73	149.6420
-.49	130.84
-173.67	57.01	129.63		-2673	533	286
51	-13.61	55.70	-32.95	-25.97		6782	3339	3210
54.97	-33.51	-25.72		6792	3220	3295
43.31	-37.52	-18.37		5680	2249	4036
43.66	-37.58	-18.24		5690	2409	4083
59.28	-27.78	-16.21		3919	3443	3232
60.01	-27.08	-16.77		4033	3575	3202
84.19	19.09	-22.30		3389	844	2705
84.45	21.20	-22.12		3387	623	2774
149.87	89.81	42.32		2840	-3691	7813
120.20	89.26	12.28		2879	-3724	7889
126.17	16.21	2.07		226	1605	337
126.55	15.37	2.45		209	1635	302
146.66	28.65	31.92		435	-954	2853
148.21	29.95	33.49		626	-1133	2955
1588	2799
1.17	-10.6
181	16.22	100	18.04	163	30.26	169	29.90	107	19.53	166.25	9.13	18.95		194	55	2736
154.16	-36.80	58.84		-7388	9910	4672
150.90	-31.65	66.87		-8219	9688	7272
-9.99	-23.28	100.64		-1555	15580	12986
-9.25	-18.22	104.50		-1654	15525	12977
-46.36	47.50	33.06		-1308	7505	3146
-47.06	45.07	31.36		-1304	7193	2905
-51.38	-33.54	3.03		1941	-1508	2532
-51.00	-35.71	2.83		2053	-1647	2682
111.52	-14.73	169.99		-2457	733	15543
108.68	-10.04	170.33		-3088	6977	11707
165.05	37.82	11.08		3270	323	1160
161.96	35.18	10.75		2904	225	981
149.31	12.16	0.24		1280	3043	735
149.77	13.70	0.21		1524	2927-.05	43.15
-66.33	-72.66	36.97
-24.26	-37-.01	6.63		3248
-.78	-1.21-32.20	-39.49	3326
-.60	-10.5-2	-10.64	
-48.28	-29.59	-2.16		1118	-1021	2576
-49.12	-29.16	-1.84		1076	-997	2547
-62.97	-14.49	5.77		183	1136	1624
-63.24	-14.56	5.81		192	1094	1631
-77.15	-47.72	39.60		3940	-423	4094
-79.86	-48.96	42.67		3989	-499	4292
151.77	-16.17	145.03		-97	-2986	12701
150.54	-15.16	145.80		-123	-2776	12854
78.97	-13.53	-173.43		-1802	389	15771
78.03	-13.65	-173.12		-1882	382	15797
158.36	-65.04	133.25		34	-5005	10434
167.79	-66.09	126.20		397	-4879	10011
-73.57	-31.41	53.27		6038	2876	2800
-73.97	-31.64	53.24		6036	2774	2802
242	2995
-4.82	51.09		-14592	11291	29-.09	49.39
-.13	50.22-.56	43.38-60	42.29	-.69	19.95-1.67	19.9-91.86	-20.46	41.37		5315	578	232
-90.65	-20.33	42.11		5601	726	336
-89.58	-25.17	29.85		4573	-11	-85
-90.47	-25.68	28.80		4356	-166	-156
-126.46	-35.18	-1.79		-3709	-1592	-75
-126.41	-34.93	-2.09		-3736	-1516	-125
-86.65	-14.95	11.40		-409	630	-1985
-83.86	-14.42	12.53		-150	974	-1968
-58.94	-19.31	21.07		4582	2546	-641
-60.17	-19.80	20.14		4534	2278	-690
-109.05	-29.68	0.58		-2097	-1926	-845
-108.97	-29.37	0.71		-1965	-1884	-824
-92.39	-13.35	1.64		-375	608	-1345
-91.89	-13.09	1.74		-326	661	-1354
