2.81	38.23	0.46		-3977	1402	3745
2.60	38.64	1.22		-4055	1515	3774
13.95	37.08	16.50		-3956	2482	3423
13.84	36.75	16.29		-3908	2423	3340
34.72	11.50	11.27		-302	1876	1893
34.36	11.42	11.08		-325	1855	1899
20.82	7.41	-0.60		162	593	1616
20.63	7.25	-0.61		205	583	1592
23.61	6.51	-2.37		573	360	1657
23.96	6.60	-2.57		633	373	1675
34.54	-3.29	-12.18		2010	586	2002
35.93	-3.76	-12.50		2114	635	2006
92.99	-4.53	-11.62		2709	2782	1982
93.81	-4.06	-11.14		2637	2816	2002
84.10	10.18-7.21		280.85	7.77	-7.35		188	-7.01		2263
66.88	10.525	648	1986
63	4.01		5	11.81		5	12.06		43.84	20.40	16.59		-2787	1108	2393
43.63	20.63	16.36		-2770	1068	2376
34.33	12.86	-3.67		-521	-228	2133
34.15	12.12	-4.18		-403	-225	2124
33.05	-6.16	-10.27		1988	635	2073
32.84	-6.13	-10.26		1962	636	2063
44.60	3.86	-14.19		1047	-99	2298
45.40	4.03	-14.46		1049	-57	2343
71.89	9.80	-16.08		2711	-201	2544
71.86	9.84	-15.68		2649	-211	2517
60.10	10.82	-2.46		696	519	2107
59.39	11.09	-2.25		649	495	2117
16.77	27.05	-0.18		-2546	839	2624
15.66	27.34	-0.23		-2601	878	2624
	1.72		3009
57.92	7.30	1.75		522	1412	2024
15	5.67		4610	6.14		136	53.59		1	2263	-2905	4764
182	31.07	154	30.52	1	23.13		182	551	1882
166.17	8.61	23.15		182	541	1889
169.68	5.04	13.56		271	1448	1913
169.75	4.71	13.13		264	1507	1893
170.26	0.18	11.47		-278	1646	1320
170.33	0.29	11.60		-264	1650	1326
174.81	3.99	21.91		140	713	2002
174.80	4.06	22.20		121	678	2026
168.55	6.88	25.02		-110	479	1235
168.69	7.11	25.03		-78	510	1211
-160.36	33.80	111.16		-6212	3458	16507
-155.72	35.26	121.65		10453	7291	-16350
-64.36	25.87	-38.08		-3963	1521	4928
-63.30	25.02	-36.05		-3767	1398	4596
-46.10	-0.35	-67.17	129	104.35
123.15	38.95	99.30	168	50.65	163	51.93	78	-147.31633	-141.57-28.50	19.14	-34.21		-2853	-911	3989
-29.40	20.23	-33.81		-2913	-852	4044
-32.63	51.27	-18.04		-5168	2373	3675
-32.54	51.56	-17.80		-5206	2410	3647
-55.27	16.44	-21.28		-3880	944	2231
-55.58	14.51	-20.80		-3715	861	2256
-80.72	-47.25	28.29		4020	-2354	4802
-81.41	-47.71	29.61		3996	-2404	4926
-48.85	-34.78	61.93		6588	4208	5742
-47.56	-33.99	61.85		6548	4432	5664
-28.93	-3.39	41.93		2044	4736	2810
-28.42	-2.78	41.57		1990	4793	2745
-15.52	10.53	24.19		-598	3592	1220
-15.16	10.50	23.87		-617	3532	1176
