-37	3.80	-73	3.59	-55	3.64		-17	9.80		-43.62	10.69	9.92		639	2344	1324
-32.93	0.89	9.98		1742	2120	1197
-32.53	0.53	9.84		1806	2098	1197
-27.08	-5.76	-1.75		2040	353	1399
-27.18	-5.70	-2.10		1965	336	1441
-11.88	-7.82	-20.56		1661	-891	1587
-11.15	-7.73	-21.29		1622	-822	1631
35.11	14.92	-66.79		5242	-2961	6610
35.14	15.48	-67.15		5207	-3030	6571
27.66	7.78	-41.31		2191	-1144	3134
27.13	7.42	-40.91		2184	-1060	3059
28.63	10.02	-38.10		2402	-1081	2814
28.73	10.35	-38.07		2348	-1095	2890
31.59	12.98	-31.23		1499	-813	2641
31.73	12.97	-31.10		1487	-775	-35.72		183	-1004	2486
-78	-99.36-9		-3923	1449	7712
717	84.50	
988	60.31	-8.72	16.85
-171.36	-28.21	16.8-2.48	11.5-141.85	-22.40	11.03		-851	-843	2735
148.07	-19.24	-10.66		-1941	3595	2499
148.21	-18.74	-11.06		-1889	3715	2452
147.26	-5.24	2.60		-1142	1076	1977
147.27	-5.07	3.00		-1157	1020	1974
144.76	-2.31	5.31		-846	902	2034
144.65	-2.32	5.25		-840	914	2027
144.34	-1.92	5.01		-870	835	1851
144.59	-1.87	5.06		-846	794	1833
-138.71	-14.51	8.62		439	412	1796
-135.71	-15.97	8.86		606	616	1945
81.24	-57.39	-175.46		1557	-2918	11097
81.56	-54.73	-175.16		1690	-2853	11310
82.93	-13.00	-177.42		969	536	15446
82.90	-13.50	-177.7