351.95		5365	-132.3320	-131.389
-72	-106.74-50	-106.742	-143.35	4	-142.39	-8		2216	--11.09	-29.55	-30.66		2235	36	4470
-24.64	-21.35	-10.67		2351	111	2391
-24.05	-21.46	-11.28		2447	161	2412
-12.30	-35.09	-61.74		564	-3957	6844
-11.27	-35.50	-63.75		540	-4023	7065
-36.05	-7.47	-32.55		-1600	-793	3867
-38.16	-6.06	-30.20		-1698	-371	3719
-36.81	16.59	7.96		-25	4233	1997
-38.25	16.79	7.83		-22	4291	2037
-62.24	14.23	-10.02		-1110	2558	2502
-62.97	14.34	-10.40		-1189	2555	2514
-76.25	12.98	-15.42		-1370	2458	1941
-76.06	12.57	-15.30		-1317	2388	1931
--63	-6.13		420	1004	-.42	-23.9-.53	-25.1
384	-95.33	30.20	-38.698	8892
-40	-34.25-93	-33.48		1559	--6.43	-5.67	-26.18		1109	6660	-2714
-6.97	-6.07	-29.35		954	7789	-3297
107.03	-6.35	42.91		-6502	1701	5160
107.67	-6.36	38.39		-6118	1481	4785
133.82	-24.18	-21.37		-531	4912	1841
134.13	-23.56	-20.79		-526	4847	1812
131.83	22.44	4.01		807	456	2109
131.82	24.63	4.60		772	161	2236
-125.62	0.88	-175.70		-1232	3414	16327
-130.29	-3.82	-174.59		-879	3765	16056
-37.72	-27.62	-17.55		732	254	1371
-38.78	-26.79	-17.54		572	254	1293
159.96	-77.82	-151.68		6342	5217	10291
172.45	-74.93	-161.36		6185	5602	10780
192	0.77		-5.91	23.347	11198
-2	-121.93204	-148.200
25.25	-51.-3633	1137538	-131.43
52.48	-33.83	-130.62		5777	-3218	1080071.43	56.57	-10.62		-2520	-3242	4772
75.78	56.29	-6.48		-2575	-3227	4684
138.98	35.23	39.57		-658	-4249	5499
139.35	34.74	39.66		-560	-4332	5464
139.03	-6.97	33.38		-3779	-728	3948
138.65	-7.89	32.94		-3911	-584	3900
177.88	8.29	16.49		1358	600	2671
179.21	9.64	16.85		1703	572	2760
-166.01	27.99	34.36		3047	-1964	4177
-166.23	28.17	34.68		3028	-2062	4168
-163.49	37.79	30.97		4328	-619	4223
-163.64	37.94	30.86		4356	-630	4221
152.88	38.41	17.17		2439	-1299	3492
150.29	38.21	16.69		2259	-1309	3480
176.11	10.85	19.34		-403	-17175	19.73		-400	-251	2391
-15	32.23	-98	32.29	-.57	37.77-.14	37.81-		1983	--49	36.98	