2	-3.48		1.46	-0.541.39	-0.57111	-1.41	197	-1.42	129	0.82		172.94	-3.114
13	17.00		19	17.69	161.33	-0.91	40.32		-900	-3151	3430
161.49	-0.98	40.78		-901	-3149	3475
-174.13	-7.31	81.65		1646	-3905	8656
-173.66	-7.75	83.33		1833	-3888	8853
-177.53	-20.92	84.87		1125	-4334	8222
-177.48	-20.97	83.47		1027	-4272	8005
-163.83	-21.40	43.64		1014	-2297	2736
-162.98	-21.73	43.32		1074	-2243	2731
-157.57	-45.79	39.01		-1129	-2854	3522
-136.28	-33.48	16.29		-698	-587	1709
-135.90	-32.99	16.07		-661	-536	1689
-125.85	-20.55	17.08		833	367	1909
-125.84	-20.31	17.12		844	388	1928
6.45	16.1-117.78	-16.65	15.92-6.20	8.33		372	13-109.19	-1	397	1343	1444
-7.45	8.03-7.49	7.98-.58	-7.78-.04	-8.55121.72	3.29	146.12		-8062	8305	11015
122.12	10.88	148.03		-8474	9619	10610
-8.87	-27.23	42.81		3063	5838	4925
-9.01	-28.92	45.14		2948	6134	4853
11.77	-26.41	42.04		1089	7375	1573
12.28	-25.35	40.63		1030	7263	1422
15.10	3.25	-56.94		532	-2142	6624
14.74	3.74	-60.59		744	-2020	7015
-46.73	-7.81	126.15		3419	8166	10892
-49.63	-8.17	122.03		3830	8230	10455
-92.14	-17.77	35.16		4107	650	784
-91.90	-17.77	35.19		4030	707	820
-51.97	-8.17	119.78		3938	7885	11727
-46.78	-6.82	123.31		3355	8448	12176
1044	4510
44.13	-35.		4859	-1084	4425
146	-16.2319.22	-24.-42	-2.90	-2	-19.73		2	-19.85	-20.59	-12.63	-15.28		-485	-771	2195
-21.70	-12.51	-14.38		-531	-605	2144
-35.25	-5.50	11.37		377	3876	1132
-35.12	-5.35	11.40		314	3881	1093
-2.21	1.84	-6.05		-1450	530	1300
-1.34	2.18	-6.28		-1420	505	1286
-1.70	8.29	-6.65		-2037	660	2092
-2.00	8.13	-6.75		-2053	621	2161
11.93	3.00	23.70		-2473	4440	1726
12.76	3.09	24.52		-2466	4552	1741
32.68	-1.92	21.60		-2024	3231	1497
32.78	-2.11	20.76		-1865	3152	1490
40.33	-0.41	2.78		861	730	1467
40.07	0.01	2.88		792	732	1505
-5.94	27.38	8.71		--05	6.45	-10	1.61	8	6245
-118.84	56.87	0.06		2708	7174.72	39.122	-43.65	191	-31.22144	-31.46-.14	-48.0