8	-7.05		83	-7.33	83.29	10.74	-9.81		1622	1454	-1911
83.19	10.86	-9.79		1569	1553	-2000
82.34	13.87	-8.92		1550	551	-1407
82.20	13.98	-8.79		1514	592	-1434
75.15	17.68	-3.32		564	788	-1483
75.20	17.92	-3.16		571	847	-1455
74.84	29.56	2.62		-1074	-1757	-916
74.87	29.76	2.74		-1099	-1803	-904
73.71	24.85	1.18		-1462	-644	-1287
73.55	24.61	0.82		-1415	-558	-1295
71.21	20.35	-6.25		1066	-960	-1388
71.24	20.25	-6.09		1022	-971	-1396
72.92	16.78	-4.88		668	124	-1549
72.95	16.74	-4.90		668	175	-1543
6.53	22.61	-5.39		73	-5.36		79	-3.84		7	-3.78		7	-2.96		77	-2.91		89	-4.91		87	-4.88	88.26	17.08	13.81		-1798	1171	-813
86.89	17.24	14.51		-1964	1222	-816
55.44	18.85	28.60		-4744	3215	-554
54.84	18.60	28.62		-4719	3313	-566
61.10	21.66	19.95		-3569	2615	-605
61.84	22.05	19.45		-3616	2444	-660
59.37	24.63	9.92		-3077	1085	-996
59.22	24.76	9.72		-3068	1067	-991
44.83	28.29	1.78		-2887	-66	-943
44.69	28.25	1.63		-2885	-100	-936
60.68	17.55	-5.69		-275	845	-1261
60.25	17.35	-5.99		-187	825	-1261
58.32	20.48	-6.73		-479	49	-1260
58.15	20.65	-6.63		-519	40	-1253
44	33.32		441	81.86	
432	82.20	76	59.28	74	58.61		65	51.91	60	51.61	67.27	23.36	26.22		-3898	2592	2031
67.47	24.31	25.60		-3951	2404	2035
78.74	31.36	14.93		-2823	122	2124
78.77	31.10	15.02		-2829	168	2096
79.22	24.73	16.93		-3040	1291	1799
79.24	24.21	16.98		-2981	1292	1783
76.40	12.09	10.50		-1839	2694	1331
76.41	12.29	10.13		-1817	2635	1357
72.69	7.23	6.50		-876	3094	1507
72.31	7.12	6.52		-873	3138	1493
55.84	8.80	-3.01		-200	1935	1518
55.80	8.42	-3.28		-152	1961	1537
68.95	20.24	-6.56		328	771	1775
69.11	21.34	-6.54		283	616	1818
81	-3.32	8	-2.70		1990	25.73		-3117	43927	26.21	-1	-69.98	99
-47.01	-37.08	-40.748	149.09	57	155.28	-145.55	53.74	-71.00		-3022	7734	5715
-143.56	53.79	-69.77		-3068	7720	5635
-85.86	35.54	-5.63		-678	4904	2024
-85.47	34.59	-4.79		-576	4774	1958
-87.59	1.62	12.91		1718	908	1604
-88.01	0.76	13.39		1774	793	1679
-126.53	-22.84	14.97		-1025	-2224	2848
-129.50	-23.23	14.82		-1219	-1986	2881
-157.00	-31.37	14.85		-2988	-1342	3838
-157.16	-31.42	14.28		-2998	-1209	3827
173.45	-30.73	-4.51		-3875	3448	3206
174.04	-30.58	-4.58		-3882	3429	3226
-179.85	-22.93	2.16		-3082	1541	2840
-179.77	-22.73	2.17		-3051	1516	2821
-7.38	94.42
-145.23	-21252	114510	-168.22	
119.75	6.611	15048
65	-132.7761	-133.21	95	-162.361
90	-163.49
132.50	-55.31	170.47		3159	-2477	11074
132.61	-55.04	170.44		3121	-2454	11098
146.76	-44.60	166.45		4262	-2033	11960
146.58	-44.83	166.31		4249	-2066	11927
138.90	-70.98	158.11		3647	-3764	8827
137.65	-71.78	158.58		3523	-3862	8754
38.53	-81.66	-114.00		1653	-5056	6983
37.34	-81.53	-112.70		1695	-5095	6963
-53.40	-74.49	-16.52		2122	-4894	4446
-54.80	-73.84	-15.29		2099	-4837	4361
-59.44	-42.96	-21.86		-532	-1813	1096
-59.79	-42.84	-23.04		-816	-1749	1173
-68.93	-84.56	-41.55		-4210	-5518	6079
-