-11	-121.395
01	-125.100
2	174.89	22	174.01	453	-169.0
420	-167.1
-.17	-45.7
-.14	-43.11
-3	-7.13	-7	-7.99	7.77	23.93	-63.15		13	-3911	4879
8.79	24.50	-61.24		-82	-3799	4812
42.43	11.35	-0.77		-1259	2648	636
42.97	11.16	-0.63		-1193	2618	599
21.97	20.03	-56.49		685	-2407	4730
21.96	19.97	-58.13		906	-2378	4805
24.84	14.38	-36.68		415	-1081	1995
25.02	14.34	-35.91		367	-996	1946
33.04	12.99	-26.64		294	90	1777
33.36	12.94	-26.53		300	135	1803
45.38	0.25	7.57		-1128	4631	1680
45.63	-0.06	8.72		-1202	4702	1668
-59.40	48.29	-51.32		-13750	16084	12683
31.14	72.77	148.98	-15	-30.97	-.72	-27.8
--94	67.23	141	-125.414	-122.2946.55	22.1-2740	21047.14	22.00	9.20		-2897	2277	1826
58.66	24.44	-35.85		657	-92	2961
61.00	24.04	-39.79		1303	-13	3230
-167.93	-5.03	-175.87		143	4582	14320
-163.87	-5.14	-179.43		342	4206	14326
-109.26	1.39	69.34		4795	-562	6292
-107.44	2.23	68.00		4825	-349	6130
-77.62	18.97	45.48		4313	3270	3410
-77.41	19.12	45.24		4310	3278	3397
-63.60	16.92	38.39		3351	4169	2683
-62.63	16.68	38.21		3308	4188	2640
-47.64	4.75	35.91		3340	3925	2434
-47.35	4.36	35.92		3372	3916	2438
-57.41	-10.16	35.20		4733	1930	2793
-57.59	-10.50	34.98		4725	1917	2795
-53.80	-162
-54.18	-15.63	-34.1-76	-17.57	-31	-17.16	-7	-15.04	-3	-15.33	-89	-11.26	-6	-11.42	-60.68	29.75	-64.37		-7392	-1550	5814
-60.86	27.77	-64.69		-7499	-1608	5856
-54.46	-9.84	-37.86		-1600	-1669	3702
-54.60	-9.22	-37.12		-1622	-1562	3706
-52.40	-8.23	-13.23		566	-391	1364
-52.41	-8.56	-12.57		661	-415	1241
-35.88	9.29	-11.66		517	212	2354
-36.85	10.21	-12.16		210	259	2317
-50.86	35.92	-23.13		-3647	2080	2421
-50.85	36.32	-23.12		-3679	2085	2425
-46.37	35.18	-20.85		-3126	2158	1727
-46.55	35.02	-21.06		-3115	2182	1737
-64.47	12.70	-24.73		-2879	844	1209
-63.40	11.53	-24.32		-2740	765	1227
45.08	-22.00	-32.01		237	-4-44.72	-223962	2666
-9	-33.20	-4	-33.90	6-98.47		6	-101.55		5328	221-.37	87.71
-151.26	54		3502	-3561	6086
