74.68	-24.32	15.71		-101	4428	2050
74.76	-24.08	15.65		-115	4393	2054
83.69	-11.96	7.14		337	2558	1521
83.92	-11.71	6.94		351	2524	1510
90.07	-2.94	1.07		704	1294	1624
90.41	-2.76	0.90		730	1286	1635
102.24	2.76	-3.44		1817	1039	1691
102.35	2.87	-3.45		1834	1040	1681
99.46	17.50	4.91		900	-613	1920
99.65	18.38	5.30		857	-705	1976
152.94	58.67	53.82		1371	-3781	7025
156.62	59.19	56.93		1476	-3806	7216
-172.52	44.21	72.01		3517	-3214	6914
-174.10	43.69	70.34		3446	-3191	6710
195	8.68	198	9.06		2443	668	2370
119	16.99	187	16.72	16	4.51		1	4.32		1-.03	-164.657
-90.60	21.	4716	2028-46.87	-22.53	-16.75		115	-1468	3931
-46.34	-21.91	-15.48		304	-1266	3938
-83.40	-25.72	-14.15		-1828	342	3336
-86.76	-26.65	-14.29		-1757	440	3380
-143.92	-58.56	-42.90		-6239	3684	7026
-143.48	-59.09	-44.22		-6257	3827	7098
-169.93	-52.56	-18.03		-4402	3012	4751
-170.63	-52.19	-17.16		-4368	2897	4647
-148.44	-51.11	-2.55		-4443	-479	4104
-146.30	-51.67	-1.95		-4393	-724	4120
121.80	-58.04	175.82		2998	-3719	10536
123.35	-56.21	175.73		2999	-3507	10781
-178.61	7.65	161.68		1268	105	14743
-178.83	8.11	161.55		1142	58	14719
-0	-4.30	-2	-4.18	-65	0.05	-86	-0.22	3	0.27		-45	0.38		-