108.54	-9.75	-9.86		2371	4107	2186
107.67	-9.95	-10.27		2466	4093	2239
81.17	-16.04	-12.14		2666	378.49	-10.55	-4.60		1655	2553	1934
76	3.85		779.82	-0.46	0.41		891	1357	1809
79.68	-0.35	0.36		886	1334	1808
81.18	2.96	0.59		751	875	1868
81.19	2.99	0.67		735	877	1871
85.06	4.59	0.80		458	725	1865
85.56	4.67	0.74		503	756	1859
110.74	24.29	12.53		740	-1188	2560
111.63	25.26	13.53		728	-1354	2619
142.51	39.16	28.15		2525	-2029	4835
142.47	39.07	27.85		2542	-2029	4794
134.19	17.41	6.51		1724	459	1755
134.12	16.51	5.92		1698	585	1695
124.00	-8.46	82.39		2411	11540	13798
124.33	-2.57	94.50		327	11434	15914
51.28	19.52	84.49		4866	7064	6581
-52.08	18.42	83.40	-0.75	9.56-157.63	-41-3.08	-25.8
-166.99	-62.82	-26.9
-1.67	-28.2
-167.86	-55	4793	4354
-162.90	-39.06	-27.76		-3542	4147	3327
-162.50	-38.73	-27.74		-3539	4128	3292
-144.06	-28.87	-18.17		-2643	2006	2161
-142.91	-29.00	-18.19		-2630	1931	2160
-18.66	-46.66	-117.51		-3454	-2376	9737
-16.82	-44.86	-121.18		-1271	1262	-16854
-152.88	40.46	132.10		639	-2218	12519
-158.97	40.43	127.85		316	-2379	12193
176.72	-3.85	106.43		300	-3908	10063
-178.74	-4.08	108.75		773	-3806	10322
7.88	-12.56	-121.30		-1053	-1187	14350
9.71	-14.37	-117.25		-610	-1233	13746
10.41	-14.63	-23.86		1048	-155	1666
10.93	-13.79	-23.2114	-1.95		15	-1.79		117	71.79		17	76.24	-.66	-71.90-.75	-68.56
-0	-3.29	