-126.44	13.44	-77.57		-5219	6522	4861
-124.62	11.52	-52.51		-3247	5226	2231
-124.57	11.51	-52.13		2368	-15365	23310
-118.77	8.75	-44.44		-3304	4665	1110
-118.70	8.58	-44.12		-3275	4624	1083
-115.58	5.54	-35.11		-2539	3649	280
-115.47	5.51	-34.98		-2525	3638	262
-115.64	4.60	-29.36		-1953	3189	-85
-115.77	4.69	-29.20		-1940	3179	-89
-121.88	15.87	-20.07		248	4418	-527
-121.84	16.19	-19.80		334	4445	-521
-127.58	21.55	-15.26		1382	4879	-413
-127.47	21.63	-15.13		1398	4876	-419
-116.71	16.94	-15.37		961	4725	-576
6		-145	878	-887
-8.42	-8.8-8.72	-8.6-7.55	40.5-6.83	40.9-.01	21.14
-168.88	-8.89	20.65	175.67	-5.73	8.39		-1318	-998	404
175.67	-5.55	8.09		-1274	-951	389
-172.83	-0.80	2.35		98	-380	-2
-172.76	-0.76	2.31		117	-374	11
-166.39	-1.03	-1.59		195	288	-87
-166.07	-1.18	-1.70		180	299	-86
-161.96	-8.77	-1.86		-922	-98	78
-161.92	-8.86	-1.81		-932	-107	81
-156.83	-6.90	-2.35		-378	-40	11
-156.65	-6.80	-2.43		-358	-13	7
-152.45	-5.01	-3.13		-57	179	-87
-152.38	-5.01	-3.11		-53	167	-89
-148.86	-5.19	-1.50		92	137	-133
-148.82	-5.24	-1.27		114	85	-127
-150.87	-4.40	-0.07		102	-339	44
	1617	1364	-233
-.47	13.15	-132.50	-5-2		1251	--8.32	26.4
-2.46	16.8-2.74	16.64
1.17	29.56
161.75	-32.14	29.76		-4303	-1955	3867
170.36	-21.29	19.76		-2694	-1734	2635
172.01	-20.91	19.23		-31997	29946	-7816
-147.07	-1.07	14.40		2049	-701	2184
-146.62	-0.92	14.59		2065	-754	2198
-133.70	1.54	11.86		2228	247	2198
-133.65	1.54	11.71		2177	276	2217
-101.75	7.26	17.24		4135	2095	2424
-100.49	7.27	17.67		4178	2109	2451
-78.84	-4.15	19.57		4164	2489	1745
-78.40	-4.76	18.96		4119	2480	1699
-26.98	-71.50	-51.13		1865	-3549	8378
-20.54	-72.80	-57.79		1918	-3615	8530
-81.30	16.63	5.86	-53.58	-501167	6869
-.14	-12.7-.68	-21.65
-8	-20.42	-71.59	14.-10	3.13	-69.71	-8.57	-8.78		-97	1164	1307
-69.05	-9.57	-9.23		-153	980	1318
-27.33	-46.81	-41.46		1547	-2195	4857
-26.60	-47.14	-42.33		1572	-2211	4921
-56.92	-22.87	-16.28		24	345	2095
-57.77	-21.89	-15.33		30	497	2005
-74.05	5.19	4.58		1014	3924	1825
-74.16	5.26	4.65		1015	3907	1877
-81.55	-0.80	1.81		888	2522	1914
-81.40	-1.01	1.56		873	2505	1926
-81.01	-3.02	-4.64		44	1983	1977
-81.29	-2.81	-4.52		37	1995	1962
-77.80	-7.95	0.02		774	1447	2036
-77.87	-8.25	0.04		772	1403	2036
-75.34	-13.60	-1.64-58.90	-12	2627
-.60	-89.9-.85	-99.3108	-6.61	13	-10.06	15	-30.69	153	-29.95		2344	2981	37.49	85.26	58.51	40.77		-4961	-1256	7935
78.10	45.18	56.49		-5193	1505	5805
77.70	44.92	55.78		-5186	1447	5699
75.15	35.68	36.12		-3806	281	3587
76.15	35.61	35.98		-3773	191	3552
-158.07	39.70	87.52		3412	-2302	6729
-154.89	39.36	90.71		3497	-2445	7055
-34.36	18.91	-150.80		1156	-1627	13939
-33.46	18.46	-148.34		947	-1875	13777
-35.25	35.38	-117.61		718	-3807	10960
-37.16	37.36	-119.41		777	-3747	11184
175.36	-12.89	86.40		-3028	-4344	8532
175.52	-15.20	84.33		-3078	-4345	8289
-117.03	-34.72	7.07		-1800	-2018	3402
-115.51	-364	-18.92		-320	-396	2052
