-1.58	5.96	-20.75		239	570	1900
-1.65	6.02	-20.75		245	575	1900
-61.52	19.12	-21.06		-1859	3542	2356
-64.34	19.59	-21.11		-2006	3661	2266
-98.86	19.04	-8.04		44	3521	1346
-99.08	18.68	-7.43		106	3426	1310
-88.34	3.82	4.19		1552	1379	1334
-87.69	3.41	3.97		1521	1360	1312
-27.00	-9.34	-34.32		665	-1307	2759
-25.10	-9.16	-35.86		765	-1411	2914
1.97	-6.26	-24.83		2508	324	2182
1.50	-6.33	-23.77		2430	466	2098
-1.15	-2.17	-19.84		1494	857	1822
-1.16	-2.03	-20.23		1449	764	1823
6.17	5.32	-17.41		814.72		28-14.86		4-19.64		3-19.69		323	653	180-19.89		0-19.90		020.59		30.15	3.64	-20.53		374	548	1783
7.89	2.02	-16.11		815	1201	1798
7.80	2.06	-16.14		797	1205	1786
3.61	4.66	-19.20		331	666	1856
3.25	4.64	-19.19		350	627	1853
10.82	6.25	-17.34		549	1538	2079
11.19	6.35	-17.45		568	1533	2124
12.26	5.11	-15.31		194	821	1554
12.30	5.02	-15.32		230	870	1543
12.06	9.71	-21.82		72	218	1909
12.03	9.80	-21.74		47	248	1916
13.59	5.87	-20.33		617	646	1896
13.63	5.84	-20.35		633	639	1895
11.47	5.08	-17.07		506	1553	1502
8	21941
-22	130.48
-.91	130.188	94.55		90	93.02	154	43.45	10.74	-38.4240	15.40	212	15.07		1743	3680	2376
29.60	-18.25	6.34		1392	2507	1866
30.06	-18.05	6.17		1361	2487	1871
35.42	-17.07	1.26		1332	2367	1933
35.41	-16.97	1.22		1317	2370	1921
43.05	-11.24	-3.37		857	1310	1381
43.60	-11.32	-3.50		889	1325	1373
58.09	-19.05	-9.13		2071	2306	2089
58.50	-18.89	-9.39		2060	2301	2079
92.97	-8.29	-30.99		4395	2171	2831
94.23	-7.85	-31.68		4473	2248	2873
151.71	5.60	-49.21		4122	5153	4574
152.16	5.61	-49.91		4047	5277	4603
161.76	26.85	-46.70162.46	35.55	-25.07-.20	-12.5
-162.39	1857	2124
-.76	-36.06
-82.94	-26.93	-36.99		-2163	-12	-37.29
-87.43	-4.56	-37.20		-2973	2-