84.47	14.58	31.82		-3942	1849	3385
84.69	14.53	31.49		-3919	1856	3390
86.38	7.27	20.14		-2416	1796	2742
86.26	7.18	19.87		-2388	1810	2757
79.22	4.08	19.16		-1948	2651	2004
79.35	4.08	19.24		-1979	2686	1993
85.98	38.74	0.62		-236	-1036	3578
85.75	40.80	-0.44		-155	-1243	3770
32.81	76.01	-94.03		4187	-2537	8425
34.40	76.19	-91.80		4227	-2625	8335
110.30	15.28	11.15		-2174	894	1848
110.03	12.48	11.31		-2231	1256	1808
109.41	-28.00	17.56		-3062	4895	3056
109.24	-27.34	17.60		-3032	4811	3047
104.75	0.24	2347
14	16.87		100.10	5.522321
96.66	7.76	14.66		-914.60		-9	13.26		-9	13.26		-94.33	15.80	14.92		-977	75	1943
94.24	16.24	14.80		-955	11	1937
115.54	54.82	-2.68		3272	-1866	4948
116.11	56.20	-3.11		3421	-1840	5086
149.38	70.83	14.56		4236	-1720	6330
149.92	70.77	14.49		4324	-1665	6298
146.65	58.85	8.04		4072	-1029	3940
146.67	58.26	8.02		4034	-948	3898
144.59	31.24	15.10		1145	-461	2134
144.74	30.44	15.12		1082	-418	2111
137.62	16.62	9.94		20	1251	1323
137.58	16.63	9.93		-15	1280	1345
142.27	26.27	14.73		523	472	2065
142.39	26.33	14.93		475	488	2110
-	74.24		1.29	6.72		10636
-.62	-83.3-139.80	22.94	-82.9
-0.11	-43.39
-9.99	-42.3	-27.04	3	-27.55		-41.06	14.01	-60.62		-3659	-1790	4837
-41.63	13.30	-60.71		-3693	-1835	4836
-64.10	-20.37	-52.51		-2937	-2634	4468
-21.10	nan	18.73		-8190	6165	-30563
-72.08	-30.89	-37.42		-1819	-2383	3725
-72.11	-31.00	-37.09		-1788	-2389	3725
-73.48	-32.10	-28.05		-701	-2112	3231
-73.28	-32.13	-27.93		-676	-2105	3201
-39.27	-49.03	-26.11		2910	-2479	3947
-37.39	-49.81	-25.92		3112	-2390	4034
-111.81	-67.30	46.15		4460	-3236	7797
-115.83	-66.67	49.93		4505	-3265	7896
-179.24	-21.59	93.88		1066	-4184	9605
-179.80	-20.22	94.01		940	-117	11.42	123	9.73		42	-37.46	49	-38.07	-25	179.62
-102.66	784812	9043-35	-130.2-23	-128.8-48.50	-1.19	-80.30		-2828	-4326	6852
-48.28	-1.44	-79.16		-2505	-4146	6666
-70.34	-4.39	-54.46		-4169	-1538	3623
-70.39	-4.38	-54.15		-4162	-1518	3589
-70.90	-3.98	-43.80		-3274	-1207	2447
-70.91	-3.97	-43.57		-3252	-1198	2425
-71.20	-3.63	-35.81		-2449	-905	1717
-71.20	-3.62	-35.64		-2432	-898	1703
-71.38	-3.36	-30.06		-1803	-667	1271
-71.39	-3.36	-29.92		-1789	-662	1260
-71.50	-3.15	-25.74		-1293	-476	979
-71.51	-3.14	-25.65		-1283	-472	974
-71.58	-2.99	-22.69		-920	-335	799
-71.57	-2.99	-22.63		-914	-332	797
-71.66	-2.52	605
-78	-18.81		-441	-152	602
