154.38	-18.15	-11.71		-606	3275	1773
154.39	-17.89	-11.55		-575	3231	1771
156.14	-8.35	-3.84		68	1716	1537
156.23	-8.13	-3.72		87	1692	1536
159.46	-3.19	-0.72		564	1038	1628
159.66	-3.18	-0.71		599	1046	1642
155.09	-7.09	2.47		-280	927	1492
155.04	-7.11	2.59		-297	920	1493
158.93	-1.82	5.05		544	226	1712
159.08	-1.73	4.99		570	231	1716
157.02	-2.41	5.12		305	340	1608
156.87	-2.44	5.23		287	326	1614
151.91	-2.78	7.59		80	28	1762
151.68	-2.90	7.58		51	37	1762
144	7.42		180	34	1151.18	-1.8
11	30.72	1	32.06		--162.85	-16
-6.80	105.-152.37	-343078	7291
-4.15	79.8-160.13	7.21	14.17		2531	1838	1404
-160.56	7.90	13.44		2610	1912	1443
-175.75	11.13	-1.70		2226	2633	2091
-175.93	10.87	-1.85		2201	2640	2065
179.84	3.12	2.94		1246	1718	1926
179.80	3.15	3.05		1270	1705	1936
-174.95	2.92	13.07		1280	707	2078
-174.67	2.81	13.60		1311	670	2136
-159.42	0.10	26.46		1887	-372	3061
-158.88	0.05	25.92		1951	-258	2988
-142.69	-7.68	-7.28		-377	3379	258
-141.13	-8.28	-8.27		61	3604	-264
58.70	4.10	-30.23		394	3158	7740
62.91	-3.22	-33.05		1273	2864	8163
	3532	35459.14	-15.32	-35.08-4	150.94	-94.52	7.29	13756
-6.76	-10.141.46		2-4.15	-74.-164.56	-2	8358	613178.76	-34.66	-61.98		-465	8020	4291
177.71	-35.14	-60.74		-448	7939	4188
126.20	-48.33	-5.55		-1907	6055	2981
123.94	-47.96	-3.56		-1971	6016	2956
72.52	-19.06	36.28		-4751	3674	3235
72.00	-18.72	36.50		-4794	3643	3292
51.20	-13.84	42.98		-4177	5452	3168
50.67	-13.40	43.11		-4175	5466	3160
72.49	9.05	51.04		-6040	1361	4303
74.29	9.79	51.69		-6093	1088	4424
66.91	21.47	67.17		-7468	2592	6102
66.70	21.62	66.66		-7420	2567	6029
62.27	13.48	25.73		-3484	630	2885
62.32	12.85	24.68		-3331	633	2792
85.58	-5.74	-5.56		1540	1621132.87	3.47	-22.90	16	-19.10	17	-18.96	199	-20.67107	-20.69136.90	8.915	-16.08	