162.06	-41.16	-24.48		-2642	6469	5374
167.46	-22.07	-26.04		-561	5750	5287
167.38	-21.84	-26.21		-535	5762	5275
161.63	-14.33	-18.98		-81	4241	4150
161.54	-14.18	-18.55		-69	4173	4138
160.82	-9.10	-8.83		-104	2727	3822
160.89	-8.92	-8.72		-87	2707	3815
161.86	-3.72	-2.06		290	1592	3681
161.88	-3.66	-1.92		302	1568	3682
156.98	-4.68	4.80		743	1586	2757
156.72	-4.74	5.17		693	1593	2757
116.31	-16.62	152.33		-2476	-674	21206
112.58	-17.75	155.72		-1485	-398	21713
128.08	-37.77	139.81		-1890	-5979	13235
128.58	-37.79	139.0		-7738	1.36	101.86		-7797	-3172	9984
9	90.71		9	90.31		71	70.98	78	69.60		-9177	1204	34.93		-4	34.81		13.21	68.08	32.47		-9385	1733	9717
9.78	70.09	29.70		-9483	1658	9909
-60.50	71.78	-39.44		-8902	2243	9840
-58.59	71.37	-37.10		-8723	2445	9709
-53.86	39.82	-15.54		-5823	2653	5794
-54.37	39.18	-15.57		-5784	2620	5728
-61.93	28.11	-13.82		-4679	2274	5194
-61.53	28.02	-13.73		-4672	2159	5199
-15.40	9.81	-15.47		-2418	-2072	4838
-12.51	9.13	-15.99		-2164	-2325	4854
93.02	1.92	-24.62		3472	-1195	4095
94.48	1.42	-24.62		3530	-1039	4142
163.95	-44.88	-9.12		-2938	2743	5904
164.34	-46.41	-8.01		-3140	2617	5956
-169.71	-8-.94	-5.30-2.77	-5.5
-2.44	-9.7-2.38	-9.6
-.12	-0.95-.04	-0.93-139.21	-13.64	-8.22		-376	1191	3523
-139.02	-13.74	-8.37		-439	1160	3491
-133.63	0.64	-5.40		666	1718	3349
-133.67	0.91	-5.23		708	1743	3363
-132.53	-0.82	0.41		881	911	3480
-132.48	-0.88	0.48		885	902	3495
-134.45	0.23	0.44		1375	1422	3544
-134.56	0.24	0.43		1349	1390	3558
-139.14	-79.57	-10.12		1143	2770	13874
-141.72	-87.83	-9.08		123	2278	15328
46.44	6.21	163.10		-1446	2787	17315
46.40	6.67	161.77		-1529	2927	17242
10.98	27.27	82.25		-3369	5017	9585
10.07	27.13	80.82		-3321	5142	9415
-21.44	15.260	4121
-33	22.85	-53	16.50	-25.47	10.345	3688
-1	13.65		-6	13.53	-8	10.43	-2	10.41	-27.74	3.38	8.71		-805	-41	3377
-27.71	3.36	8.68		-801	-43	3371
-25.16	-2.03	7.09		-64	-822	3344
-25.21	-2.30	6.90		-32	-865	3351
-3.20	-14.78	-6.54		1070	-2033	4129
-2.07	-15.31	-6.92		1071	-1996	4168
89.82	-37.22	-31.11		4251	3842	5571
93.18	-37.08	-31.54		4141	4083	5539
170.19	-46.44	4.48		-3627	663	5566
171.17	-47.20	5.19		-3729	469	5601
-139.61	-39.83	-32.68		-4583	1770	5854
163.41	nan	43.35		1620	-24002	9154
-141.99	-24.90	-31.12		-3430	2750	4201
-141.95	-24.50	-30.58		-3362	2710	4147
1094	3593
138.19	-91087	3585
-134.51	-115	3388
-1.58	-6.9-.62	-10.7
-128.81	-6588	3372
-.55	-0.81-.41	-0.51		594	882	-122.53	-1.95	3.30		1180	827	3848
-122.42	-1.77	3.21		1189	853	3847
-125.04	-53.24	-18.09		1971	8273	9612
-125.06	-62.01	-19.70		295	8081	11212
56.90	3.10	158.16		-2497	1467	17037
57.05	3.28	157.37		-2416	1599	16989
23.05	30.58	81.34		-3236	3464	10144
21.57	30.89	79.18		-3393	3336	9886
-13.15	17.46	36.27		-1597	3478	4777
-13.43	17.29	35.68		-1609	3411	4732
-22.44	13.12	22.45		-1659	2443	4263
-22.76	12.97	22.29		-1587	2459	4244
-29.57	15.34	18.22		-1597	1980	3898
-29.64	15.44	18.26		-1588	1983	3902
--42	13.24		-1797	184-7	12.06		--	12.10		-707	574	-	635	-26-78	12.53	-5	8.54		-73	8.41	6.87	-31.47	3.01		3630	-756	4154
6.82	-31.70	2.86		3653	-776	4156
19.25	-21.02	-1.59		2113	-637	3735
20.68	-20.44	-1.68		2045	-630	3723
113.00	-13.44	20.34		-1385	541	3750
113.93	-13.91	21.65		-1474	557	3805
152.02	-42.79	24.09		-4314	428	5244
153.68	-43.32	22.24		-4318	586	5231
-162.37	-37.84	-28.08		-4350	4155	5051
-162.21	-37.69	-28.25		-4334	4134	5039
-150.98	-35.09	-25.53		-4166	2378	4379
-150.72	-34.70	-25.60		-19261	12575	-4805
-149.22	-19.54	-24.06		-2470	3043	4129
-149.44	-19.33	-23.97		-2455	3059	4174
-		-806	5-152.51	-15.83	-1.30		-788	5-157.38	-128	3246
-2.72	-3.116	-15.62	1	4170	13-171.76	-141	4784
-7.14	31.9-161.99	-9.77	4.94		10	318	3973
-162.16	-8.13	3.32		122	622	3892
-160.97	5.13	-9.63		1209	3024	3244
-160.34	3.91	-8.84		1097	2879	3230
-146.63	-20.63	6.97		-823	-509	3391
-146.54	-19.64	6.40		-702	-335	3321
-145.67	-16.85	4.31		2	288	3669
-145.85	-17.12	4.26		-126	287	3656
-140.77	-7.05	0.05		121	1087	3117
-140.52	-6.79	0.06		167	1126	3153
-138.04	4.94	-6.74		1284	3343	2934
-138.12	5.04	-6.97		1264	3345	2863
-179.38	-70.95	54.30		-44	3648	13258
154.64	-71.73	82.99		-191	2082	14918
95	166.29	731	133.90727	132.6542
21	82.90	28	81.69	12	54.87	16	54.43		-5606	4130	37.32		--0.14	34.43	36.63		-4761	3926	5991
-1.92	12.12	5.95		-2473	-486	3811
-1.18	11.56	5.82		-2371	-546	3830
27.97	-8.37	-11.13		1470	-1791	4186
28.91	-8.45	-11.79		1555	-1835	4229
81.67	-8.48	-30.88		3964	-881	5017
84.12	-8.60	-31.22		3975	-701	5020
-155.25	-30.55	-27.57		-2671	2675	4900
-153.61	-32.22	-27.16		-2888	2380	4939
-108.69	-39.10	-33.54		-4342	-893	5761
-108.47	-37.45	-33.37		-4230	-741	5703
-106.27	-7.46	-17.49		-1993	1160	3354
-106.11	-7.92	-17.17		-1987	1104	3364
-110.46	-13.62	-6.70		-736	1-3.72	-6.7-2.18	-8.9-1.98	-8.8-.83	-6.12-0.79	-6.0-.33	-3.41-.05	-3.30-107.26	9.84	-3.15		639	2595	3239
-107.42	10.26	-3.26		645	2621	3211
40.67	-31.52	163.37		3263	2787	19810
38.81	-23.45	162.82		3327	3754	20454
-2.91	47.62	68.59		-475	9513	10994
-4.72	46.28	65.17		-182	8998	10650
-38.80	36.09	5.23		-3773	2837	5891
-39.03	35.89	4.89		-3824	2828	5809
-50.59	21.52	11.36		-703	2602	4730
-51.23	21.16	11.65		-655	2569	4706
-28.58	4.15	30.41		317	2406	4998
-26.64	3.56	31.55		-130	2531	5157
-15.35	-24.21	58.51		3648	4314	6887
-16.02	-24.30	58.12		3653	4303	6789
-26.33	-29.2	4740
-.78	39.60-.56	39.03		1247	30	23.19		0	23.05		10	17.71		40	17.60		0	18.35		0.40	-3.59	18.35		-179	911	2178
2.22	-0.58	12.63		-719	-142	2065
2.31	-0.59	12.48		-705	-175	2069
0.52	1.56	10.08		-985	-350	2113
0.58	1.66	10.04		-1004	-350	2123
0.27	3.85	8.32		-1279	-733	2251
0.21	3.92	8.31		-1299	-727	2256
1.33	0.62	8.41		-925	-525	2184
1.53	0.48	8.39		-900	-515	2194
10.89	-0.57	-2.27		375	-1531	2860
11.45	-0.22	-2.82		384	-1651	2942
17.28	7.60	-9.91		-740	-3572	3370
18.11	7.48	-9.80		-665	-3524	3362
74.29	-3.57	-8.58		2657	-640	3659
09.21	-17.19	-42.75		5425	2728	5777
159.26	-13.53	-21.19		1045	318		772	30-8.46	18.03
-166.84	-3-1786	540217	-33.47	14	-33.55		4656	243112	-17.42135.65	-4.37	-16.80		1835	1269	4215
116.01	-3.42	-10.84		1737	-56	3711
115.60	-3.39	-10.85		1721	-49	3703
89.46	-8.31	-8.24		1372	391	4263
88.75	-8.35	-8.04		1355	385	4253
70.61	-11.69	2.77		146	321	3913
69.99	-12.03	3.16		130	336	3930
60.44	-24.40	17.36		-1124	2548	4035
60.58	-24.39	17.61		-1155	2559	4056
97.64	-19.74	17.72		-2540	1074	3541
101.18	-19.64	17.67		-2592	983	3526
-160.90	-36.93	21.51		-1708	-3198	3883
-159.37	-37.09	20.12		-1787	-3127	3865
-124.77	-9.10	-17.76		-1875	2481	3358
-132.99	-19.14	-9.2-0.02	-1.66-0.08	-1.43-.41	-0.94		-590	--118.95	-1		-597	--0.66	-5.06-0.33	-5.0-117.56	-25.55	3.89		-446	-1427	3045
-117.66	-25.39	3.96		-405	-1431	3049
-122.47	-16.34	5.48		187	-624	2460
-122.64	-16.69	5.57		167	-677	2477
-123.00	-20.54	3.26		-246	-478	2751
-122.99	-20.35	3.08		-269	-461	2731
-123.07	-10.71	1.22		83	583	2415
-123.16	-10.56	1.28		122	617	2418
-122.17	-8.89	2.34		404	717	2588
-122.18	-8.86	2.32		407	721	2585
-122.20	-9.26	1.97		307	708	2557
-122.23	-9.32	2.02		318	703	2563
-121.23	-4.93	1.66		701	1333	3057
-121.18	-4.50	1.44		704	1389	3038
68.33	-3.95	168.99	155	129.83109.32	51.1	14778
-40	18.50	-64.52	66.60	9005
-25	-5.78		-2310	377.59	31.45	-5.94		-2290	3-7	-4.96	-90.00	10.65	-4.90		-981	1807	4082
-89.11	7.96	-0.61		-655	1051	4085
-88.80	7.91	-0.38		-622	1002	4103
-70.73	9.35	7.13		438	1402	4363
-70.50	9.40	7.15		399	1426	4359
-43.93	0.61	3.61		52	184	4211
-42.99	0.28	3.58		74	119	4202
4.79	-8.53	7.15		886	820	4207
6.75	-8.63	7.14		968	900	4174
57.26	-1.25	35.07		-2334	1357	5217
58.91	-0.66	37.01		-2683	1353	5366
96.44	-24.84	53.73		-4253	607	7101
96.92	-26.10	51.92		-4135	877	6949
111.38	-20.33	-25.62		3586	3289	4138
130	-2.05		498	-419	336	-1.81	3	3726
31	-1.02		38.05	-11.	3708
395	-2.46	3	1.87		-737	1.76		46.46	-5.46	-2.98		332	-686	3856
46.68	-5.61	-3.13		354	-683	3845
73.68	-4.19	-10.80		1446	-547	3957
75.03	-3.92	-10.80		1447	-560	3927
132.34	-11.69	22.60		-2342	-1180	4209
133.89	-12.34	24.26		-2585	-1334	4230
-167.74	-43.56	21.64		-3302	-2109	5255
-165.58	-43.29	19.21		-3265	-1801	5167
-149.44	-26.40	-0.90		-2208	-100	3566
-149.69	-26.12	-0.71		-2148	-98	3590
-154.99	-21.95	9.00		-1097	-1119	3030
-154.67	-21.64	8.95		-1032	-1107	2991
-148.35	-11.25	-0.52		-290	1208	3184
-148.15	-11.25	-0.56		-273	1209	3167
-.16	23.48		1240	-1195	2311
161.69	-8.26	24.40111	153.80
167.87	33.99	19677
1	-4.88		18	-4.63	0	-1.85		0	-2.07		--51.20	67.37	-88.61		-4968	-4565	11886
-54.01	66.60	-92.26		27903	13422	27475
-70.65	30.00	-113.26		-5569	-1883	12291
-39.44	-14.76	-111.06		-4303	-3821	12868
-38.16	-16.44	-110.96		-4164	-3825	12865
23.28	-46.31	-137.20		-647	-5033	12705
25.37	-46.04	-138.42		-622	-5165	12839
66.32	-32.41	-161.40		1382	-4102	15316
66.73	-32.01	-161.87		1544	-4116	15358
-19.44	-21.61	-132.13		-3964	-4250	13888
-92.35	0.39	-104.70		-7466	2858	10961
-94.12	1.18	-103.63		-7533	3088	10823
-83.20	23.93	-61.21		-6086	2602	5763
-81.27	24.-59	-74.40
-12	-74.31-19	-64.94	-93	-64.98
-38	-54.82	
-78.10	27.05	-54.35	-59.21	18.		-4293	1172	2601
-59.69	18.59	-34.20		-4292	1295	2574
-87.15	17.62	-50.47		-6291	2244	3377
-87.82	17.55	-50.87		-6381	2261	3366
-97.11	10.63	-46.84		-5571	2641	3022
-97.20	10.41	-46.51		-5476	2657	2963
-97.22	-2.48	-33.12		-4104	1080	1539
-97.27	-2.47	-32.93		-4101	1109	1516
-120.86	-0.08	-28.98		-2228	2427	759
-122.27	0.41	-29.38		-2098	2683	828
-178.39	33.10	-63.14		2322	10065	6972
-178.98	33.88	-64.07		2368	10067	7054
177.84	24.99	-96.54		1406	9433	11130
178.77	24.14	-96.30		1316	9436	11125
-147.79	188158	7226
-.76	-58.38		-1481	8099	7128
-.05	-40.6
-140.83	106		-1452	6348	5112-35	-27.47	-32	-27.11	-01	-13.05-.01	-12.8-137.33	-1.10	-7.63		1772	3157	2797
-139.32	-1.94	-7.48		1946	3038	2814
-88.62	-50.81	53.08		9796	-4863	5054
-86.52	-50.20	54.77		9840	-4384	5207
-56.18	-25.45	113.33		4634	6823	11533
-55.49	-25.33	114.52		4520	6864	11693
-62.55	-32.57	115.04		5123	6151	11651
-63.40	-33.06	114.54		5251	6022	11634
-79.15	-40.85	93.45		7826	4186	8930
-78.75	-41.26	92.67		7911	4153	8904
-47.47	-53.03	59.48		7680	2929	5630
-46.26	-53.14	59.15		7625	2955	5605
2.85	-73.07	130.36		-8358	8611	10413
7.15	-73.69	133.55		-9012	7701	10555
	-8696	168.10	-64831	5558
183	-3.92	1.26	-4.57	
-1.54	-24.9
-1.38	-23.-142.50	-129		-3860	1154	2021-3.39	-19.-120.72	-11.46	-21.61		-6420	-401	2816
-119.45	-10.47	-21.06		-6387	-393	2758
-96.29	25.73	10.63		1311	3320	1038
-96.38	25.90	10.81		1302	3309	1115
-98.00	24.16	11.11		700	2724	1304
-97.75	23.92	11.11		654	2690	1275
-95.22	14.70	8.55		605	1486	645
-95.24	14.44	8.32		563	1450	626
-97.27	8.20	2.72		-420	558	411
-97.40	8.15	2.67		-434	539	423
-101.57	7.93	3.85		-657	508	366
-101.70	7.89	4.00		-670	481	377
-105.06	13.02	17.73		1573	438	1011
-105.01	13.28	18.17		1648	455	1031
-5	3.84		-9	3.78		--3	7.74		-83.23	7.0
-5	4.85		-	4.89		-9-4	5.16		-2	5.21		--78.25	3.78	6.29		319	-4	338
-77.84	3.88	6.34		333	42	343
-66.71	8.45	4.02		-650	712	394
-66.49	8.61	4.01		-681	715	382
-61.84	13.13	2.00		-1332	1387	344
-61.81	13.14	1.95		-1359	1390	342
-61.98	6.82	3.67		-637	733	198
-62.07	6.59	3.75		-611	705	197
-65.99	1.94	5.37		89	51	208
-66.07	1.95	5.37		90	48	206
-67.00	4.01	4.58		-213	430	169
-67.03	4.02	4.54		-222	431	165
-70.36	1.65	4.23		-53	-10	121
-70.41	1.60	4.24		-56	-26	117
-70.85	1.54	4.00		-105	0	155
-70.33	1.05	3.57		-4	3.92		-5	3.91		--2	4.57		-70.44	1.263	-29	87
-60	4.08	--184	-658	143
-13	3.24		-86.90	-9.22	3.37		-401	-2108	405
-95.32	-7.04	8.66		439	-1845	523
-95.29	-6.94	8.72		431	-1841	484
-89.69	-0.52	8.47		679	-687	396
-89.48	-0.37	8.33		621	-678	408
-87.27	3.34	4.52		52	-49	215
-87.32	3.35	4.38		16	-64	215
-86.83	3.38	4.27		-69	-19	217
-86.89	3.38	4.35		-68	-31	239
-88.57	2.25	5.29		168	-252	315
-88.48	2.22	5.25		134	-270	314
-90.18	2.37	6.08		428	-234	175
-90.48	2.38	6.01		416	-251	173
-87.37	4.98	7.25		567	411	256
-87.17	4.98	7.28		548	409	292
-1	2.91		--3	2.76		-7	-2.24		-1	-2.46	-4	-28.94	
-7	-29.45	
-61	-44.76
-45	-44.002
-29.94	0.48	-27.65		-2427	-5181	2943
-29.95	0.51	-27.30		-2409	-5142	2921
-30.30	1.46	-13.29		-1602	-3441	2229
-30.31	1.47	-13.06		-1589	-3413	2218
-30.39	1.98	-5.78		-1140	-2489	2055
-30.39	1.99	-5.62		-1129	-2469	2052
-30.41	2.36	-0.48		-806	-1807	2015
-30.42	2.37	-0.38		-799	-1793	2014
-30.41	2.62	3.04		-582	-1354	2027
-30.41	2.62	3.11		-577	-1345	2026
-30.40	2.80	5.43		-430	-1051	2052
-30.39	2.80	5.48		-427	-1044	2053
-30.39	2.93	7.38		-306	-801	2084
-30.39	2.93	7.41		-303	-797	2084
-4	9.05		-4	9.06		--8	9.52		-7	9.53		-0	9.82		-0	9.83		--2	10.05	-2	10.05	-30.37	3.12	10.20		-124	-444	2144
-30.37	3.12	10.20		-124	-444	2145
-30.37	3.13	10.29		-119	-433	2149
-30.37	3.13	10.30		-118	-433	2149
-30.37	3.13	10.35		-114	-426	2151
-30.37	3.13	10.35		-114	-425	2150
-30.37	3.13	10.40		-114	-421	2155
-30.37	3.13	10.40		-114	-421	2155
-30.37	3.14	10.43		-110	-417	2153
-30.37	3.14	10.43		-110	-417	2152
-30.38	3.14	10.46		-109	-413	2153
-30.38	3.14	10.46		-108	-414	2152
-30.37	3.14	10.48		-107	-410	2155
--5	10.49	-5	10.49		-5	10.49	-10.50		--5	10.50		-5	10.50		-30.39	3.15	10.50		-107	-407	2151
-30.39	3.15	10.50		-107	-407	2152
-30.39	3.15	10.50		-106	-405	2154
-30.39	3.15	10.50		-106	-406	2155
-30.39	3.15	10.50		-106	-408	2152
-30.39	3.15	10.50		-106	-407	2152
-30.39	3.15	10.50		-108	-409	2152
-30.39	3.15	10.50		-107	-409	2152
-30.40	3.15	10.50		-107	-409	2155
-30.40	3.15	10.50		-108	-408	2155
-30.40	3.15	10.50		-107	-407	2153
-30.40	3.15	10.50		-106	-408	2153
-30.41	3.14	10.51		-103	-404	2155
-4	10.53		-4	10.55	-4	10.56	-4	10.56		-98	-400-4	10.56		-3	10.57		-30.48	3.1	-100	-399	2154
-4	10.57		-97	-398	2156
-30.51	3.14	10.57		-97	-399	2157
-30.52	3.14	10.57		-98	-401	2155
-30.52	3.14	10.57		-97	-400	2156
-30.54	3.14	10.58		-95	-398	2155
-30.54	3.14	10.58		-95	-398	2155
-30.56	3.15	10.58		-96	-398	2154
-30.56	3.15	10.58		-95	-398	2155
-30.58	3.15	10.58		-97	-399	2157
-30.58	3.15	10.58		-96	-399	2157
-30.60	3.15	10.57		-95	-397	2156
-30.60	3.15	10.57		-95	-398	2156
-30.62	3.15	10.58		-95	-398	2154
-30.62	3.15	10.58		-95	-397	2155
-30.64	3.15	10.58		-93	-398	2155
-7	10.58	-7	10.58		-7	10.57		-97	-399	-7	10.57	-7	10.57	-7	10.57		-	10.57		--30.73	3.17	10.57		-96	-398	2155
-30.74	3.18	10.58		-93	-397	2156
-30.74	3.18	10.58		-93	-397	2156
-30.76	3.18	10.57		-97	-398	2157
-30.76	3.18	10.57		-97	-399	2158
-30.76	3.18	10.55		-98	-400	2153
-30.76	3.18	10.55		-98	-401	2155
-30.76	3.18	10.54		-98	-402	2157
-30.76	3.18	10.54		-99	-401	2156
-30.76	3.19	10.53		-100	-401	2155
-30.76	3.19	10.53		-100	-402	2155
-30.75	3.18	10.52		-101	-403	2155
-30.75	3.18	10.52		-101	-404	2156
-30.76	3.18	10.52		-100	-404	2155
-30.76	3.18	10.52		-100	-404	2155
-	10.52		-30.76	3.1-99	-405	2156
-9	10.51	-9	10.51		-	10.51		-9	10.51		-9	10.51		-	10.51		-30.76	3.20	10.51		-101	-405	2155
-30.76	3.20	10.51		-100	-405	2156
-30.76	3.20	10.51		-100	-405	2153
-30.76	3.20	10.51		-100	-406	2154
-30.76	3.20	10.51		-101	-404	2156
-30.76	3.20	10.51		-101	-404	2157
-30.77	3.19	10.51		-103	-407	2154
-30.77	3.19	10.51		-102	-406	2156
-30.77	3.19	10.51		-103	-404	2154
-30.77	3.19	10.51		-103	-404	2154
-30.77	3.19	10.50		-101	-406	2152
-30.77	3.19	10.50		-102	-405	2152
-30.77	3.19	10.50		-101	-405	2157
-30.77	3.19	10.50		-103	-406	2157
-30.77	3.1-9	10.51	-9	10.50	-9	10.50	-9	10.51	-9	10.51	-8	10.51	-8	10.51		-30.77	3.18	10.51		-101	-407	2155
-30.77	3.18	10.51		-101	-406	2155
-30.77	3.18	10.51		-98	-409	2155
-30.77	3.18	10.51		-98	-408	2155
-30.77	3.18	10.52		-97	-404	2157
-30.77	3.18	10.52		-98	-405	2157
-30.77	3.18	10.51		-100	-404	2152
-30.77	3.18	10.51		-101	-404	2154
-30.77	3.18	10.51		-102	-403	2153
-30.77	3.18	10.51		-101	-404	2154
-30.77	3.18	10.51		-101	-405	2157
-30.77	3.18	10.51		-100	-406	2155
-30.77	3.18	10.51		-99	-403	2154
-30.77	3.18	10.51		-99	-404	2155
-8	10.51		-30.77	3.1-8	10.51	-8	10.51	-9	10.51	-9	10.51		-9	10.51		-	10.51		--30.77	3.18	10.51		-101	-403	2156
-30.77	3.18	10.51		-101	-403	2156
-30.76	3.18	10.52		-99	-403	2155
-30.76	3.18	10.52		-100	-404	2156
-30.76	3.18	10.52		-100	-404	2157
-30.76	3.18	10.52		-99	-404	2159
-30.76	3.18	10.51		-101	-406	2155
-30.76	3.18	10.51		-102	-407	2157
-30.76	3.18	10.52		-101	-404	2156
-30.76	3.19	10.51		-101	-405	2155
-30.76	3.18	10.52		-102	-405	2153
-30.76	3.18	10.52		-102	-406	2152
-	10.51		-9	10.51		-	10.51		--	10.51		-	10.51		--	10.51		-9	10.51	-30.76	3.19	10.51		-103	-406	2156
-30.75	3.19	10.51		-103	-405	2150
-30.75	3.19	10.51		-101	-404	2149
-30.75	3.19	10.51		-102	-404	2153
-30.75	3.19	10.51		-102	-404	2152
-30.75	3.19	10.51		-102	-404	2154
-30.75	3.19	10.51		-103	-403	2155
-30.74	3.19	10.51		-102	-406	2155
-30.74	3.19	10.51		-103	-404	2156
-30.74	3.18	10.51		-102	-405	2154
-30.74	3.18	10.51		-103	-407	2153
-30.75	3.18	10.51		-99	-404	2156
-30.75	3.1	2154
-9	10.51	-9	10.51	-9	10.51	-9	10.51	-8	10.51		-8	10.51	-8	10.51		-8	10.51	-30.76	3.18	10.51		-101	-407	2153
-30.76	3.18	10.51		-101	-406	2152
-30.76	3.18	10.51		-102	-406	2157
-30.76	3.18	10.51		-102	-405	2157
-30.76	3.18	10.51		-101	-407	2153
-30.76	3.18	10.51		-101	-407	2152
-30.76	3.18	10.51		-101	-406	2155
-30.76	3.18	10.51		-100	-405	2155
-30.77	3.18	10.51		-100	-405	2155
-30.77	3.18	10.51		-100	-403	2155
-30.77	3.18	10.51		-101	-406	2157
-30.77	3.18	10.51		-103	-407	2157
-30.77	3.18	10.51		-30.76	3.18	10.52		-99	-406	2158
-8	10.52	-8	10.52	-8	10.51	-10.51		--8	10.51		-8	10.51	-8	10.51	-30.77	3.18	10.51		-100	-405	2152
-30.77	3.18	10.52		-99	-407	2152
-30.77	3.18	10.52		-99	-407	2150
-30.77	3.18	10.51		-101	-406	2153
-30.77	3.18	10.51		-101	-405	2153
-30.77	3.18	10.51		-100	-406	2159
-30.77	3.18	10.51		-101	-405	2158
-30.77	3.18	10.51		-100	-407	2156
-30.77	3.18	10.51		-100	-406	2154
-30.78	3.17	10.50		-101	-406	2150
-30.78	3.17	10.50		-100	-406	2152
-30.78	3.18	10.51		-99	-407	2153
-30.78	3.18	10.51		-98	-407	2152
-8	10.50	--101	-404	2154
-9	10.50		-30.78	3.19	10.50	-8	10.51	-30.78	3.1	2153
-8	10.51	-8	10.51		-30.78	3.18	10.51		-100	-406	2155
-30.78	3.18	10.51		-100	-405	2156
-30.78	3.18	10.51		-101	-404	2152
-30.78	3.18	10.51		-102	-405	2151
-30.78	3.18	10.51		-99	-406	2154
-30.78	3.18	10.51		-100	-405	2155
-30.78	3.18	10.51		-100	-405	2153
-30.78	3.18	10.51		-102	-406	2153
-30.78	3.19	10.50		-101	-405	2153
-30.78	3.19	10.50		-101	-405	2154
-30.78	3.19	10.50		-103	-404	2153
-30.78	3.19	10.50		-102	-404	2153
-30.78	3.19	10.51		-102	-406	2150
-30.78	3.19	10.51		-103	-405	2150
9	10.50		-9	10.50		-103	-405	2152
-9	10.50		--8	10.51	-	10.50		-	10.50		-30.77	3.1-8	10.50	