128.33	-9.58	-8.84		967	1525	4110
128.45	-9.47	-8.54		956	1510	4089
120.94	-0.72	8.34		254	-698	4518
120.38	-0.38	8.71		302	-698	4527
102.66	-3.54	2.85		260	-172	3731
102.89	-3.90	2.64		252	-115	3714
120.24	-0.79	8.38		-430	-435	3453
120.62	-0.49	9.18		-661	-627	3403
-169.87	9.36	74.67		2447	-5386	8317
-169.66	9.05	75.48		2431	-5419	8332
-171.28	3.28	30.34		1038	-1872	3928
-171.78	3.18	28.57		957	-1676	3789
179.78	2.37	10.94		541	498	2966
179.46	2.27	11.94		485	358	3045
-.31	13.30		-791	-401	2751
-2.30	13.05		-845	-528	2771
-.55	-3.31-.40	-3.81-172.54	-20.11	47.1
-0.03	57.3
-7	1.25		-4	-6.67		-15.98	12.03	-10.73		-2236	-2137	4040
-16.25	11.83	-10.83		-2217	-2022	4060
-58.00	15.28	-23.60		-4087	-1423	5064
-58.56	15.56	-23.33		-4000	-1053	5059
-72.34	32.78	-5.78		-2650	2288	4942
-72.76	33.25	-5.18		-2594	2411	4966
-83.43	38.20	5.70		-822	3944	5001
-83.69	38.09	5.55		-825	3899	4988
-90.39	29.59	-3.82		-1565	2580	4099
-90.53	29.26	-4.00		-1580	2527	4093
-92.91	16.85	-3.37		-1362	987	3488
-93.02	16.59	-3.20		-1308	961	3489
-91.23	13.23	-2.09		-766	528	3541
-91.31	13.21	-2.19		-780	510	3548
-95.01	10.10	-4.96		-1227	1498.10	7.21	-2.65		