2705748	80.20	-5.86	-7.55		-167	670	3629
2706002	100.37	13.60	-9.99		429	-1725	4167
2706158	101.29	14.27	-9.88		522	-1782	4134
2706414	134.04	33.11	0.98		1659	-3386	4808
2706569	134.56	33.37	1.36		-2054	-9400	-11127
2706828	151.60	32.33	15.16		1075	-3649	4676
2707086	149.75	25.97	8.54		1040	-3219	4369
2707342	142.76	13.69	-4.55		631	-458	3980
2707495	143.23	13.29	-4.95		627	-370	3955
2707750	162.12	11.02	-9.34		611	17	3467
2707902	162.24	11.11	-9.18		623	-24	3470
2708155	170.45	12.78	-3.68		573	-646	3538
2708410	171.10	15.49	-2.03		520	-933	3535
2708563	171.22	15.70	-2.09		563	-933	3562
2708818	165.62	14.63	-14.37		1127	663	3503
2708974	165.60	14.39	-14.74		1112	708	3506
2709230	159.00	1.39	-19.61		-603	1883	3446
2709486	159.34	1.57	-16.31		-525	1322	3299
2709641	159.49	1.67	-16.18		-510	1283	3290
2709897	165.15	0.26	-12.52		-763	778	3294
2710050	165.06	0.21	-12.41		-771	779	3288
2710305	173.74	-0.05	-9.44		-746	0	3123
2710457	173.45	-0.20	-9.31		-787	-11	3124
2710712	172.24	-3.28	-5.07		-1483	-515	3128
2710969	179.84	1.72	-1.23		-857	-1037	3421
2711224	-159.68	13.51	2.97		1696	-976	3260
2711379	-159.53	13.71	3.20		1719	-997	3245
2711635	-137.83	13.79	-1.92		1011	-113	3566
2711892	-122.71	17.83	-2.94		1154	853	3503
2712047	-122.05	17.92	-2.75		1184	840	3490
2712303	-116.69	16.69	-5.04		1140	647	3285
2712458	-116.80	16.62	-5.43		-16682	4809	759
2712717	-124.36	11.96	-17.41		-606	857	3198
2712974	-129.53	11.52	-21.35		-1013	1226	3046
2713233	-128.12	12.21	-20.31		-787	1208	2863
2713491	-125.18	11.41	-15.83		-352	706	2752
2713647	-132.57	3.49	-34.66		-17128	23029	6717
2713908	-124.55	9.71	-11.72		-147	185	2619
2714163	-127.91	8.59	-10.55		-12	-71	2591
2714418	-128.58	8.25	-9.88		-36	-54	2557
2714570	-128.46	8.24	-9.83		-10	-61	2556
2714823	-124.99	6.83	-9.21		-2	-328	2527
2715077	-125.66	5.84	-9.07		-65	-474	2573
2715231	-125.70	5.81	-9.06		-72	-476	2573
2715486	-127.70	4.98	-8.40		-97	-583	2572
2715639	-127.76	4.97	-8.37		-97	-586	2574
2715893	-128.18	5.25	-7.09		23	-630	2568
2716147	-126.66	5.35	-6.20		201	-770	2606
2716301	-126.64	5.36	-6.20		205	-765	2606
2716556	-126.54	5.51	-7.33		130	-607	2628
2716709	-126.61	5.50	-7.37		119	-613	2625
2716964	-121.70	6.66	-7.44		351	-329	2571
2717118	-121.90	6.55	-7.41		348	-346	2571
2717372	-121.80	2.97	-5.22		20	-953	2695
2717524	-121.54	2.95	-5.02		66	-958	2692
2717778	-104.79	-4.63	4.62		1311	-2025	3051
2718035	-93.85	-14.93	12.00		2885	-3186	4527
2718294	-89.20	-11.12	16.30		3302	-2293	4460
2718552	-81.64	-2.21	18.14		3232	-800	4047
2718706	-81.29	-1.96	18.12		3221	-769	4042
2718962	-65.58	-1.76	10.71		2642	-410	3732
2719117	6.48	nan	18.57		18918	17874	-8641
2719372	-58.46	-4.45	1.56		1308	-286	4124
2719525	-58.48	-4.46	1.61		1298	-298	4105
2719780	-50.15	1.80	1.85		1129	145	4465
2719932	-49.84	1.93	1.71		1103	130	4412
2720184	-28.38	-13.36	-15.17		1185	-1381	3808
2720444	6.18	-27.39	-46.66		3664	-3418	7085
2720701	9.57	-16.08	-36.97		2824	-2435	5443
2720958	-1.42	-1.62	-13.44		343	-51	3350
2721110	-2.26	-1.25	-13.01		258	-48	3327
2721363	2.66	-4.46	-27.83		1007	-2152	4241
2721619	3.03	3.40	-18.57		-239	-639	3711
2721772	2.93	3.70	-17.57		-8876	24704	20888
2722029	1.17	-2.10	-4.47		729	1024	3903
2722181	1.01	-2.30	-4.78		760	931	3917
2722432	-2.62	-0.10	-7.97		183	777	3466
2722684	-5.73	2.02	-11.87		-245	67	3323
2722835	-5.88	1.90	-12.17		-236	-4	3330
2723088	-8.59	-1.74	-16.06		173	-485	3432
2723343	-6.41	-2.79	-13.43		595	-89	3442
2723494	-6.41	-2.75	-13.31		580	-81	3438
2723748	-4.72	-1.80	-12.63		383	35	3286
2724000	-2.93	-2.39	-13.35		319	-226	3139
2724155	-2.83	-2.48	-13.33		335	-232	3135
2724510	1.22	-1.72	-14.50		331	-312	3300
2724663	1.33	-1.71	-14.38		337	-304	3322
2724916	3.29	-1.76	-15.25		400	-12	3207
2725169	0.24	-0.25	-14.38		98	-112	2937
2725320	0.07	-0.16	-13.75		44	-74	2876
2725571	-6.70	4.74	-46.74		-5753	9281	5090
2725928	63.49	-14.50	70.26		-11563	3358	8982
2726288	-177.83	-84.38	-98.35		-2688	5083	11769
2726549	-19.93	-33.41	154.22		-4501	4633	13831
2726809	17.44	-13.64	115.13		-3590	5414	13058
2727068	33.56	-4.57	82.89		-4975	4761	10251
2727326	49.97	-5.10	48.22		-4127	3057	5909
2727481	50.44	-5.03	46.90		-4042	2912	5775
2727737	-6.54	9.44	1.55		-1738	1873	4476
2727889	-13.34	9.80	-0.74		-1727	1897	4537
2728145	-123.36	-0.27	-59.47		-5175	3596	7753
2728404	-159.53	7.96	-54.34		-128	5118	6210
2728560	146.30	2.86	-0.57		-27681	5901	-20048
2728819	-152.27	9.26	-32.75		470	3878	4619
2729075	-157.64	-2.09	-21.68		-203	801	3626
2729332	-154.96	-3.69	-20.10		-456	1169	3604
2729590	-144.80	4.52	-23.08		189	1403	3547
2729745	-144.47	4.93	-23.22		167	1515	3538
2730002	-134.21	17.21	-21.08		1268	3311	3792
2730260	-143.98	3.80	-18.85		287	1097	3577
2730415	-143.78	3.17	-18.76		220	933	3548
2730670	-121.13	3.87	-31.04		-1012	1582	3629
2730826	-112.57	nan	59.73		17347	-30631	4770
2731084	-133.67	16.86	-117.32		-3961	4530	12453
2731345	167.94	-8.82	-162.87		2622	4115	17592
2731606	130.86	-48.16	-155.17		6988	169	13294
