1835305	168.78	-2.04	11.73		356	-44	3122
1835559	168.48	-1.79	10.84		442	83	3147
1835711	168.48	-1.80	10.84		445	80	3147
1835964	160.27	1.80	28.52		-558	-1153	3056
1836220	-173.92	32.79	79.45		2806	-8268	8426
1836478	-120.30	53.22	114.76		6198	-4500	11151
1836738	-90.68	54.80	132.58		6520	-3278	11795
1836998	-81.06	55.50	124.43		7841	-1436	11443
1837257	-87.29	60.33	105.78		8517	118	10151
1837414	-56.36	8.10	170.79		30276	23620	30380
1837673	-117.37	60.06	69.32		8460	262	7653
1837929	-140.07	53.97	48.35		7563	-586	5464
1838186	-152.55	45.97	35.77		6857	-488	4449
1838544	-162.79	36.74	25.90		5974	-451	3256
1838701	-162.90	36.46	25.68		-6608	13825	-24255
1839064	-171.87	22.51	19.21		3731	-865	1702
1839219	-171.99	22.34	19.11		3671	-870	1731
1839476	-170.13	14.52	15.99		2864	-318	1578
1839734	-171.67	10.74	13.99		2163	-227	1170
1840092	-172.54	6.93	12.19		1678	19	1095
1840244	-172.56	6.82	12.16		1678	39	1101
1840498	-173.62	2.98	12.02		1151	-248	874
1840753	149.37	-21.20	10.06		-2765	2556	1325
1841011	131.83	-58.11	14.52		-6625	5553	6291
1841270	-139.98	-72.79	-75.70		-5931	7128	9590
1841530	-105.05	-64.26	-118.84		-5053	6663	11517
1841793	-152.72	-86.60	-52.51		-5697	5437	10865
1842055	174.13	-74.95	-18.93		-6135	5262	8900
1842314	178.57	-56.89	-20.07		-5467	4770	6826
1842573	169.27	-46.44	-6.70		-4700	3716	5237
1842832	170.14	-38.74	-3.23		-4068	3056	4535
1843090	169.67	-29.21	1.05		-3016	2262	3674
1843347	168.95	-22.51	1.40		-2172	2085	3371
1843503	177.33	27.28	-53.66		23269	-17178	29982
1843765	167.24	-17.81	1.02		-1523	1725	3447
1843921	167.23	-17.66	0.77		-1510	1740	3449
1844178	141.89	-13.56	72.01		423	2171	11922
1844435	118.33	-25.89	124.27		-6968	-4993	16508
1844697	143.61	-25.10	67.57		-4276	-4215	5458
1844957	151.90	-28.13	52.47		-4465	-3212	4360
1845216	152.19	-24.55	51.96		-4618	-4353	4689
1845475	161.83	-15.74	49.37		-3274	-4785	2926
1845734	178.20	-4.67	34.16		120	-3585	1525
1845889	91.53	nan	-90.39		20601	23625	32290
1846146	175.42	-4.08	16.07		-225	-1339	764
1846402	167.74	-9.53	13.55		-2049	-377	675
1846557	167.67	-9.50	13.55		-2050	-394	648
1846812	179.98	-3.79	9.19		80	84	1179
1846962	179.95	-3.86	9.20		78	111	1194
1847214	171.74	-12.55	14.47		-1529	-427	838
1847471	138.59	-22.33	18.20		-3760	2111	1536
1847729	148.61	-12.02	17.06		-2709	-572	820
1847884	150.59	-11.43	16.41		-2451	-689	889
1848141	165.78	-11.03	18.52		-846	309	709
1848498	101.79	-17.41	61.29		-9291	592	5375
1848653	100.80	-16.69	61.35		-6491	8847	-23624
1848914	170.79	2.51	-3.30		1103	2818	1590
1849168	172.76	8.40	-9.61		1879	2946	171
1849322	173.09	8.43	-9.47		1944	2597	221
1849575	170.52	5.82	-12.44		674	3478	453
1849729	171.56	6.40	-12.34		851	3450	472
1849981	179.20	9.55	-2.13		1784	2223	922
1850235	167.28	-3.22	9.23		133	-249	1232
1850388	166.26	-3.98	9.62		-40	-194	1248
1850642	140.39	-8.50	26.00		-3176	-2353	1216
1850900	146.13	-14.75	24.62		-3119	-304	1351
1851158	145.52	-9.37	29.96		-3446	-3425	1411
1851416	166.64	-1.42	13.85		-1725	-394	592
1851672	-162.38	23.19	0.23		2979	1240	1735
1851828	-160.31	24.06	-0.60		3043	1560	1826
1852085	-134.28	25.54	4.28		2452	2397	297
1852238	67.60	nan	-137.26		16125	11024	9546
1852495	-68.22	32.07	40.54		3943	6468	3763
1852751	-53.43	16.76	54.28		6282	6576	4844
1852906	-53.38	16.25	54.08		-15761	-21133	-16323
1853169	-53.18	15.58	34.65		4414	6088	2358
1853324	-53.77	15.82	33.66		4338	6000	2316
1853580	-70.34	8.42	16.30		2002	2804	1264
1853733	-69.85	8.03	16.54		2166	2824	1263
1853988	-46.51	-15.02	19.79		4187	1195	915
1854144	-46.11	-15.32	19.88		4157	1256	943
1854400	-31.57	-17.70	22.54		4427	2791	1877
1854657	-24.72	-10.03	18.04		3061	2828	1009
1854813	-24.58	-9.48	17.97		653	23529	19511
1855070	-34.60	5.65	13.79		631	3313	848
1855221	-34.40	5.59	14.00		701	3246	832
1855575	-31.65	-5.02	13.75		2411	3852	1303
1855730	-31.24	-5.45	13.02		2421	3570	1199
1855986	-27.35	-7.21	-7.25		461	488	874
1856137	-27.08	-7.47	-7.95		438	291	794
1856390	-7.98	-13.43	-18.48		2557	-1220	1415
1856648	-25.04	1.49	-39.36		-2539	-4007	2142
1856906	-49.66	7.75	-54.19		-6885	-3564	4195
1857164	-19.52	-6.77	-31.82		-359	-4728	1505
1857422	-3.40	-13.56	-5.45		2381	-52	852
1857574	-3.38	-13.52	-4.70		2413	62	836
1857826	-29.87	5.39	8.08		630	2421	1071
1857978	20.75	12.39	59.23		-6965	15497	-2782
1858237	-60.30	25.85	5.57		-556	4875	1410
1858491	-65.80	22.07	10.18		1218	4651	2271
1858647	-66.13	21.75	10.32		-24210	-19134	5771
1858907	-64.93	4.56	0.66		354	1819	1020
1859160	-51.76	-9.79	-6.77		932	291	786
1859311	-50.66	-10.51	-7.16		1011	86	812
1859564	-33.45	-20.23	-13.70		2027	-2007	1816
1859824	-40.41	-11.30	-14.49		531	-1591	473
1860080	-67.86	11.84	-12.83		-1598	2425	1766
1860339	-99.73	37.04	-17.50		-604	7212	3551
1860596	-120.82	52.25	-35.78		157	8136	6009
1860752	-121.58	52.40	-37.10		193	8093	6077
1861009	-142.78	38.74	-86.18		-3067	8889	10236
1861270	-146.28	61.56	-99.51		-3991	7321	11775
1861530	-103.07	56.11	-61.30		-5051	6277	8602
1861789	-86.93	27.21	-49.56		-5295	3675	5931
1862048	-83.80	29.67	-36.65		-4250	4287	4528
1862306	-80.60	25.07	-31.88		-3642	3875	4353
1862564	-78.51	16.95	-26.12		-2685	3127	3493
1862822	-75.90	11.25	-20.24		-1899	2478	2887
1862979	-20.42	nan	3.40		20250	18921	-8952
1863235	-75.21	8.88	-15.36		-1226	2112	2930
1863492	-73.88	10.77	-10.93		-735	2608	2786
1863648	-73.80	10.69	-10.88		-1210	7543	10941
1863907	-72.27	5.22	-13.11		-589	1896	2952
1864163	-73.11	1.78	-14.14		-707	1124	2767
1864419	-71.81	-1.82	-11.12		-71	795	2835
1864572	-71.78	-1.93	-11.03		-56	778	2843
1864827	-77.38	6.92	1.40		1579	2473	2425
1865081	-63.84	-13.68	-31.64		2720	9078	2570
1865339	-14.93	-15.18	-110.68		-3612	-6099	16043
1865602	-26.53	-27.23	-74.33		-2708	-7208	6039
1865863	-29.45	-28.61	-61.64		-2079	-6336	5033
1866123	-30.74	-24.74	-48.23		-782	-5180	3500
1866382	-33.32	-25.72	-43.82		-494	-4316	3280
1866641	-2.49	-51.30	-89.92		27	-8393	10251
1866898	99.86	-40.54	-178.30		4216	-7456	19124
1867158	82.87	-15.25	160.12		-2189	-3589	19234
1867419	63.38	-16.97	142.44		-4914	-1373	17651
1867679	65.20	-31.67	135.56		-6479	-1309	17150
1867940	69.37	-38.70	119.18		-7480	-1328	14933
1868200	76.88	-42.59	101.41		-7963	-1052	12717
1868462	82.84	-47.25	87.15		-7806	-544	11012
1868720	87.83	-50.00	75.78		-7735	-32	9987
1868976	93.72	-46.55	59.64		-7131	609	8425
1869232	100.53	-39.77	44.95		-6235	684	6826
1869387	100.82	-39.46	44.44		-6196	663	6768
1869644	110.61	-30.11	26.54		-4463	120	4923
1869901	111.04	-25.41	18.45		-3403	249	4297
1870260	152.84	-17.02	0.20		-1169	-1362	3236
1870416	42.41	nan	90.68		-2095	22594	-17375
1870673	146.99	7.09	-14.54		2784	-255	3502
1870929	167.49	17.32	-5.67		3197	-1581	4338
1871085	88.15	nan	23.36		-32444	-23236	-3711
1871343	-160.37	22.26	-13.97		3271	1625	3960
