2238205	132.14	-2.44	6.97		-562	276	244
2238357	132.20	-2.38	6.93		-551	271	243
2238609	132.12	-1.73	5.75		-359	346	221
2238760	132.07	-1.73	5.75		-25112	-9466	12160
2239020	131.44	-1.41	6.23		-412	258	215
2239374	131.91	-0.27	6.10		-276	154	219
2239525	131.97	-0.23	6.09		-268	143	218
2239777	131.88	0.47	5.80		-167	91	221
2239927	131.87	0.47	5.80		-162	91	219
2240177	129.25	0.55	6.31		-158	7	222
2240325	129.02	0.53	6.35		-171	5	222
2240574	121.28	-0.41	7.77		-567	192	237
2240726	121.26	-0.40	7.79		-567	189	239
2240978	123.21	0.83	7.37		-340	-28	220
2241229	123.09	0.50	7.05		-372	60	227
2241379	123.09	0.49	7.04		-373	64	228
2241629	122.88	0.28	6.43		-327	150	196
2241779	122.85	0.29	6.42		-330	148	199
2242030	123.57	1.12	5.64		-142	94	199
2242180	123.60	1.15	5.63		-137	91	198
2242430	123.85	1.70	5.55		-81	53	212
2242578	123.84	1.70	5.56		-79	53	210
2242828	123.92	2.19	5.47		-60	-15	206
2242976	123.97	2.20	5.46		-55	-14	208
2243227	125.07	1.66	5.58		-89	16	200
2243375	125.03	1.61	5.59		-98	25	200
2243624	124.17	0.78	5.66		-236	170	201
2243875	124.43	1.97	5.40		-120	-3	206
2244025	124.52	2.03	5.37		-99	-23	217
2244275	110.35	-0.74	8.91		-640	205	224
2244426	109.42	-0.95	9.09		-670	269	231
2244679	84.93	-2.32	15.43		-1725	1342	487
2244933	85.05	0.11	15.84		-1855	799	483
2245085	85.09	0.17	15.79		-1858	798	473
2245338	88.23	1.06	11.15		-1331	690	324
2245489	88.43	1.11	10.96		8046	-19951	19304
2245746	109.98	3.93	1.25		586	-37	166
2245896	110.26	3.93	1.13		607	-21	163
2246146	115.45	3.30	0.20		562	224	132
2246295	115.55	3.30	0.21		567	223	132
2246546	115.12	2.50	3.23		457	-54	171
2246694	114.97	2.36	3.44		435	-57	175
2246945	83.80	-3.71	18.39		-2450	1817	621
2247200	51.03	3.77	30.40		-3679	3491	1648
2247354	50.06	4.13	30.51		-3696	3456	1687
2247609	68.49	2.73	13.78		-2175	1356	813
2247761	69.65	2.42	12.83		-2017	1301	785
2248015	103.84	1.41	-10.25		2329	939	518
2248268	87.05	4.72	-3.16		1349	-369	43
2248419	86.13	4.75	-2.63		1229	-402	41
2248671	54.97	13.57	10.79		-1852	28	30
2248821	54.45	14.00	10.91		-1923	-7	-19
2249073	35.52	11.29	13.71		-2666	1741	787
2249328	52.98	6.76	2.28		-137	290	-228
2249479	53.54	6.89	1.86		-151	126	-212
2249730	36.66	6.24	19.29		-1463	2462	902
2249882	128.57	nan	-47.56		-15880	-11	29862
2250139	-11.68	28.66	16.00		-2825	3354	1667
2250396	-26.99	28.19	1.66		-4166	3503	1454
2250551	12.51	-6.21	7.69		-9855	6037	24951
2250807	3.69	-13.42	-27.45		3538	-3689	1253
2251064	41.69	-3.41	-24.33		4313	-2924	1026
2251219	-47.03	nan	56.26		-18955	5641	10197
2251476	47.26	2.97	21.05		-2821	2616	1547
2251731	60.56	-16.11	18.63		-1305	4666	1339
2251888	62.06	-16.81	17.93		-1174	4683	1311
2252145	111.20	-24.25	-17.73		1503	4823	1689
2252403	110.91	-16.58	-21.57		1813	4150	831
2252660	85.84	-5.84	-2.75		544	1942	1052
2252813	84.61	-5.41	-1.91		369	1908	1055
2253067	58.63	11.76	8.75		-2082	405	283
2253319	63.85	16.69	3.96		-807	-1213	731
2253472	63.87	16.93	3.93		-777	-1247	687
2253725	21.02	21.74	18.57		-3695	2598	1907
2253981	32.93	7.71	21.70		-2482	3625	1215
2254338	47.48	-26.33	18.35		1287	5560	2530
2254492	47.39	-27.24	18.46		1335	5687	2628
2254748	68.36	-34.37	-0.28		2008	6042	3345
2254904	-80.19	nan	-49.34		-18039	-22611	15573
2255164	95.50	-25.22	-32.89		3954	5404	3686
2255421	97.06	-23.57	-33.57		4035	5501	4050
2255678	95.02	-21.16	-22.00		2746	4648	3161
2255935	95.72	-16.12	-3.81		-351	4379	2702
2256090	95.71	-15.78	-3.15		-409	4226	2707
2256346	114.92	-30.12	4.66		-3762	4684	4624
2256603	116.79	-23.69	-1.81		-1916	4262	3833
2256760	116.39	-22.94	-1.70		-21052	-30277	5864
2257123	117.68	3.40	16.14		-2802	191	3844
2257276	117.33	3.98	16.54		-2848	114	3907
2257531	96.99	3.57	0.48		-628	573	3695
2257682	96.43	3.05	-0.54		-455	684	3713
2257935	65.51	-21.95	-10.34		3200	3543	4531
2258192	57.56	-32.37	9.96		1112	5516	5103
2258345	57.19	-32.30	10.49		1052	5421	5124
2258601	65.28	-28.03	8.34		882	4275	4616
2258754	65.78	-27.56	7.97		901	4278	4629
2259109	67.29	13.74	-14.44		1970	-1993	4676
2259265	66.62	14.46	-14.49		1865	-2127	4606
2259522	58.27	18.62	-14.50		588	-2152	4414
2259778	61.09	-3.59	0.62		509	1375	4019
2259930	61.06	-4.38	1.33		514	1546	4021
2260183	51.36	-18.07	6.24		1683	2890	4235
2260438	32.58	-13.61	4.31		916	2236	4248
2260590	31.99	-13.40	4.18		876	2189	4211
2260844	40.62	-9.12	8.97		271	1945	4549
2261096	60.60	-12.92	14.04		-212	2133	4301
2261252	61.01	-12.94	14.23		-251	2100	4320
2261508	83.83	-2.62	37.09		-3373	805	5288
2261661	85.10	-1.84	37.91		-3508	622	5346
2261916	143.70	16.97	64.84		-1777	-5659	7687
2262174	126.37	-14.33	23.27		-2732	1344	4174
2262534	133.39	-19.53	14.49		-2093	1389	3927
2262690	47.84	nan	34.87		4025	-3635	-2484
2262945	151.12	1.99	28.19		39	-2153	4306
2263098	150.48	1.52	26.61		53	-1887	4263
2263352	141.36	-4.39	8.62		-131	497	2833
2263504	141.58	-4.15	9.29		-136	415	2886
2263757	157.45	3.97	36.91		-70	-3374	4491
2264012	148.87	-2.55	10.83		-253	586	2816
2264166	148.87	-2.53	10.55		-264	610	2773
2264421	158.23	0.82	23.51		208	-1525	3606
2264574	157.99	0.52	23.23		95	-1512	3600
2264828	161.69	-5.03	3.92		19	1383	2976
2264980	161.89	-5.12	3.78		-24	1396	3011
2265234	157.09	-6.65	15.67		-750	-482	3529
2265490	155.71	-6.46	9.62		-379	781	3173
2265643	155.56	-6.36	9.54		-341	796	3120
2265997	152.93	2.17	17.33		501	-617	2983
2266149	152.66	2.13	17.53		453	-618	2990
2266403	145.37	1.91	35.04		-1951	-2618	3388
2266660	150.70	11.24	32.12		88	-2887	3544
2266915	154.32	15.53	19.01		1914	-1410	3119
2267072	154.47	15.57	18.39		1949	-1399	3100
2267329	147.00	2.01	-5.26		1422	2096	3096
2267684	155.54	-3.11	1.30		892	1639	2033
2267837	156.15	-3.10	2.26		795	1463	2056
2268091	170.91	-13.39	7.98		-1833	825	2889
2268347	173.18	-10.55	0.71		-1068	1529	3145
2268604	169.84	-3.27	12.40		41	18	2961
2268754	169.77	-3.24	12.47		35	-18	2942
2269007	170.26	-2.40	8.32		80	721	2811
2269158	170.16	-2.38	8.48		86	680	2802
2269409	166.88	-4.36	9.55		-178	475	3013
2269663	166.19	-3.78	3.46		390	1002	3415
2269815	165.88	-3.83	2.86		383	1027	3407
2270170	158.95	40.51	48.44		2249	5245	8338
2270325	162.81	42.39	57.21		1650	5263	10211
2270582	-21.24	12.18	-4.93		-582	17	5748
2270735	-20.26	13.21	-1.20		-710	451	5491
2270990	-13.70	23.67	16.27		-2189	1095	3395
2271145	-72.54	nan	-38.83		10691	-23503	-18847
2271406	-34.21	12.86	-14.44		-2670	-1646	3864
2271665	-54.19	-5.99	-25.28		-2814	-2505	5256
2271924	-125.26	-28.75	-39.79		-4784	631	7556
2272184	-164.71	-48.74	-53.83		-3721	4960	8567
2272444	170.51	-49.59	-51.70		-1019	5485	7861
2272703	148.78	-42.75	-40.42		-9	4848	6278
2272959	145.99	-34.81	-32.96		256	3940	5301
2273216	148.55	-31.67	-25.39		-310	3253	4446
2273474	98.74	-42.30	0.36		-722	3068	4914
2273629	97.01	-42.51	1.61		-1072	2907	5015
2273885	80.22	-46.37	13.04		-862	4148	4364
2274039	80.12	-46.28	13.14		-832	4137	4368
2274295	76.22	-33.70	34.32		-3497	2515	4847
2274552	74.16	-31.4