980432	-98.46	-1.84	11.68		-164	586	2787
980686	-96.29	-2.16	12.48		-50	501	3078
980938	-104.74	1.02	-2.44		-1693	1870	3361
981092	-105.37	1.07	-3.38		-1767	1919	3341
981348	-136.00	-34.23	5.20		-14143	10980	6217
981607	-101.01	54.48	177.52		-4271	-6873	14979
981867	27.75	43.59	-49.38		1227	-6271	10129
982023	28.56	41.62	-47.39		1116	-6146	9739
982278	-2.29	-3.19	-28.14		826	-4497	5457
982431	-2.27	-3.45	-27.84		832	-4492	5429
982685	-29.12	-2.60	-12.34		-554	-1605	4229
982841	-30.78	-2.38	-12.01		-560	-1608	4249
983097	-34.57	2.24	-4.42		-626	-530	4106
983248	-34.49	2.20	-4.39		-661	-574	4101
983501	-23.70	0.82	-4.34		-1110	-593	4182
983756	-5.21	-6.18	-3.14		803	-611	4219
983907	-4.66	-6.37	-3.09		856	-595	4253
984159	9.67	1.81	2.63		-959	-169	4362
984307	9.41	2.37	2.76		-1109	-215	4345
984558	10.05	7.12	12.42		-1037	959	4221
984710	73.36	-28.66	-6.92		14432	-21349	-2897
984969	2.05	7.48	7.84		-991	296	4124
985116	1.79	7.51	7.72		-980	279	4124
985365	-6.99	2.26	2.29		-166	-333	4034
985515	-7.09	2.05	2.23		-136	-345	4043
985765	-41.40	-6.73	-3.76		-158	-1059	4120
986020	-66.87	-22.79	-12.57		-504	-2853	4747
986177	-0.35	nan	38.97		-8567	-9025	30500
986431	-120.20	-38.35	-18.68		-3626	-2053	5421
986691	-129.68	-35.95	-16.21		-3177	-1329	5103
986951	-131.40	-26.80	-11.16		-2239	-628	4210
987210	-131.75	-21.62	-8.24		-1414	-442	3940
987467	-131.43	-20.04	-5.85		-1252	-526	3736
987624	-131.27	-19.92	-5.68		-1186	-551	3736
987882	-135.66	-18.35	-4.43		-1048	-431	3471
988139	-132.01	-15.54	-9.46		-1180	416	3586
988396	-126.57	-10.76	-9.78		-441	803	3571
988550	-126.37	-10.68	-9.72		-445	790	3559
988806	-118.15	-18.04	-8.88		-998	-306	3523
988961	-117.93	-18.24	-8.74		-970	-345	3535
989217	-113.65	-16.83	-1.12		36	-669	3185
989371	-113.91	-16.71	-1.10		-19	-678	3169
989626	-116.83	-12.06	-2.15		112	-114	3062
989780	-116.60	-11.93	-2.29		107	-54	3073
990034	-103.92	0.40	-1.17		535	1574	3435
990187	-103.41	0.71	-1.01		542	1621	3440
990440	-86.40	2.14	1.74		631	2007	3379
990589	-86.02	1.62	1.19		11667	-19619	-31990
990848	-12.49	-43.52	-62.09		1052	-5344	6787
991106	9.34	-17.72	-111.64		-30	-6481	12784
991362	26.32	52.17	-91.37		1415	-7191	12568
991517	28.29	54.62	-89.21		1434	-7258	12403
991774	143.49	35.24	31.41		284	-5973	6674
991928	145.23	33.98	31.70		13102	-25620	23771
992187	-168.22	10.03	30.11		2482	-3280	5093
992443	-166.73	5.30	26.96		1978	-2810	4671
992699	-156.79	-0.36	29.82		1759	-2205	4723
992855	-156.73	-0.66	29.92		1669	-2369	4760
993111	-138.17	0.22	11.59		1310	-235	4226
993264	-138.44	0.39	10.97		1338	-170	4224
993518	-144.48	1.49	-2.80		306	1304	3795
993671	-144.84	1.23	-2.72		240	1251	3792
993924	-150.83	8.62	29.22		2046	-1900	5053
994180	-114.62	20.56	67.19		5870	-15	7597
994333	-114.44	20.22	67.13		5888	-120	7553
994588	-125.60	3.74	19.11		968	-133	3362
994741	-125.91	3.03	17.86		787	-172	3319
994994	-109.40	-8.91	14.71		104	-965	3875
995248	-109.75	-8.29	37.40		2937	-1308	4449
995505	-147.79	-1.08	20.50		-207	-136	2960
995658	-150.00	-0.73	20.47		-196	-231	2923
995914	148.27	21.96	47.50		-963	-5110	5285
996069	147.35	22.60	47.95		-989	-5130	5285
996324	127.94	36.45	45.44		-773	-5710	5278
996478	127.60	36.64	45.00		-744	-5708	5242
996734	114.97	40.59	21.12		1077	-4939	4311
996889	114.68	40.62	20.40		1149	-4892	4285
997144	106.09	36.35	2.19		2831	-3573	4009
997298	105.85	36.17	2.05		2824	-3555	4057
997553	121.33	20.00	-0.10		2582	-788	2864
997706	121.88	19.56	-0.17		2575	-689	2851
998062	126.57	8.98	4.16		1297	-154	2802
998212	127.07	8.93	4.30		1294	-233	2817
998464	-166.96	6.33	8.48		-530	1754	2780
998617	-166.20	6.22	9.40		16677	26008	31720
998874	-147.94	-33.46	-12.66		-5956	631	5469
999131	-120.81	-41.65	-52.90		-7327	2026	8034
999390	-99.95	-30.42	-56.60		-6618	-171	8080
999748	-95.78	-15.74	-40.04		-5302	1018	5637
999905	94.07	nan	1.07		-2282	23627	-32720
1000159	169.15	-3.88	63.01		-1818	-7544	9904
1000417	172.48	28.16	58.69		1277	-5355	7326
1000572	171.97	28.30	57.32		1284	-5160	7229
1000829	137.73	6.70	16.99		-190	-1120	3857
1000983	0.32	nan	27.86		-11313	3335	-2708
1001238	152.32	-13.94	8.33		-861	1083	3393
1001393	153.18	-14.20	8.46		-15113	7289	-21245
1001653	167.98	-25.97	6.61		-2890	795	4223
1001908	-160.32	-24.58	-19.50		-3249	2628	4864
1002168	-128.37	-16.69	-37.99		-4539	2454	5834
1002428	-125.83	-12.11	-36.30		-4006	2915	5228
1002688	-140.01	-21.01	-13.58		-2769	1760	4573
1002948	174.14	-25.78	42.35		-1914	-4935	5514
1003207	165.31	-17.74	61.34		-2032	-5484	6408
1003465	178.00	-3.59	51.88		732	-4640	5027
1003822	-177.87	18.27	49.74		3038	-4125	5332
1003979	179.74	-2.47	179.96		7963	-13465	-8211
1004239	177.31	37.26	46.87		4884	-4590	6498
1004495	170.79	11.44	20.71		1951	-1624	4175
1004752	-157.21	-22.37	-9.03		-4011	2323	3970
1005011	-132.29	-17.79	-35.38		-5043	3202	5418
1005272	-118.16	-9.81	-53.31		-5742	4127	6434
1005530	-132.31	-24.44	-41.63		-5010	3726	6265
1005790	-179.28	-13.77	35.92		-1234	-3181	6883
1006050	177.99	22.99	61.67		2375	-5989	7359
1006205	87.55	nan	-26.13		9694	16826	-21615
1006461	-179.75	-8.13	22.65		-170	-1232	3820
1006720	178.86	-33.38	9.45		-3761	553	3562
1006874	179.33	-65.44	3.26		-7541	-6717	-20456
1007134	177.32	-26.75	10.33		-2339	277	3158
1007390	174.08	-23.25	16.17		-2064	-616	3110
1007648	177.74	-24.01	11.25		-1975	-36	3068
1007905	-173.42	-23.25	1.63		-2323	1285	2494
1008062	-173.26	-23.01	1.66		6869	-20473	-8345
1008322	-174.01	1.43	26.16		1594	-1473	2941
1008578	-169.60	16.11	35.89		3705	-2355	4129
1008836	-167.24	21.98	34.13		4414	-1951	4059
1009094	-164.17	27.18	33.54		4499	-1392	3788
1009453	-145.12	50.27	56.67		6997	-1945	7726
1009609	115.61	nan	55.80		-28072	-16209	-10893
1009869	-151.99	49.94	47.35		7001	-1597	7102
1010127	-157.14	20.04	16.02		2866	967	3905
1010383	-130.21	-15.40	-20.33		-5016	1503	4445
1010642	-89.75	-25.20	-53.91		-7702	-940	6646
1010902	-57.39	-42.83	-41.45		-4215	-4554	7238
1011162	-72.81	-60.34	-2.20		629	-5542	6170
1011316	-85.71	nan	0.21		16552	-10733	18767
1011573	-62.11	-5.72	-27.78		-4655	-1433	3413
1011832	-45.04	-22.05	-3.70		-443	-1941	4672
1012089	-48.02	-28.40	6.79		1975	-1382	4671
1012245	-47.73	-27.05	5.64		-5313	24343	-27958
1012505	-50.30	22.17	-22.53		-5345	655	4765
1012762	-49.27	15.81	-20.94		-4014	124	4800
1013018	-48.23	6.25	-19.52		-2948	-681	4466
1013174	-48.19	6.03	-19.55		-18369	-16004	-9883
1013435	-42.44	-19.85	1.81		1187	-1219	3669
1013691	-35.93	-22.61	6.38		1365	-520	4433
1013947	-35.30	-19.71	6.63		1029	-222	3895
1014102	-35.06	-19.64	6.71		1008	-202	3890
1014356	-36.15	-6.96	0.25		-817	113	3619
1014509	-36.45	-6.48	-0.27		-910	99	3565
1014762	-30.17	-2.77	-24.49		-7681	202	33
1015016	-173.14	12.43	139.31		-4749	-6327	16617
1015277	146.09	45.68	75.83		-1804	-7727	11810
1015536	123.31	12.44	14.50		653	-1764	5008
1015892	124.25	-0.22	-2.07		830	207	3732
1016045	123.86	0.08	-2.38		881	173	3751
1016297	135.56	14.98	-23.40		3079	264	4526
1016553	140.15	29.59	-61.48		3120	3196	8664
1016709	145.53	12.18	-140.81		6286	8426	7531
1016966	23.53	16.56	165.74		-4	1892	16876
1017221	-13.39	13.95	97.96		1393	6406	11849
1017376	-14.63	14.35	95.27		1466	6358	11503
1017633	-85.93	42.72	4.32		-585	3784	6044
1017787	-88.48	43.23	1.66		27428	-14851	4304
1018044	-131.22	13.70	-79.12		-5675	4092	9199
1018303	-134.75	-17.52	-76.30		-5447	3255	8973
1018563	-168.03	-45.72	-50.98		-5054	3267	7889
1018823	157.37	-50.39	-21.23		-4560	3157	6186
1019082	140.60	-47.73	-2.91		-3853	1889	6054
1019340	-176.42	-49.50	-11.81		-5224	-572	5773
1019599	-140.77	-36.66	-35.45		-4945	15	5611
1019857	-144.10	-8.06	-39.29		-2095	2763	5090
1020116	174.88	14.76	-36.44		2745	2668	4239
1020272	174.53	15.49	-36.45		2770	2607	4306
1020529	173.15	45.09	-23.16		5229	646	6085
1020784	-152.57	54.86	-0.49		5833	1703	7515
1020940	-150.82	55.01	0.44		5833	1847	7514
1021196	-117.91	5.85	22.37		3426	-2154	5832
1021351	120.99	-5.58	-8.69		-19982	-8994	-9733
1021612	-128.42	-21.01	6.55		134	-2730	4251
1021868	-132.65	-22.85	2.78		-645	-2861	4335
1022126	-118.16	-18.14	-7.26		-1034	-1445	4128
1022386	-117.15	-13.10	-13.48		-1065	-693	3851
1022645	-118.39	-10.10	-11.13		-588	-351	3626
1022904	-117.15	-10.92	-9.19		-388	-593	3732
1023161	-117.34	-9.69	-8.31		-194	-436	3593
