1093750	72.37	1.68	-13.48		-21	-274	3021
1094003	70.98	-2.28	-11.05		-402	350	2576
1094257	72.06	-3.98	-13.29		-78	429	2672
1094410	72.19	-4.05	-13.41		-65	431	2677
1094663	78.29	-1.80	-13.49		-114	271	3150
1094917	73.71	4.91	7.27		-2907	-208	3516
1095069	73.82	5.23	8.32		-3180	-246	3534
1095322	37.41	23.90	-77.34		-11747	-2697	13400
1095582	121.84	-44.81	116.99		-9558	-6615	16003
1095945	-144.11	-9.59	-2.85		-43	-1002	4240
1096099	-143.36	-8.92	-3.81		-66	-902	4120
1096355	-127.37	3.08	-10.25		199	136	2955
1096508	-126.93	3.36	-9.67		277	103	2952
1096862	-85.24	31.40	45.47		2991	2296	6992
1097017	-82.71	32.38	48.19		2950	2597	7352
1097273	-108.27	-35.52	-148.27		-4884	4517	15702
1097535	106.94	-22.28	-7.49		-1693	2561	4947
1097793	59.52	22.88	19.83		-4819	-1039	5227
1097949	-45.13	nan	-50.55		22077	6445	4830
1098204	20.58	29.65	11.59		-3503	1064	4957
1098358	-44.90	nan	30.44		15282	10632	-10527
1098615	-17.44	11.02	2.04		-832	463	4075
1098970	-27.11	-17.86	44.68		3530	3695	6525
1099125	-28.19	-18.31	46.32		3597	3763	6662
1099382	-83.41	-12.09	127.70		3616	1912	13349
1099641	-150.89	-31.06	-165.82		1472	3143	16781
1099902	124.77	-35.65	-66.93		3783	4244	9138
1100161	88.80	-15.74	-26.02		2476	188	4967
1100314	88.85	nan	29.74		4104	13419	24469
1100569	48.95	-37.15	7.77		1796	2848	5417
1100723	47.15	-37.70	9.41		1796	2884	5509
1100977	7.27	4.52	76.00		-3353	6106	10123
1101130	7.57	6.20	76.75		-3409	6075	10218
1101486	16.50	61.48	108.98		-771	7144	10970
1101641	16.18	62.40	108.95		-705	7150	10934
1101898	-65.19	69.78	31.86		-92	5587	7693
1102052	-65.81	69.16	31.15		18520	-1894	5356
1102310	-64.98	40.12	25.27		27	3931	4742
1102664	-64.41	27.27	25.13		526	2783	3837
1102817	-64.45	27.00	25.13		544	2764	3821
1103173	-67.61	16.23	18.02		761	1109	3125
1103326	-67.40	15.99	17.64		707	1068	3131
1103681	-62.57	7.56	9.96		-629	-259	2816
1103834	-62.41	7.33	10.41		-551	-254	2829
1104088	-66.41	-11.87	36.75		3652	-531	4194
1104345	-56.57	-33.47	34.82		5338	-2384	5221
1104603	-42.66	-47.79	19.14		4828	-3166	6047
1104860	-17.35	-50.36	-0.43		5416	-3603	6657
1105016	-15.71	-49.99	-1.36		17881	-21748	-15234
1105278	12.98	-9.07	-36.82		2163	-4851	6146
1105434	12.56	-7.99	-37.20		2073	-4839	6096
1105691	-19.96	13.64	-50.80		-2935	-5796	7266
1105949	-6.40	13.81	-36.70		-1073	-4198	5655
1106207	-5.89	16.43	-20.15		-1508	-2241	4567
1106364	-5.56	16.43	-19.54		-1486	-2147	4517
1106622	-0.29	15.00	-6.73		-1006	-682	4028
1106877	1.67	10.98	-4.61		-332	-426	3949
1107030	1.75	10.85	-4.57		-307	-445	3938
1107282	0.09	8.61	-3.90		-168	-377	3836
1107433	68.67	nan	44.09		26161	13056	11130
1107688	-1.81	8.48	-4.41		-96	-454	3841
1107840	-1.83	8.51	-4.39		-104	-456	3847
1108092	8.46	5.71	-1.60		340	-65	3622
1108241	8.91	5.54	-1.67		351	1	3626
1108489	29.22	-4.21	-24.18		2081	-1210	4207
1108745	67.53	-2.61	-62.96		5216	-478	7248
1108899	68.91	-2.10	-64.05		5442	-420	7280
1109155	84.55	4.45	-27.51		1634	-67	3410
1109307	84.49	4.30	-26.63		1582	-110	3341
1109662	84.21	12.15	-46.70		4127	-894	4892
1109817	84.38	11.76	-46.00		4161	-899	4801
1110072	79.77	2.19	-9.77		-165	423	2235
1110223	79.85	2.46	-10.01		-133	370	2281
1110476	88.76	4.88	-15.58		331	420	3253
1110628	88.64	4.71	-15.01		-20753	-12272	-9810
1110888	85.83	3.98	-10.84		-266	467	2974
1111141	83.44	6.61	-11.54		-12	4	2592
1111289	83.51	6.56	-11.32		-106	41	2604
1111541	86.22	6.51	-4.39		-662	-524	3156
1111694	86.10	6.33	-4.51		-607	-520	3113
1111947	86.98	-0.56	-1.62		-1015	1130	3418
1112202	70.94	-4.25	17.58		-3427	2300	3219
1112458	79.94	1.74	-9.11		-197	439	3609
1112608	80.81	2.03	-10.60		-16	347	3651
1112861	91.28	8.76	-17.68		633	-231	3321
1113013	91.13	8.77	-17.11		544	-252	3306
1113266	90.02	7.56	-13.25		66	16	3019
1113415	89.95	7.57	-13.16		68	8	3030
1113664	93.30	8.72	-13.44		-96	-28	3047
1113916	94.48	10.71	-14.68		357	-496	3050
1114068	94.53	10.57	-14.46		313	-473	3040
1114323	95.55	4.43	-13.65		12	428	2813
1114574	96.09	4.38	-15.18		329	449	2917
1114725	96.09	4.41	-15.14		336	444	2910
1114978	96.74	6.50	8.22		-2407	-1036	3380
1115131	93.25	72.57	26.76		22502	-18131	10183
1115390	16.30	23.29	-115.47		-5217	-3290	19147
1115651	-55.23	-42.19	-36.68		-2270	-10344	9641
1116012	-64.10	33.98	-7.17		-947	3126	3861
1116167	-64.09	34.01	-7.24		-1003	3149	3771
1116423	-32.68	2.98	26.83		756	2436	5401
1116575	-30.97	1.71	28.40		891	2551	5578
1116828	-44.01	-28.21	78.69		3663	4791	11043
1117086	10.80	-36.31	73.28		-232	5040	9710
1117342	89.44	-42.64	72.32		-6177	1237	9210
1117700	112.01	-52.92	56.94		-5904	1065	7796
1117856	-112.55	-71.59	-129.19		7711	10584	17096
1118119	131.93	-42.80	31.20		-4399	631	5222
1118275	132.29	-42.55	30.72		-4374	641	5173
1118531	142.09	-35.46	9.89		-2536	1510	3324
1118788	145.96	-32.25	1.50		-1701	2239	3156
1118944	146.02	-32.19	1.34		-1711	2275	3168
1119201	127.61	-21.38	2.22		-888	871	3155