1619947	-94.96	-27.24	-63.00		-6717	-2193	5271
1620207	-100.32	-20.29	-51.89		-6615	-1302	4151
1620468	-118.33	-11.34	-34.46		-3813	377	1704
1620726	-130.65	-7.08	-30.64		-2660	1416	1063
1620985	-133.71	-5.15	-29.06		-2954	1686	954
1621243	-148.74	-1.98	-24.86		-1104	1940	921
1621399	8.76	nan	55.77		-23849	24045	2614
1621654	179.71	-0.02	-19.86		766	2608	394
1621807	179.40	-0.04	-19.31		750	2519	360
1622062	-173.40	1.28	-3.72		797	-1065	267
1622214	-173.19	1.15	-3.95		727	-989	266
1622468	178.56	5.07	-12.67		1293	433	412
1622721	161.05	-0.07	-20.33		1863	1589	793
1622876	161.42	-0.51	-20.70		1696	1785	752
1623131	163.01	3.34	-14.30		1128	1232	383
1623284	162.93	3.94	-13.95		1242	1150	365
1623538	155.22	11.85	-8.08		3032	-830	425
1623692	154.97	11.50	-8.16		2968	-791	412
1623947	168.05	-1.52	-7.46		895	96	316
1624198	-178.78	-13.63	-6.50		-2074	-165	427
1624353	-178.06	-13.79	-6.55		-2124	-185	426
1624611	174.80	-11.19	-9.45		-1109	895	369
1624866	175.65	-7.51	-6.55		-523	95	247
1625018	175.82	-7.43	-6.49		-516	83	250
1625270	176.70	-2.86	-6.32		-28	1	125
1625418	176.47	-2.74	-6.37		-8	14	130
1625668	173.26	-4.32	-7.36		-163	450	155
1625820	173.34	-4.51	-7.34		-221	470	166
1626074	178.23	-8.99	-6.90		-1100	283	236
1626328	177.21	-7.86	-7.79		-964	581	237
1626479	177.17	-7.72	-7.76		-928	546	240
1626833	174.55	-1.05	-6.50		224	241	101
1626985	174.30	-0.98	-6.52		221	290	65
1627236	169.66	0.79	-7.65		587	440	63
1627384	169.49	0.80	-7.69		601	436	76
1627634	166.96	-1.93	-7.42		387	429	134
1627786	167.21	-2.04	-7.35		364	409	133
1628038	174.80	-4.77	-4.63		-273	-109	104
1628292	175.95	-4.94	-4.48		-411	-58	127
1628443	175.97	-4.90	-4.49		-396	-69	125
1628696	174.24	-3.27	-5.48		-50	125	90
1628847	174.15	-3.24	-5.50		-37	140	88
1629097	172.61	-1.96	-4.98		143	46	72
1629246	172.54	-1.95	-4.99		143	52	72
1629496	170.86	-1.65	-4.95		214	74	90
1629644	170.85	-1.66	-4.95		216	71	91
1629894	170.50	-1.56	-4.67		233	46	44
1630043	170.48	-1.55	-4.65		241	36	41
1630292	166.58	-2.90	-6.33		26	348	108
1630443	166.32	-2.90	-6.41		27	376	113
1630694	161.48	-1.13	-4.35		469	9	77
1630841	161.67	-1.12	-4.23		454	-16	74
1631092	164.54	-2.18	-3.29		106	-214	53
1631243	164.49	-2.22	-3.36		110	-207	58
1631495	160.51	-4.50	-5.73		-56	453	111
1631747	162.28	-4.40	-4.49		-172	186	85
1631898	162.38	-4.36	-4.45		-175	174	84
1632150	161.80	-2.24	-3.53		139	-87	58
1632300	161.76	-2.19	-3.54		149	-87	58
1632550	160.89	-2.88	-3.88		76	28	57
1632698	160.93	-2.94	-3.88		59	33	62
1632947	163.17	-5.26	-3.58		-365	69	85
1633096	163.17	-5.28	-3.58		-369	71	86
1633347	163.41	-3.87	-4.15		-127	120	64
1633498	163.43	-3.79	-4.15		-120	118	65
1633750	161.71	-1.42	-4.45		360	-8	47
1633899	161.60	-1.43	-4.47		358	3	47
1634147	159.69	-2.56	-3.93		143	100	87
1634297	159.76	-2.58	-3.88		132	93	86
1634547	162.28	-2.76	-2.45		33	-237	70
1634697	162.35	-2.77	-2.46		34	-238	70
1634948	166.42	-2.62	-3.00		73	-45	61
1635096	166.54	-2.60	-2.95		65	-56	53
1635346	171.54	-3.87	-3.64		-131	-75	68
1635496	171.60	-3.95	-3.69		-152	-54	67
1635850	174.66	-5.69	-2.87		-533	-201	95
1636001	174.72	-5.68	-2.86		-535	-197	95
1636254	172.28	-2.98	-2.18		-85	-291	36
1636406	172.29	-2.89	-2.15		-1034	8573	-28038
1636665	171.77	-1.55	-2.20		223	-377	69
1636815	171.93	-1.59	-2.32		26960	32088	-18238
1637075	175.57	-1.74	-2.61		35	-71	69
1637224	175.35	-1.63	-2.44		85	-136	68
1637475	-176.54	-0.69	0.99		498	-1123	143
1637729	-171.38	-2.36	0.31		188	-1076	126
1637882	-171.20	-2.40	0.26		200	-1076	125
1638136	-158.61	0.52	8.55		1614	-2382	541
1638290	-158.37	0.85	9.20		1732	-2430	524
1638645	-137.16	18.59	37.37		6748	-3213	3506
1638802	-136.56	18.88	37.47		9314	-6564	21219
1639061	-98.08	31.52	44.05		9016	1808	5864
1639317	-58.42	37.51	44.57		5066	6671	7347
1639472	-56.72	37.74	44.76		-31513	10580	21902
1639732	-21.66	40.52	54.37		122	7559	7907
1639986	-8.32	38.47	56.06		-843	7339	8456
1640139	-8.50	38.52	56.04		-837	7205	8485
1640393	-5.02	47.66	51.37		-1612	6179	8824
1640548	-4.70	47.89	51.09		-1731	6118	8843
1640804	-8.49	32.78	34.73		-1399	4492	6832
1640958	-9.32	32.42	34.32		-1297	4453	6860
1641213	-3.11	21.83	35.49		-1100	3908	5704
1641368	-2.85	21.66	35.48		-22084	28276	-20049
1641628	5.07	16.71	36.48		-1246	3210	5341
1641883	32.60	4.93	52.06		-2527	3501	6845
1642036	33.88	4.14	53.00		-2597	3619	6940
1642291	93.67	46.71	23.49		-8204	8839	8970
1642445	89.53	55.29	14.27		-7859	8494	10200
1642702	-163.25	52.76	-64.79		-2209	12432	7932
1642962	161.07	30.58	-107.86		-593	6282	11459
1643222	132.35	51.64	-119.49		2776	6813	11008
1643481	160.77	68.15	-59.19		4624	4552	7380
1643838	-177.84	54.39	-11.01		5138	1311	4517
1643995	-179.09	-0.25	179.20		30194	28855	13315
1644357	164.21	1.14	48.06		-3563	-5448	5470
1644513	163.59	0.33	48.76		-3651	-5499	5539
1644769	144.81	-32.64	63.40		-6235	-3599	8691
1645028	129.82	-53.62	65.67		-6986	-1196	9766
1645287	88.51	-70.58	77.06		-6410	2892	11135
1645545	73.93	-73.07	67.72		-4664	4194	10076
1645702	74.69	-73.18	66.22		-30718	10609	-11571
1646064	128.84	-56.69	-4.08		-2298	4204	6691
1646221	129.11	-56.26	-4.68		-5309	16853	-24397
1646482	141.22	-45.98	-27.70		-753	4879	6085
1646740	-176.68	-35.39	-34.01		-2056	3345	5720
1646999	-164.03	-26.55	-31.31		-2347	2477	4863
1647259	-169.49	-23.11	-29.12		-1703	2534	4511
1647519	-166.17	-21.50	-24.82		-1700	1183	3761
1647779	-168.53	-20.13	-25.28		-1691	1966	3733
1648039	-165.79	-15.52	-23.14		-689	1594	3678
1648299	-164.90	-16.81	-21.36		-636	1437	3358
1648558	-160.87	-14.82	-20.54		-442	1009	2723
1648816	-151.44	-13.52	-19.21		-775	505	3334
1649074	-149.40	-14.12	-18.58		-447	1254	3105
1649333	-155.30	-14.59	-18.92		-516	1293	2928
1649591	-152.67	-13.89	-16.00		-342	513	2993
1649849	-154.29	-10.84	-15.60		141	751	2684
1650004	-154.68	-10.83	-15.56		50	745	2741
1650259	-156.21	-14.02	-13.82		-242	505	2933
1650518	-146.35	-14.41	-14.12		-215	480	2812
