2511501	-139.85	-7.47	-10.16		499	-141	2171
2511858	-139.87	-7.49	-10.21		494	-131	2174
2512014	-139.87	-7.49	-10.21		494	-132	2175
2512271	-139.89	-7.50	-10.25		488	-129	2175
2512527	-139.91	-7.50	-10.27		487	-128	2174
2512683	-139.91	-7.50	-10.27		488	-128	2173
2512939	-139.94	-7.51	-10.28		483	-126	2178
2513296	-139.96	-7.52	-10.29		484	-126	2179
2513452	-139.96	-7.52	-10.29		484	-126	2179
2513709	-139.99	-7.53	-10.31		483	-125	2180
2513965	-140.00	-7.54	-10.31		481	-123	2176
2514120	-140.00	-7.54	-10.31		481	-122	2176
2514376	-140.03	-7.54	-10.31		481	-127	2174
2514734	-140.06	-7.54	-10.31		481	-123	2176
2514889	-140.06	-7.54	-10.31		481	-123	2176
2515146	-140.09	-7.55	-10.30		480	-122	2177
2515402	-140.10	-7.56	-10.31		478	-123	2176
2515558	-140.10	-7.56	-10.31		479	-123	2175
2515814	-140.13	-7.56	-10.31		476	-122	2176
2515970	162.20	-9.96	-86.08		15671	2775	-3710
2516229	-140.16	-7.56	-10.30		479	-121	2182
2516485	-140.17	-7.56	-10.30		479	-121	2179
2516742	-140.19	-7.57	-10.30		482	-122	2177
2516897	-140.19	-7.57	-10.30		482	-123	2176
2517153	-140.22	-7.57	-10.30		479	-121	2179
2517410	-140.23	-7.57	-10.29		481	-121	2179
2517565	-140.23	-7.57	-10.29		481	-122	2180
2517822	-140.26	-7.59	-10.29		477	-121	2178
2518078	-139.53	-10.69	-15.64		873	101	2429
2518234	-139.49	-11.22	-16.19		560	158	2439
2518491	-101.44	-24.15	-32.18		-3507	-1430	2489
2518752	-97.05	-26.50	-25.57		-2596	-2580	2369
2519011	-97.07	-25.14	-19.50		-1480	-2418	2071
2519271	-93.58	-26.65	-19.96		-1574	-2951	2067
2519531	-93.04	-25.76	-19.21		-1583	-2687	1980
2519791	-94.95	-21.13	-15.20		-820	-2618	1363
2520049	-106.19	-7.83	-9.53		80	-186	1204
2520203	133.89	nan	103.60		-11841	-21840	-1964
2520463	-111.06	-0.54	5.24		2695	22	1244
2520716	-113.82	-1.87	16.18		4148	-1035	1906
2521074	-120.65	-10.45	23.43		4018	-2672	3578
2521333	-121.61	-12.05	31.09		5436	-3796	3858
2521491	-30.60	nan	22.85		-28257	-28625	5776
2521748	-132.97	-7.20	27.59		4172	-3035	4049
2522006	-135.19	0.95	19.06		3736	-1873	3638
2522262	-126.06	11.34	13.79		4187	211	3958
2522417	-125.60	11.79	13.84		4153	283	4033
2522673	-110.71	18.27	14.70		4127	1277	4517
2522828	-110.41	18.33	14.59		-3805	-23292	-17880
2523090	-108.05	15.25	9.47		2880	1314	4354
2523245	-108.07	14.98	9.27		2837	1275	4341
2523501	-108.66	7.53	4.76		1971	638	4075
2523653	-108.35	7.30	4.82		1968	625	4063
2523907	-105.13	-1.71	3.24		1376	-125	3854
2524162	-105.71	-4.24	2.90		1247	-542	3962
2524316	-105.65	-4.25	2.94		2211	-18574	-15169
2524576	-105.13	-1.77	3.95		1395	-246	4030
2524831	-104.29	-0.92	2.61		1149	-69	3958
2524985	-104.30	-0.93	2.48		1124	-61	3959
2525239	-100.66	-1.66	-0.26		766	-9	4003
2525391	-100.56	-1.70	-0.29		758	-14	3998
2525645	-98.93	-1.87	-1.56		523	47	3929
2525897	-98.47	-2.41	-2.62		367	-23	3977
2526049	-98.45	-2.42	-2.64		371	-19	3971
2526302	-97.47	-3.26	-3.09		294	-69	3966
2526555	-97.82	-4.04	-3.76		237	-106	3998
2526708	-97.80	-4.08	-3.80		230	-116	3997
2526962	-98.22	-5.02	-4.84		111	-159	4005
2527216	-98.35	-4.13	-4.39		199	-46	3980
2527369	-98.42	-4.08	-4.36		203	-37	3985
2527622	-97.11	-3.06	-2.86		351	39	3945
2527874	-97.02	-2.83	-2.78		380	-30	3950
2528025	-97.14	-2.78	-2.82		390	-9	3947
2528277	-100.64	-0.96	-6.61		8	334	3981
2528429	-100.73	-0.92	-6.74		6	343	3986
2528680	-99.53	-0.15	-10.40		-291	409	4029
2528935	-94.59	-0.54	-9.92		-318	363	3916
2529089	-94.20	-0.60	-9.83		30265	-29828	-9127
2529349	-86.95	-4.02	-8.19		-113	-69	3924
2529603	-84.15	-6.41	-5.61		414	-475	3890
2529756	-84.45	-6.39	-5.59		415	-477	3893
2530011	-104.10	-1.52	-7.85		5	422	3908
2530161	-104.30	-1.36	-7.78		48	411	3921
2530414	-119.28	6.23	-8.32		605	1051	3950
2530769	-110.66	9.26	-5.43		757	1314	4148
2530923	-110.45	9.24	-5.30		770	1288	4146
2531278	-108.82	3.34	-7.18		170	637	4014
2531430	-108.48	3.19	-7.10		189	595	4015
2531684	-104.91	-2.11	-8.32		60	-111	3984
2531938	-100.73	-3.06	-7.41		-123	-157	3847
2532093	-100.07	-3.02	-7.06		-62	-210	3832
2532348	-93.04	-0.48	-2.31		750	-101	3981
2532501	-93.09	-0.47	-2.30		741	-74	3977
2532754	-88.69	-0.04	-0.62		1039	61	3902
2533008	-96.02	0.36	-6.24		159	309	4075
2533158	-96.43	0.41	-6.53		107	348	4081
2533410	-93.52	-1.73	-7.19		609	-1104	3772
2533666	-103.63	-0.38	-7.47		10	344	3847
2533818	-103.68	-0.44	-7.29		29	301	3840
2534071	-107.83	-2.99	-4.61		483	-303	3878
2534327	-122.92	-7.30	-8.86		-141	-577	3740
2534684	-161.19	-22.28	-11.97		-1999	0	4199
2534840	-161.87	-22.70	-11.84		-2058	27	4199
2535097	-171.33	-35.44	4.17		-2612	-1547	4773
2535356	-164.05	-32.11	14.11		-805	-3457	4928
2535615	-179.58	-34.46	18.40		-2602	-2457	4393
2535875	-178.66	-27.23	24.24		-1294	-3206	4493
2536135	-165.36	-18.77	23.52		870	-3449	4172
2536392	-166.33	-13.46	14.22		557	-1819	3534
2536650	-161.37	-6.52	2.68		1111	-336	3413
2536805	-160.77	-6.24	2.05		1088	-229	3409
2537060	-116.35	11.53	-12.89		103	2569	3923
2537216	-115.18	11.95	-13.09		-7	2594	3959
2537472	-90.78	28.70	-16.67		-1303	3673	5286
2537729	-58.40	32.24	-16.68		-3193	2285	5516
2537885	-58.05	32.13	-16.70		22340	-25913	20871
2538248	-46.96	15.44	-11.35		-1279	719	4519
2538403	-47.13	15.32	-11.47		-1296	639	4499
2538660	-37.02	25.95	-2.56		-1828	1934	4724
2538916	-27.03	27.83	8.59		-1639	2432	4685
2539071	-26.77	27.80	8.79		-1639	2352	4664
2539327	-20.57	27.44	14.13		-1159	2166	4511
2539483	-20.68	27.39	14.24		-1123	2203	4503
2539740	-22.29	24.04	14.43		-1116	2266	4701
2539996	-9.62	18.69	20.70		-738	2066	4495
2540149	-8.90	18.52	20.94		-739	2027	4484
2540505	63.77	18.05	21.09		-1350	3726	2155
2540659	64.83	20.32	19.76		-1222	3878	2116
2540915	-137.11	49.30	-5.67		3225	12563	11047
2541174	158.79	8.36	-111.91		825	8160	9895
2541329	158.70	7.28	-111.48		965	7965	9901
2541584	157.77	21.74	9.83		575	-1946	4687
2541737	159.02	21.76	14.23		336	-2438	4772
2541993	150.82	-35.00	105.39		-2512	-5447	12649
2542255	58.39	-81.93	171.07		-4578	-4175	12540
2542515	-58.52	-66.62	-78.54		-3917	-4768	10171
2542776	-92.47	-49.76	-75.98		-6218	-932	9411
2543034	-114.39	-42.66	-50.90		-4921	-913	6905
2543294	-133.43	-33.80	-34.92		-3977	-281	5461
2543554	-146.06	-26.35	-29.34		-3097	862	4574
2543813	-149.18	-26.15	-28.74		-2785	994	4216
2544072	-148.67	-19.45	-22.47		-1514	255	3714
2544330	-144.54	-12.11	-21.90		-731	849	3438
2544588	-143.78	-10.22	-21.57		-758	967	3247
2544745	-143.80	-10.20	-21.47		14312	27537	-9198
2545107	-145.66	-10.35	-16.41		-362	305	3001
2545264	-173.07	1.50	-173.10		28086	27110	-17781
2545527	-145.29	-10.40	-14.51		-236	77	2889
2545682	-145.28	-10.38	-14.47		-239	74	2886
2545939	-144.67	-9.60	-13.13		-39	17	2821
2546092	-144.64	-9.59	-13.10		-46	13	2821
2546347	-143.08	-9.34	-12.49		157	-185	2813
2546501	-143.13	-9.38	-12.49		164	-221	2810
2546758	-130.26	-10.11	-16.12		-448	134	2924
2547015	-124.74	-6.40	-15.23		-44	292	2722
2547170	-124.30	-6.12	-15.12		106	349	2707
2547425	-92.26	0.15	-14.08		-229	1126	2897
2547579	-92.71	0.06	-14.32		-296	1162	2904
2547835	-101.52	-6.18	-14.07		42	-340	2613
2547989	-102.06	-6.37	-14.13		-189	-414	2569
2548247	-115.01	-13.42	-6.84		688	-1717	2872
2548505	-119.10	-12.26	-8.96		170	-693	2631
