1187263	143.84	-7.11	11.31		-572	656	3199
1187417	143.44	-7.08	11.43		-560	651	3167
1187771	147.91	-8.19	8.75		-440	716	3377
1187923	148.23	-8.20	8.51		-422	738	3390
1188176	154.96	-7.99	-2.32		-176	1096	3712
1188432	152.05	-8.42	-10.63		768	2214	4138
1188587	151.84	-8.61	-10.89		687	2253	4172
1188842	142.32	-13.42	-13.77		654	3268	4657
1189199	159.28	-11.17	-19.16		412	3207	4588
1189355	158.95	-11.27	-19.34		446	3243	4599
1189612	165.50	-9.52	-13.23		52	1696	4668
1189766	165.73	-9.36	-12.92		25996	12680	-10993
1190027	164.49	-8.55	-4.19		117	307	3855
1190280	168.00	-9.97	-2.43		-289	260	4043
1190433	167.91	-9.96	-2.49		-371	274	4043
1190687	154.02	-8.09	2.93		-211	153	3874
1190839	153.92	-7.79	3.22		-105	48	3852
1191092	155.94	1.97	7.72		930	-755	4157
1191242	155.80	1.78	7.42		859	-673	4205
1191596	130.80	1.93	5.54		234	-1028	3823
1191748	130.83	1.99	5.47		239	-1044	3789
1192001	113.71	-5.40	7.03		175	234	4308
1192153	113.35	-5.57	7.17		25907	-28367	-8645
1192411	103.40	-4.73	9.01		-187	-61	3852
1192664	101.51	-4.15	6.41		231	-84	3936
1192815	101.50	-4.14	6.37		228	-94	3929
1193067	102.07	-4.43	6.61		136	-59	3951
1193219	102.01	-4.40	6.69		116	-48	3996
1193470	129.91	-4.19	9.53		-141	-249	3789
1193724	138.98	-10.90	4.13		-187	854	4042
1193878	139.20	-11.21	3.84		-196	920	4031
1194132	152.53	-14.99	-0.13		-236	393	4029
1194287	152.92	-14.93	-0.12		-229	384	4005
1194543	159.01	-12.05	-2.72		-59	974	3997
1194695	159.04	-11.96	-2.68		-53	955	3997
1195051	161.96	-10.97	-5.58		141	1074	3908
1195205	162.18	-10.98	-5.45		126	1040	3914
1195461	169.68	-15.74	-5.31		-320	604	3776
1195615	170.02	-15.99	-5.51		-356	612	3775
1195871	-170.74	-20.01	-8.49		-1500	1283	4178
1196130	-165.47	-12.07	-6.74		-140	732	3804
1196284	-165.30	-11.85	-6.92		-107	765	3830
1196541	-172.71	-8.71	-17.45		108	1948	3975
1196797	-177.54	-7.10	-15.49		482	1583	3878
1196953	-177.58	-7.07	-15.35		483	1557	3868
1197210	-173.94	-6.60	-10.85		391	873	3730
1197365	-179.28	0.30	-179.36		26021	-7695	-15378
1197627	-151.00	-12.13	-4.47		-129	2385	2926
1197784	-150.50	-12.97	-3.28		18522	-32137	-12096
1198047	-68.17	32.50	-112.00		-5878	-4477	10131
1198308	-38.92	24.85	-47.46		-4395	-1648	7563
1198567	-76.06	10.80	-43.01		-3034	576	5165
1198722	-78.03	10.50	-43.29		-21827	11858	-2094
1198983	-89.62	1.52	-51.79		-4745	633	5423
1199239	-97.05	-1.26	-43.48		-3089	697	4742
1199495	-106.96	-4.62	-37.25		-2870	689	4091
1199853	-119.87	-5.22	-21.71		-877	178	3153
1200009	-120.28	-5.27	-21.49		-856	154	3129
1200266	-129.59	-13.28	-14.17		-388	-608	2909
1200524	-136.94	-23.70	-8.21		-1014	-1983	3269
1200784	-143.45	-33.29	-0.40		-1580	-3578	4095
1201044	-148.07	-36.19	6.36		-1715	-4331	4261
1201303	-152.35	-35.86	6.71		-1425	-3927	4264
1201561	-149.44	-34.90	5.67		-1561	-3564	3863
1201820	-148.64	-30.49	7.82		-683	-3525	3579
1201977	-148.56	-30.34	7.77		-2231	1479	-3193
1202236	-147.16	-25.05	3.02		-457	-2659	3107
1202494	-147.80	-21.78	-0.67		-386	-1959	2939
1202752	-147.29	-18.29	-3.93		-262	-1664	2532
1203011	-147.69	-11.26	-9.76		294	20	2817
1203165	-147.87	-11.15	-9.93		312	74	2837
1203419	-146.36	-13.04	-9.59		-27	-350	2515
1203574	-146.31	-13.09	-9.52		-17	-349	2518
1203830	-144.45	-15.26	-5.39		106	-959	2538
1204087	-144.45	-18.83	-2.84		-104	-1217	2553
1204447	-152.14	-24.53	10.44		-53	-3097	3102
1204603	139.76	30.43	-1.25		13796	-31464	496
1204861	-166.12	-33.57	35.31		-516	-6156	4853
1205121	-169.39	-38.61	54.24		473	-7012	6478
1205378	-164.93	-37.35	54.93		1278	-6831	6369
1205637	-146.82	-33.65	47.27		2655	-5929	5625
1205897	-147.59	-26.06	40.07		2467	-5128	4300
1206156	-153.02	-19.28	37.21		2316	-4882	4237
1206415	-176.73	-16.46	30.80		702	-4246	3752
1206672	-171.13	-13.79	25.34		1228	-3957	3225
1206830	178.19	-1.70	-178.70		22178	31022	29623
1207192	-156.33	-11.09	19.04		1640	-2750	2691
1207451	-157.49	-12.82	12.18		1101	-1781	2957
1207609	-3.35	nan	-15.15		-30562	-29419	-17764
1207868	-163.00	-12.28	5.37		1003	-939	2443
1208125	-163.24	-11.98	3.03		615	-714	2349
1208380	-163.88	-12.84	3.59		450	-831	2394
1208535	-164.04	-12.83	3.59		523	-852	2383
1208790	-164.92	-10.99	1.38		684	-635	2427
1208944	-164.90	-10.95	1.22		732	-540	2450
1209200	-170.71	-11.66	-1.39		595	190	2494
1209354	-170.77	-11.58	-1.28		649	176	2517
1209611	-177.74	-9.42	5.78		1172	-1202	2719
1209867	178.59	-7.73	7.69		1151	-1417	2548
1210021	178.83	-7.58	7.84		1203	-1451	2562
1210277	-179.46	-5.31	10.06		1385	-980	2440
1210432	-179.35	-5.28	10.19		1367	-1031	2421
1210690	172.51	-8.22	15.03		448	-2195	3112
1210946	-174.23	-7.34	11.56		1069	-1602	2671
1211103	178.39	-6.19	-168.63		23957	23923	17386
1211464	-149.62	1.79	-3.86		1559	1525	3215
1211619	-149.63	1.84	-4.20		1487	1562	3201
1211875	-116.95	18.87	-10.46		952	3838	4351
1212030	-115.82	19.17	-10.51		673	15022	-27469
1212291	-106.03	27.23	-17.03		-768	4036	5147
1212549	-85.78	39.60	-11.86		-1201	5047	6303
1212806	-54.29	48.24	-3.75		-3111	3256	6582
1213063	-25.51	51.90	4.98		-3625	3368	5752
1213217	-25.44	51.73	4.34		-3622	3362	5680
1213472	-47.81	8.82	-68.28		-3821	-3375	9420
1213730	-12.69	-19.28	-115.88		-1831	-6166	13763
1213992	21.91	-32.29	-145.39		-175	-5622	14632
1214253	19.05	-36.11	-133.65		-405	-6490	13245
1214513	10.10	-53.31	-104.87		464	-7626	10204
1214771	-39.93	-50.02	-11.61		3623	-2461	5386
1215030	-47.86	-19.56	17.52		3882	2115	3836
1215387	-29.08	5.46	16.02		558	3313	4183
1215540	-27.61	5.70	15.96		464	3277	4165
1215793	-42.44	13.96	4.83		-547	2712	4241
1216048	-47.06	17.19	-0.77		-1085	2375	4083
1216203	-47.67	17.31	-0.92		10168	-18149	-9139
1216463	-50.99	17.02	0.80		-425	2282	4255
1216717	-53.34	12.32	1.61		109	1791	4129
1216870	-53.39	12.11	1.64		137	1752	4123
1217123	-53.51	9.08	2.69		394	1424	4077
1217375	-52.03	7.72	4.54		616	1354	4108
