7141554	1.14	1.25	4.79		108	1461	286
7141701	1.06	1.53	4.70		65	1486	249
7141949	-31.59	2.71	-10.68		-1376	-1764	-198
7142206	-17.14	2.00	-1.67		38	-392	296
7142356	-16.69	2.21	-1.21		37	-295	242
7142606	-8.64	9.73	6.00		-1097	1768	354
7142758	-8.39	9.70	5.55		-1079	1596	295
7143010	-6.14	4.10	-1.08		-673	-40	121
7143159	-5.81	3.82	-1.08		-611	-61	98
7143409	-1.12	-1.26	3.41		69	1187	152
7143558	-1.16	-1.31	3.29		85	1130	109
7143808	-18.63	-0.62	-7.99		-481	-1830	303
7144062	8.95	-1.24	3.55		369	1088	144
7144212	8.39	-1.02	3.82		342	1160	155
7144562	-27.14	9.31	4.19		-1129	1423	333
7144715	-26.87	9.23	4.12		-1111	1396	311
7144968	-3.35	1.49	-0.61		-606	456	211
7145117	-2.49	1.07	-0.72		-497	491	191
7145369	-13.52	-7.29	-15.09		378	-3209	291
7145624	2.01	-8.91	-5.11		1894	-888	323
7145775	2.69	-8.75	-4.54		1883	-755	317
7146027	0.05	4.71	9.07		-674	1763	261
7146176	-0.22	4.98	9.07		-744	1740	255
7146426	4.63	3.08	6.49		-544	1429	93
7146574	4.44	2.94	6.16		-511	1337	63
7146823	9.62	-0.37	-1.39		-12	113	38
7146971	9.49	-0.44	-1.63		0	47	33
7147215	19.92	-5.80	-3.81		1074	125	46
7147365	-50.34	-7.95	0.65		16783	-525	-9645
7147622	19.97	-6.69	-4.68		1540	-316	133
7147773	20.38	-6.70	-4.48		1537	-265	166
7148026	4.49	4.33	7.42		-652	1569	169
7148176	3.76	4.60	7.48		-683	1592	173
7148526	12.01	4.17	-0.35		-649	-168	-4
7148677	12.11	4.06	-0.50		-612	-240	-36
7148929	43.45	-5.55	-3.09		767	591	96
7149077	42.81	-5.83	-2.95		777	703	52
7149327	35.58	-8.96	-5.24		2070	369	193
7149477	35.76	-8.68	-5.23		2020	360	177
7149729	11.15	4.44	1.86		-751	429	17
7149878	11.41	4.51	2.13		-735	482	10
7150126	6.23	8.38	4.10		-1259	396	72
7150274	6.44	8.40	4.22		-1265	457	73
7150623	-0.81	-0.17	-7.97		97	-1782	162
7150774	0.14	-0.40	-7.83		140	-1701	196
7151026	2.65	2.10	-3.83		-546	-487	207
7151176	3.36	2.05	-3.63		-596	-398	224
7151427	27.47	-6.30	-1.09		1222	530	-31
7151578	28.20	-6.38	-1.12		1250	526	-16
7151830	33.27	-5.29	-4.13		701	160	146
7152080	48.64	-6.04	-10.74		2242	-443	174
7152234	49.03	-5.94	-10.78		2226	-471	210
7152488	41.30	2.96	-3.19		204	-39	38
7152635	40.53	3.58	-3.06		-5	-44	79
7152883	53.39	12.77	-2.46		-815	-1844	327
7153037	54.17	12.78	-2.41		-928	6632	-27843
7153293	103.91	-8.34	-6.61		687	1304	553
7153445	104.91	-9.06	-6.87		718	1540	573
7153698	108.50	-14.90	-2.97		-396	2289	449
7153853	109.20	-14.81	-2.93		-441	2248	487
7154108	126.66	-8.75	-3.08		-716	1696	29
7154260	126.81	-8.49	-3.00		-674	1644	62
7154513	126.56	-3.69	-0.17		-658	452	-68
7154766	128.44	-2.37	-4.14		-87	828	438
7154918	128.45	-2.16	-4.31		-54	796	428
7155170	126.28	-0.74	-4.56		711	837	-195
7155321	126.11	-0.83	-4.26		617	831	-186
7155676	100.35	3.24	7.17		-1137	-845	208
7155828	100.12	3.16	7.12		-1150	-829	190
7156081	99.80	-2.50	5.36		-786	582	106
7156231	99.75	-2.58	5.49		-847	585	74
7156481	94.91	-7.35	7.44		-1714	1042	588
7156733	95.81	-13.41	3.85		-1210	2557	619
7156887	95.96	-13.50	3.75		-1222	2523	656
7157141	111.22	-7.64	-3.63		-198	2260	524
7157396	109.28	3.69	-4.99		566	-267	158
7157547	109.04	4.15	-5.12		657	-333	193
7157798	112.28	7.11	-10.26		1733	92	173
7157950	-27.04	nan	-88.04		-18026	-19683	19196
7158209	107.48	5.79	-6.06		1638	246	41
7158561	92.34	4.25	4.71		-548	-467	282
7158711	92.26	4.29	4.84		-606	-444	269
7158962	98.64	5.56	1.89		106	-639	191
7159111	98.73	5.43	1.94		87	-640	196
7159360	108.04	2.84	3.27		-466	-73	99
7159508	107.90	2.92	3.43		-462	-93	92
7159859	104.70	-6.38	10.01		-2939	1296	625
7160013	104.57	-6.67	9.98		-3014	1399	638
7160268	106.73	-13.11	3.73		-2143	2298	823
7160423	106.80	-13.25	3.60		-2154	2358	831
7160678	101.55	-7.46	3.26		-1483	2023	675
7160832	100.72	-7.05	3.42		-1498	1788	663
7161085	97.72	-0.97	4.67		-1162	1007	632
7161338	104.27	2.95	7.05		-1935	-63	577
7161490	105.51	2.97	7.10		-1999	-148	607
7161743	107.66	12.94	8.05		-1544	-2076	512
7161999	108.42	9.97	9.30		-2021	-1585	901
7162151	108.26	9.68	9.23		-2022	-1491	858
7162406	91.26	3.95	4.82		-1922	-14	714
7162556	91.12	3.98	4.60		-1880	22	736
7162806	89.18	9.56	2.13		-1273	-474	703
7162957	88.89	9.67	2.09		-1198	-536	682
7163209	92.43	12.22	-0.49		-154	-1342	766
7163463	80.26	11.20	2.98		-1667	-586	143
7163616	79.97	11.11	2.88		-1407	-475	219
7163869	81.70	14.88	7.47		-2136	-1439	1354
7164124	78.12	11.40	2.95		-1678	-784	777
7164276	77.83	11.33	2.87		-1681	-839	773
7164529	74.79	1.57	-0.70		-1021	437	246
7164781	81.35	-3.94	-30.57		2542	1473	-2119
7164937	82.10	-4.19	-33.67		2641	1815	-1983
7165194	87.31	23.97	-121.47		8163	1587	14866
7165452	119.57	26.47	-88.84		8890	4795	10174
7165810	138.40	-12.74	-33.52		2639	5976	2047
7165968	-177.08	-13.31	177.46		-11358	23835	28776
7166231	112.35	-5.31	-1.43		-202	1479	-88
7166384	112.12	-4.66	-1.50		-109	1388	-151
7166640	124.14	29.17	-12.95		4365	-2395	2007
7166796	-117.15	24.66	-91.54		-5676	-22764	27068
7167058	139.69	45.60	-13.97		7502	-2570	3693
7167215	139.66	46.40	-13.04		-14150	-4502	19649
7167578	153.11	54.99	-10.14		8891	-2425	5587
7167734	153.06	55.02	-10.06		1551	25427	-3060
7167993	162.22	39.96	-7.15		7272	-420	4242
7168249	171.02	33.92	-5.89		7014	678	3826
7168403	171.32	33.54	-5.79		6958	687	3797
7168657	176.36	18.83	-2.46		4595	805	2818
7168811	176.38	18.58	-2.42		4558	803	2808
7169064	175.79	9.69	-0.36		3430	584	2592
7169217	175.86	9.52	-0.29		3397	570	2585
7169470	175.33	3.29	0.73		2636	485	2479
7169622	175.29	3.03	0.74		4458	540	-7788
7169874	171.39	-8.18	1.62		899	468	2351
7170026	171.31	-8.41	1.65		871	457	2347
7170278	163.47	-12.80	2.93		339	424	2270
7170430	163.14	-12.86	3.00		-1968	27263	31696
7170690	153.78	-13.38	4.92		280	77	2288
7170840	21.15	nan	36.59		-9625	-25645	-22606
7171097	159.37	-13.65	5.39		157	24	2230
7171249	159.41	-13.67	5.41		148	26	2223
7171501	157.91	-14.77	5.89		-28	199	2154
7171653	157.43	-14.82	5.99		-55	198	2153
7171906	149.20	-14.64	7.75		-155	-101	2117
7172162	149.53	-12.66	8.03		154	-363	2129
7172315	149.79	-12.60	8.02		169	-378	2128
7172570	146.67	-15.55	7.78		-126	-49	2098
7172723	146.29	-15.73	7.82		-166	-31	2107
7173079	155.13	-12.25	8.44		203	-395	1996
7173231	155.58	-12.13	8.49		211	-376	1997
7173486	158.50	-8.24	9.94		647	-951	1983
7173739	160.46	-7.51	9.32		761	-651	1953
7173892	160.66	-7.42	9.35		789	-648	1954
7174145	169.63	-4.21	7.25		1588	-948	2079
