7324616	100.94	-5.61	11.41		484	-130	2232
7324871	100.94	-5.61	11.41		483	-133	2233
7325024	100.94	-5.61	11.41		484	-132	2233
7325279	100.94	-5.61	11.41		484	-129	2232
7325432	100.94	-5.61	11.42		484	-129	2232
7325686	100.93	-5.60	11.41		488	-131	2235
7325940	100.93	-5.60	11.41		487	-131	2233
7326094	100.93	-5.60	11.41		487	-132	2234
7326348	100.93	-5.60	11.41		486	-130	2234
7326501	100.93	-5.60	11.41		488	-130	2234
7326756	100.93	-5.60	11.41		487	-130	2237
7326909	100.93	-5.60	11.41		488	-131	2234
7327164	100.92	-5.60	11.41		488	-131	2234
7327418	100.93	-5.60	11.41		488	-132	2233
7327571	100.93	-5.60	11.41		488	-131	2232
7327825	100.92	-5.61	11.41		485	-131	2234
7327979	100.92	-5.61	11.41		485	-130	2233
7328334	100.92	-5.60	11.42		486	-131	2236
7328488	100.92	-5.60	11.42		487	-131	2236
7328742	100.92	-5.60	11.42		486	-130	2235
7328996	100.92	-5.60	11.41		488	-128	2234
7329149	100.92	-5.60	11.41		6705	24821	24186
7329408	100.92	-5.60	11.41		488	-130	2233
7329661	100.92	-5.60	11.41		488	-130	2234
7329815	100.91	-5.60	11.41		488	-129	2231
7330069	100.92	-5.59	11.41		485	-131	2233
7330324	100.91	-5.59	11.41		488	-130	2237
7330477	100.91	-5.59	11.41		488	-131	2237
7330732	100.91	-5.60	11.41		488	-128	2232
7330885	100.91	-5.60	11.41		488	-128	2234
7331240	100.90	-5.60	11.41		489	-129	2231
7331393	100.90	-5.60	11.41		489	-129	2230
7331748	100.89	-5.60	11.41		486	-129	2234
7331902	100.89	-5.60	11.41		487	-129	2233
7332156	100.89	-5.60	11.41		488	-129	2237
7332411	100.88	-5.60	11.40		489	-128	2232
7332563	100.88	-5.60	11.40		488	-127	2231
7332818	100.88	-5.60	11.40		487	-130	2235
7332972	100.88	-5.60	11.40		489	-131	2234
7333327	100.88	-5.59	11.41		489	-131	2232
7333480	100.88	-5.60	11.41		488	-130	2231
7333835	100.88	-5.60	11.40		488	-129	2231
7333989	100.88	-5.60	11.40		488	-129	2231
7334243	100.87	-5.60	11.41		483	-132	2235
7334498	101.77	-12.05	21.22		-108	191	2649
7334651	63.43	nan	-50.30		8756	-9107	7502
7334906	74.41	-19.59	55.88		-5756	2843	3697
7335061	43.12	nan	-16.12		26734	27708	-30890
7335319	54.11	-19.41	69.41		-5250	4727	6056
7335576	30.34	-19.83	75.88		-3736	7305	6418
7335832	27.21	-18.28	67.29		-2616	7838	6090
7335989	27.46	-17.96	66.58		-2742	7641	6103
7336245	20.52	-4.08	53.48		-3235	6326	3760
7336399	8.55	nan	9.35		23354	-18410	11618
7336653	20.08	1.01	41.92		-1995	5333	1919
7336807	20.14	1.41	41.45		-1957	5178	1866
7337061	7.77	2.13	35.67		-1311	5543	2348
7337213	7.49	2.18	36.01		-1317	5600	2409
7337466	18.06	15.57	55.93		-5123	7072	5353
7337722	24.59	8.66	49.04		-4491	6591	4715
7337876	24.27	8.47	48.61		-4424	6545	4647
7338130	12.59	6.65	19.53		-1928	3547	1582
7338284	12.04	6.87	19.02		-1863	3410	1586
7338639	1.37	8.74	5.89		-2280	1799	1421
7338789	0.80	8.67	5.69		-2405	1794	1419
7339042	7.59	-2.54	-2.12		-807	723	1465
7339193	7.56	-2.87	-2.24		-760	709	1404
7339445	14.50	-10.48	1.48		1166	1663	678
7339698	3.15	-0.37	2.96		-1231	2097	1301
7339850	3.08	-0.09	2.68		-1308	1968	1322
7340103	-0.33	1.66	9.93		-1716	3339	1732
7340357	-10.04	-8.61	3.02		571	1318	1531
7340509	-11.90	-8.91	2.69		644	1266	1459
7340762	-8.13	-24.32	-3.86		3116	571	1404
7341017	-9.67	-15.95	-9.62		1618	-489	1419
7341171	-9.09	-15.46	-9.57		1452	-406	1403
7341426	0.27	-1.45	-9.23		-835	-337	1855
7341578	1.11	-1.41	-9.49		-737	-404	1853
7341832	6.23	6.11	-9.36		-1411	-365	1218
7342085	2.89	13.17	-9.34		-2681	419	1659
7342236	2.64	13.47	-9.67		-2657	362	1711
7342490	-10.39	13.07	-13.61		-3196	-377	2026
7342747	-11.69	6.42	-9.76		-1703	693	1692
7343002	-7.11	16.14	-15.90		-4328	-402	2495
7343158	-6.79	16.19	-15.91		-4359	-387	2477
7343414	-0.67	15.07	-15.00		-3801	-778	2431
7343671	0.71	12.23	-13.99		-2740	-639	2242
7343824	0.48	11.97	-14.04		-2807	-773	2185
7344080	-13.53	-31.29	-8.21		2455	169	865
7344234	-13.81	-33.47	-8.37		2653	306	876
7344488	130.16	-21.71	-176.38		3758	-2558	17933
7344749	135.90	-27.75	-162.54		6115	-218	17146
7345009	138.17	-50.35	-144.47		8480	835	13580
7345268	69.21	-80.73	-68.66		9688	1445	8182
7345424	61.62	-80.83	-61.37		9735	1360	8017
7345681	-48.98	-48.01	18.61		7692	-1031	4188
7345939	-74.53	-35.08	16.37		5461	-3678	3263
7346095	46.54	nan	-35.76		-18157	-8252	-23757
7346354	-88.08	-22.67	5.99		2907	-3711	1697
7346611	-101.89	-15.62	6.81		2576	-3061	1884
7346868	-112.08	-9.16	9.56		2691	-2352	2275
7347023	118.29	-11.17	12.26		5370	-21851	21482
7347283	-106.83	-9.42	6.10		2595	-2428	2212
7347540	-109.08	-9.88	1.63		1962	-2647	2088
7347796	-125.78	-9.48	-4.10		494	-2392	1931
7347952	138.74	-12.43	-12.86		32017	-22463	19871
7348214	-132.55	-6.63	-7.77		230	-1645	2066
7348370	-132.54	-6.57	-7.81		233	-1656	2060
7348626	-127.94	-3.54	-11.33		66	-915	2073
7348781	151.58	nan	89.49		-8164	-9260	-9171
7349037	-120.37	0.65	-14.93		469	-367	1975
7349293	-118.46	2.51	-20.22		-753	422	1766
7349446	-118.10	2.62	-20.23		-746	508	1785
