3697669	-146.89	-8.45	-9.44		496	-140	2295
3697823	-146.89	-8.45	-9.44		496	-139	2295
3698078	-146.90	-8.44	-9.44		498	-136	2295
3698233	-146.90	-8.44	-9.44		499	-137	2296
3698488	-146.90	-8.45	-9.44		496	-140	2295
3698642	-146.90	-8.45	-9.44		496	-139	2295
3698897	-146.91	-8.45	-9.44		495	-136	2295
3699052	-146.91	-8.45	-9.44		25148	-25337	-25736
3699415	-146.92	-8.45	-9.44		497	-135	2295
3699569	-146.92	-8.45	-9.44		498	-136	2295
3699824	-146.92	-8.45	-9.44		496	-139	2297
3699979	-146.92	-8.45	-9.44		496	-139	2297
3700234	-146.92	-8.45	-9.44		496	-138	2295
3700388	-146.92	-8.45	-9.44		496	-138	2296
3700643	-146.92	-8.45	-9.44		495	-137	2296
3700798	-146.92	-8.45	-9.44		495	-136	2296
3701053	-146.93	-8.45	-9.44		496	-137	2294
3701208	-146.93	-8.45	-9.44		496	-137	2295
3701463	-146.94	-8.46	-9.44		495	-141	2293
3701617	-146.94	-8.46	-9.44		495	-141	2293
3701872	-146.94	-8.46	-9.44		496	-137	2295
3702027	-146.94	-8.46	-9.44		496	-137	2295
3702283	-146.95	-8.46	-9.44		494	-137	2296
3702436	-146.95	-8.46	-9.44		-28037	13110	19380
3702697	-146.94	-8.46	-9.43		497	-135	2292
3702953	-144.70	-8.36	-12.41		2328	-77	2321
3703209	-143.62	-28.80	-44.16		-3293	2727	3883
3703470	-138.96	-28.85	-53.59		-5091	3430	5483
3703730	-110.99	-24.65	-57.72		-6412	549	5026
3703989	-95.75	-22.43	-47.89		-5832	-946	3735
3704247	-91.40	-29.35	-30.52		-3363	-2909	2329
3704507	-96.32	-38.79	-12.72		-744	-4842	2224
3704766	-98.87	-40.21	-3.60		-393	-5504	1920
3704923	-98.71	-40.09	-3.21		-299	-5512	1870
3705180	-90.80	-30.39	3.01		1758	-4278	1565
3705437	-86.23	-27.04	-3.16		1171	-3953	1391
3705695	-81.72	-26.17	-7.61		771	-3839	1348
3705850	-81.61	-26.22	-7.65		770	-3856	1356
3706106	-73.53	-23.38	-7.12		1687	-3934	903
3706464	-66.88	-21.45	-8.29		1659	-3371	1247
3706620	5.17	-10.75	-40.24		28853	22383	-21443
3706881	-70.29	-10.32	-11.92		-99	-2414	473
3707137	-72.99	-4.81	-6.10		582	-1043	508
3707290	-49.88	nan	55.24		-14079	-104	12952
3707546	-72.63	-3.21	-2.64		1456	-862	649
3707699	44.40	nan	-42.36		11326	-8766	-6039
3707956	-71.41	-1.20	-12.87		-155	-681	773
3708211	-69.47	2.13	-17.86		-1398	-990	91
3708364	-69.09	2.54	-17.72		-1428	-909	130
3708721	-74.65	18.35	-28.98		-4288	1283	1684
3708877	-75.62	18.20	-29.39		8785	29004	8654
3709135	-95.29	2.49	-35.96		-4776	-13	838
3709389	-77.19	1.73	-28.31		-3825	-2197	484
3709545	-79.63	2.05	-28.05		-3880	-1845	398
3709801	-107.14	-18.65	-26.66		-4915	-1782	2534
3710062	-128.78	-30.47	-6.54		-4448	-4997	1080
3710322	-152.37	-28.37	11.60		-3053	-4810	2085
3710582	-143.76	-19.58	18.11		-1425	-5150	1499
3710842	-142.63	-0.58	12.98		973	-3008	653
3711097	-145.11	18.22	-5.57		1500	602	680
3711251	-145.72	18.91	-6.53		1523	775	659
3711606	-164.40	12.76	-20.13		404	3030	789
3711761	-165.19	12.23	-19.52		437	2915	786
3712016	-174.22	5.76	8.57		427	-2332	457
3712168	-174.36	6.05	8.90		457	-2434	425
3712421	175.21	18.76	2.51		2878	-1405	412
3712676	168.29	17.17	-3.74		2476	101	457
3712829	167.93	17.06	-3.56		2447	51	473
3713081	138.85	15.84	-4.38		2540	-1373	306
3713336	142.99	6.06	-5.72		1607	171	0
3713485	142.79	5.41	-5.43		1381	224	22
3713736	168.56	0.02	-9.30		-292	665	230
3713887	168.82	0.10	-9.85		-714	791	346
3714139	176.52	12.40	-13.84		2065	2011	365
3714395	-166.69	13.55	-9.60		1939	1375	135
3714549	110.27	37.15	-90.61		-31152	28871	6895
3714809	-164.83	2.87	-5.92		587	897	-39
3715061	-157.39	1.94	-5.76		-133	749	-53
3715213	-158.10	2.10	-5.73		3	807	-29
3715463	-179.80	10.73	2.76		2349	-659	55
3715615	179.84	10.86	2.92		2418	-775	-19
3715970	172.60	2.23	-5.89		1248	806	-34
3716120	172.58	2.16	-5.92		1217	831	-51
3716372	-164.50	2.05	-0.31		844	428	112
3716524	-163.89	2.01	0.04		794	379	218
3716774	-135.72	-2.97	8.24		1730	-1891	-876
3717030	-107.69	-6.03	4.73		1901	-1984	113
3717185	61.41	nan	40.95		-6090	-29406	-14582
3717442	-84.01	0.11	-6.90		-999	-94	296
3717594	-84.11	0.25	-6.87		-14839	10684	-17726
3717854	-86.21	3.49	-0.07		78	753	99
3718001	-86.41	3.49	0.12		114	783	112
3718251	-87.28	-2.30	0.96		458	-286	26
3718401	-87.21	-2.48	0.83		433	-349	23
3718651	-95.50	-7.94	-4.12		-379	-980	366
3718905	-92.37	-10.32	-10.40		-1227	-1768	171
3719164	-105.42	-6.18	-12.18		-2527	-753	180
3719321	-105.50	-5.81	-11.84		-2494	-711	177
3719578	-86.74	5.39	9.00		1722	982	269
3719729	-86.41	5.37	9.27		1749	1038	287
3719981	-78.46	-8.02	8.97		3124	-1099	116
3720235	-82.26	-3.92	-8.75		-1205	-1295	691
3720390	-35.40	nan	-28.10		-15243	-15279	-22566
3720650	-114.81	0.29	-15.68		-2290	1538	453
3720907	-146.86	-3.90	-12.58		-1580	1221	552
3721164	-171.61	-7.12	-13.86		-849	1918	716
3721421	-175.60	-19.20	-15.96		-3369	2557	881
3721680	-174.21	-23.17	-13.95		-4223	1911	1435
3721940	-177.08	-19.91	-15.03		-4320	3359	735
3722300	179.16	-1.15	2.58		-236	13	1116
3722450	179.82	-0.58	3.11		-51	-97	1158
3722703	174.85	17.17	15.15		2727	-2580	442
3722958	-178.19	13.56	10.27		2406	-980	1025
3723114	-178.48	13.17	10.04		2333	-967	1029
3723371	148.26	1.83	5.29		-506	-315	-438
3723523	146.86	1.66	5.29		-493	-281	-385
3723877	118.66	-22.55	8.51		-3213	3725	1497
3724033	118.67	-22.58	8.94		-3265	3706	1501
3724290	110.22	-16.32	35.16		-6880	396	2148
3724547	92.53	-13.36	41.01		-7327	2312	3261
3724702	91.09	-13.07	40.90		-7360	2485	3260
3724958	89.70	-12.82	23.43		-3824	3177	1849
3725215	88.88	-1.52	5.36		-1241	983	506
3725366	88.91	-1.00	4.85		-1066	812	493
3725618	80.03	15.08	-4.75		60	-1661	829
3725769	79.59	15.46	-5.10		89	-1774	858
3726021	85.66	28.18	-10.29		1204	-3685	1386
3726278	88.30	24.93	-9.44		874	-3992	927
3726431	88.34	24.49	-9.60		-15595	632	-14500
3726688	81.13	24.18	-8.65		751	-4370	776
3726840	-84.47	4.68	-6.51		8709	-23683	31838
3727098	82.09	28.19	-5.08		94	-5475	1355
3727453	122.45	15.07	-1.83		1378	-2291	262
3727607	123.06	15.03	-1.79		1442	-2066	199
3727862	138.69	8.08	9.94		-116	-3174	988
3728015	138.90	7.63	10.05		-208	-3100	952
3728269	157.42	-0.90	5.87		-212	-1547	-46
3728523	169.06	-11.79	15.61		-2451	-3159	1178
3728782	165.77	-11.43	18.45		-2409	-4184	1296
3729041	175.78	-2.83	15.60		-394	-4286	1458
3729197	176.73	-2.43	15.31		22899	-1846	-8224
3729455	-173.55	-6.19	12.36		-474	-3574	972
3729712	-168.12	-7.54	5.86		-737	-2868	1405
3729968	-167.18	0.11	0.12		423	-2276	1133
3730121	-167.19	0.32	-0.36		458	-2100	1076
3730376	-174.74	4.08	-7.64		1109	-342	1055
3730531	-175.94	4.18	-7.47		1277	-156	874
3730886	-179.29	-3.35	-6.22		-586	-1057	1132
3731043	-179.13	-3.77	-6.06		-651	-1148	1129
3731301	-175.00	-19.20	-0.74		-2769	-2080	1852
3731560	-177.22	-36.99	9.60		-5063	-4026	3205
3731819	-168.01	-40.86	5.62		-5409	-3981	3644
3732078	-165.55	-35.08	0.53		-4878	-3380	2939
3732337	173.47	4.51	-6.66		-4102	-2289	-4103
3732594	99.81	2.22	-145.54		2160	1102	15720
3732750	98.84	2.64	-146.73		2530	740	16112
3733006	100.49	31.21	-81.99		8678	-298	7656
3733263	138.09	28.17	-16.05		3875	-3379	714
3733419	139.32	27.59	-15.13		3821	-3341	673
3733675	-171.45	6.16	-18.30		373	884	1637
3733828	-170.82	6.01	-18.98		249	994	1742
3734082	-163.31	1.43	-58.50		-1930	7238	4665
3734240	-129.60	2.21	-179.59		-14200	-240	10846
3734601	-132.56	4.53	-22.53		-1665	2662	992
3734757	-131.14	5.25	-20.87		-1416	2556	870
3735013	-102.95	12.25	24.06		5582	320	1719
3735168	-4.30	-74.26	-71.25		-19971	-27600	14604
3735431	-112.69	16.33	29.45		6573	-348	2943
3735586	-113.11	16.57	29.50		6638	-320	2983
3735842	-127.20	22.64	22.26		6518	-180	3122
3736099	-132.78	20.38	11.56		5226	-31	2547
3736254	-133.30	20.26	11.18		5180	-83	2514
3736510	-150.51	14.88	2.03		3716	-688	2011
3736665	-150.96	14.74	1.89		3668	-708	2005
3736920	-163.62	10.94	-3.13		2984	-994	2163
3737075	40.45	nan	11.22		30670	-22415	-28764
3737332	-155.43	15.30	-4.42		3109	-273	2276
3737589	-171.74	20.52	-1.97		3976	-1232	2754
3737847	170.11	23.39	1.40		3515	-2827	3324
3738002	169.70	23.53	1.57		3494	-2880	3368
3738257	173.27	20.50	20.83		2394	-5299	4841
3738413	33.83	nan	-25.51		8510	-25603	-17677
3738671	153.45	-7.31	12.03		-1117	-2679	4030
3738928	135.18	-35.23	14.52		-4099	-322	5369
3739186	138.11	-57.87	25.16		-6509	-183	7038
3739444	142.86	-65.99	28.65		-6470	-1971	7114
3739803	-121.55	-75.27	-74.98		-7863	982	8685
3740062	-130.91	-62.51	-98.03		-5388	5590	9193
3740322	-175.28	-60.91	-87.82		-918	7744	8462
3740682	144.81	-54.10	-70.24		2953	7202	5718
3740838	126.52	nan	-170.49		-11315	22746	-16120
3741201	127.16	-43.92	-43.34		2272	6671	3898
3741358	126.84	-43.67	-42.88		1978	14854	-24203
3741619	117.20	-33.63	-27.50		1408	4988	2163
3741877	114.63	-27.86	-21.99		1360	4318	1493
3742135	113.17	-22.36	-17.90		1361	3375	980
3742391	111.92	-19.45	-13.87		925	3003	705
3742545	111.87	-19.35	-13.73		-16587	-636	3934
3742806	110.69	-14.28	-9.88		750	2148	379
3743060	110.20	-11.93	-7.67		590	1777	257
3743214	110.18	-11.85	-7.58		592	1768	253
3743469	109.70	-8.81	-5.22		410	1207	142
3743621	109.70	-8.74	-5.18		416	1199	138
3743874	109.47	-6.38	-3.57		80	777	95
3744023	109.47	-6.32	-3.59		90	775	94
3744273	109.77	-3.71	-3.65		477	404	42
3744422	109.78	-3.67	-3.61		480	410	42
3744673	110.00	-2.29	-3.61		513	196	42
3744823	-8.85	nan	46.60		-5831	15363	1274
3745077	109.93	-1.60	-3.19		785	-24	10
3745227	109.92	-1.64	-3.12		740	-41	10
3745478	109.34	-4.89	-0.32		-262	396	53
3745629	109.33	-4.95	-0.31		-240	376	52
3745881	109.44	-7.38	-0.67		-252	915	103
3746134	109.45	-6.50	-0.78		-58	825	70
3746283	109.45	-6.47	-0.77		-67	823	66
3746534	109.29	-4.95	0.32		-320	605	52
3746684	109.28	-4.90	0.31		-332	657	49
3746935	109.18	-0.95	1.21		-94	-177	6
3747084	109.16	-0.89	1.25		-62	-184	7
3747334	93.55	3.40	0.20		117	-918	-28
3747482	92.12	3.47	0.11		122	-933	-32
3747732	52.59	3.27	1.91		-470	-683	68
3747880	51.77	3.16	2.06		-463	-632	65
3748130	7.83	-0.05	0.58		265	-351	-193
3748280	7.96	-0.15	0.60		359	-334	-176
3748531	-22.90	1.85	-2.72		-885	-251	286
3748683	-23.58	1.67	-2.94		-961	-336	217
3748936	9.64	-3.77	1.51		916	-29	459
3749084	10.29	-3.58	1.90		838	33	458
3749332	23.60	-0.01	5.19		-73	745	-380
3749482	23.50	0.16	5.00		12	669	-364
3749731	37.13	6.42	0.65		-834	-988	94
3749879	36.78	6.54	0.68		-878	-995	123
3750130	21.86	12.21	5.23		-2424	141	293
3750282	20.41	12.41	5.07		-2476	138	321
3750534	-20.45	5.79	-3.88		-1179	-309	417
