3446041	-65.87	23.05	-20.29		-4253	2297	1649
3446298	-75.58	6.00	-13.89		-2538	-122	189
3446453	-76.45	5.56	-13.29		-2421	-127	155
3446708	-91.73	14.50	4.31		1489	2603	538
3446860	-90.75	14.73	4.21		1404	2643	538
3447114	-115.96	15.51	-10.87		-398	3178	415
3447370	-127.26	12.10	-17.13		-799	2930	666
3447627	-146.39	9.67	-21.55		-662	3696	781
3447781	-146.57	9.66	-21.56		-635	3695	776
3448037	-167.55	-0.38	-17.91		-289	2918	563
3448193	-168.92	-0.82	-17.70		-261	2899	558
3448449	152.78	-11.17	-6.54		-443	1977	322
3448603	45.64	nan	-45.02		-15113	29173	18173
3448860	126.60	-12.16	9.57		-1877	618	511
3449115	114.33	-14.73	15.63		-2982	1402	647
3449271	113.20	-14.63	15.79		-2972	1466	646
3449527	62.69	-6.06	17.68		-1985	2200	613
3449680	61.58	-5.92	17.48		26235	24240	-19109
3449939	83.09	-8.90	1.43		398	1446	192
3450089	84.48	-9.09	1.14		438	1418	165
3450340	70.34	-40.49	7.57		1035	7127	2743
3450595	54.94	-64.27	22.77		1976	9195	6388
3450749	-72.64	-14.36	75.46		-4477	8591	-8941
3451009	-26.39	-64.32	102.01		4369	8561	12495
3451268	-21.90	-51.03	112.47		1221	8449	13660
3451526	4.38	-53.42	109.91		-1555	7511	13881
3451784	24.82	-56.35	94.31		-2853	6648	12351
3452042	46.50	-61.95	84.08		-4424	5588	11906
3452300	78.27	-64.99	61.26		-5413	4640	10418
3452456	80.23	-64.98	59.84		13668	-10303	30593
3452717	140.13	-60.47	12.62		-5127	2540	8166
3452975	149.41	-54.95	8.39		-4950	1317	7104
3453232	178.07	-51.55	2.26		-5213	-393	6169
3453488	164.27	-15.09	80.98		-7163	4978	11900
3453848	-21.05	-11.96	90.33		-873	13260	10983
3454106	-18.93	44.66	89.55		1068	6842	8586
3454262	-20.61	45.96	88.02		1024	6763	8515
3454517	-82.53	32.07	9.51		-103	3515	4362
3454670	-83.82	30.33	8.31		-195	3297	4291
3455026	-103.87	-35.22	-29.84		-4154	-2340	6428
3455287	-117.18	-38.32	-16.96		-3344	-1953	5271
3455548	-152.04	-39.68	-2.57		-3237	-1237	5124
3455808	-170.05	-42.68	6.25		-3862	-418	5096
3456065	172.63	-41.69	18.71		-3489	-1653	4676
3456324	166.43	-40.46	26.98		-2957	-1476	4850
3456583	164.61	-20.27	35.79		-1949	-3227	4005
3456943	170.40	-1.59	52.44		873	-5139	5020
3457097	170.52	-1.75	53.02		880	-5073	5042
3457353	-166.65	-8.58	82.07		2982	-6771	7805
3457712	-151.84	-22.56	112.62		6317	-6518	11919
3457973	-160.74	-52.57	110.56		5241	-7964	10345
3458234	-116.61	-64.31	51.88		2635	-8104	6346
3458493	-113.88	-43.67	38.47		1897	-6264	3978
3458752	-108.44	-25.36	51.02		6107	-4049	3814
3459011	-67.60	-21.28	43.15		6824	148	2691
3459166	-65.53	-21.20	42.46		6593	400	2546
3459421	1.27	-34.92	43.71		4037	6469	3716
3459574	2.66	-35.22	43.57		3898	6513	3722
3459829	62.98	-27.80	15.20		1289	4419	1462
3459984	64.14	-26.94	14.91		1174	4275	1376
3460239	56.25	-7.35	22.60		-1636	2839	851
3460392	55.23	-7.16	22.75		-1567	2934	860
3460646	8.21	-1.18	16.28		-620	2715	404
3460798	6.98	-1.60	15.87		-519	2702	354
3461050	28.52	-31.92	7.59		4487	3651	1511
3461203	-43.42	-22.22	23.69		3348	20578	-29597
3461464	39.66	-15.94	5.23		2287	2413	906
3461716	36.59	5.37	9.79		-653	801	628
3461866	36.40	6.08	10.09		-799	808	625
3462117	-9.86	19.78	11.29		-2659	2727	635
3462270	-11.26	19.50	11.07		-2541	2785	633
3462525	-2.58	-4.30	10.32		1259	1815	11
3462677	-1.80	-4.87	10.40		1325	1855	-30
3462930	12.64	-8.36	5.11		1638	1199	420
3463080	-43.08	nan	-52.82		24552	17014	-3126
3463339	17.43	5.98	2.50		-321	555	-124
3463488	17.55	6.37	2.49		-389	520	-159
3463739	-16.69	13.19	4.78		-1175	1752	224
3463993	-39.33	8.45	7.48		-231	2274	155
3464144	-40.11	8.01	7.64		-88	2284	171
3464395	1.13	-8.16	4.95		1913	1431	58
3464544	1.51	-8.33	4.55		1909	1379	75
3464794	28.18	-4.98	-11.88		2165	-868	408
3464947	29.28	-4.75	-12.14		2162	-920	410
3465201	50.98	4.66	-12.63		1560	-1377	407
3465355	49.96	4.97	-12.48		1453	-1447	403
3465609	26.72	6.57	-2.59		-412	-464	215
3465759	25.61	6.50	-2.36		-393	-399	209
3466011	26.00	3.51	-2.37		206	-79	114
3466161	26.30	3.52	-2.47		210	-145	118
3466412	22.85	3.50	-1.93		161	-237	112
3466561	23.04	3.47	-1.89		154	-228	108
3466812	27.19	3.19	-1.99		337	-271	117
3466961	27.29	3.22	-1.98		326	-282	117
3467212	26.91	3.20	-0.86		195	25	139
3467361	27.01	3.21	-0.87		191	7	133
3467608	19.12	4.41	-0.80		72	-109	122
3467757	19.00	4.47	-0.79		46	-122	123
3468006	16.67	4.38	-0.48		68	-38	147
3468154	16.76	4.37	-0.48		73	-42	150
3468402	4.89	3.47	1.15		293	164	122
3468549	3.93	3.45	1.25		310	176	122
3468796	-28.82	-0.14	9.02		1689	968	336
3468948	-29.50	-0.39	9.45		1771	958	329
3469200	-46.21	-8.64	45.08		6698	3541	4347
3469455	-55.19	-0.65	63.33		7773	4417	6554
3469609	-55.48	-0.41	63.64		7947	4509	6670
3469865	-29.84	10.53	69.05		5129	7278	8635
3470020	-28.91	10.57	69.30		14725	-12896	22409
3470280	13.45	6.89	73.30		-368	7881	9151
3470533	18.17	5.42	66.67		-1151	7513	8411
3470687	18.63	5.32	66.33		-1263	7501	8376
3470941	41.34	-0.25	49.16		-3183	5440	6781
3471095	42.10	-0.54	48.70		-3220	5384	6696
3471350	59.39	-5.47	39.74		-3429	3587	5934
3471505	60.12	-5.48	39.69		-3502	3450	5995
3471761	79.94	-10.50	42.38		-4313	2174	6212
3471917	80.35	-10.68	42.59		-4406	2225	6244
3472173	98.57	-17.31	38.71		-4027	1335	5842
3472430	110.76	-16.12	32.36		-3545	510	5243
3472585	111.39	-15.98	32.11		-3515	465	5218
3472842	146.71	-3.25	33.78		-2178	-1814	4053
3473100	-179.83	65.84	72.97		-7836	-609	8888
3473357	-72.52	-44.17	30.45		4582	-1179	10713
3473718	-54.33	65.06	62.04		3071	6971	6087
3473872	-55.42	64.40	61.11		3217	6902	6026
3474127	-110.94	-24.49	31.42		873	-4648	5141
3474487	-42.80	-57.40	-72.85		-3734	-6171	10695
3474748	-68.73	-25.08	-80.02		-6105	-2618	10331
3475009	-111.49	-12.92	-75.05		-5630	1999	9173
3475268	-124.99	-9.95	-56.77		-4295	1981	7038
3475527	-129.98	-8.94	-44.58		-3513	1888	5800
3475786	-132.00	-5.37	-31.31		-2080	1204	4640
3476044	-136.37	-3.19	-20.64		-1017	648	4168
3476201	42.19	nan	-16.60		1225	-5307	-31501
3476457	-137.93	-3.16	-14.78		-527	121	3922
3476714	-137.74	-4.51	-14.99		-400	115	3905
3476870	-138.07	-4.71	-15.02		-20004	-7623	-13547
3477133	-140.49	-3.04	-16.62		-485	279	3705
3477287	-140.29	-2.96	-16.54		-468	337	3706
3477544	-139.82	-0.67	-10.15		185	-71	3620
3477699	-52.00	3.65	-107.70		2880	2294	28829
3477956	-137.82	-1.23	-10.43		303	-334	3628
3478213	-132.52	-2.62	-12.20		28	-371	3624
