1473526	140.57	-1.61	-1.19		-20	29	41
1473675	140.56	-1.61	-1.21		-23	35	39
1473924	140.89	-1.26	-1.57		80	56	36
1474072	140.89	-1.26	-1.57		77	69	35
1474320	140.79	-1.85	-0.88		-107	7	40
1474469	140.79	-1.86	-0.88		-120	8	43
1474718	140.60	-1.88	-0.62		-129	-22	39
1474870	140.59	-1.89	-0.62		-124	-32	38
1475122	140.49	-1.74	-0.57		-125	-45	38
1475374	140.38	-1.82	-0.71		-98	33	39
1475522	140.38	-1.82	-0.71		-100	29	37
1475773	140.26	-1.78	-0.90		-93	58	36
1475921	140.25	-1.77	-0.90		-87	53	36
1476171	140.23	-1.60	-0.83		-63	21	38
1476320	179.90	-0.47	179.46		259	-26919	-3740
1476579	140.18	-1.65	-0.68		-119	22	36
1476728	140.18	-1.64	-0.68		-113	16	35
1476979	140.16	-1.61	-0.41		-133	-50	40
1477231	140.14	-1.53	-0.31		-120	-84	42
1477382	140.13	-1.53	-0.31		-125	-74	40
1477634	140.16	-1.54	-0.40		-119	-46	35
1477784	140.16	-1.55	-0.40		-118	-49	35
1478036	140.22	-1.56	-0.44		-126	-70	39
1478188	127.63	-70.67	-22.57		30171	29242	-20059
1478450	140.16	-1.57	-0.72		-119	-46	40
1478600	140.16	-1.58	-0.74		-120	-37	40
1478852	140.13	-1.57	-1.14		-54	34	37
1479001	140.13	-1.56	-1.14		-54	34	36
1479250	140.07	-1.60	-1.33		-25	88	38
1479399	140.07	-1.60	-1.33		-29	87	37
1479649	140.06	-1.60	-1.12		-77	64	39
1479797	140.06	-1.59	-1.12		-84	62	39
1480047	140.08	-1.46	-0.86		-49	19	40
1480196	140.09	-1.46	-0.84		-50	15	40
1480547	140.11	-1.37	-0.65		-89	-44	40
1480696	140.11	-1.37	-0.65		-91	-41	39
1480947	140.12	-1.36	-0.71		-68	-33	38
1481097	140.12	-1.36	-0.72		-64	-32	40
1481348	140.10	-2.01	-0.51		-266	-51	46
1481498	140.10	-2.02	-0.52		-277	-45	46
1481750	140.25	-1.40	-1.39		5	152	34
1481897	140.25	-1.37	-1.39		10	131	34
1482147	141.71	-3.48	-2.45		-552	505	67
1482299	142.18	-3.55	-2.49		-507	635	56
1482551	144.92	0.27	5.09		-1738	-646	118
1482804	147.58	29.40	-10.14		4667	-1466	3251
1482960	46.32	14.70	135.09		-26459	26845	21630
1483220	120.11	40.53	-25.51		7831	-2889	3374
1483479	136.34	58.04	1.89		7611	-6266	6595
1483735	178.09	3.40	31.27		3556	-5777	4928
1483889	178.44	-0.35	31.39		-20021	-22185	-3494
1484150	-5.37	-50.14	-101.63		-4282	-10657	11439
1484412	-39.13	-34.23	-50.60		-3415	-8860	6179
1484672	-95.93	-12.49	32.94		4816	-3368	2846
1484930	-147.05	11.58	64.90		7093	-7608	6452
1485086	-149.34	12.01	64.62		6951	-7819	6382
1485344	171.38	-9.15	8.18		-1362	-1220	-544
1485600	-179.04	-3.51	2.80		-378	-1301	302
1485755	-177.62	-3.08	2.50		-291	-1112	366
1486010	-176.89	4.94	1.75		1578	-925	-153
1486163	-176.99	5.44	2.08		1657	-906	-112
1486417	176.90	24.02	18.10		4991	-4570	2036
1486573	176.76	24.05	17.86		4998	-4544	2033
1486830	172.99	4.90	-6.95		2309	-168	968
1486983	172.99	4.46	-7.44		2169	-59	962
1487235	172.74	-3.74	-11.19		579	1229	680
1487489	173.56	-10.30	-8.57		-465	463	559
1487642	173.58	-10.53	-8.68		-530	518	565
1487896	169.07	-10.40	-8.14		-203	573	524
1488050	168.94	-10.44	-8.15		-212	570	530
1488304	162.91	-10.03	-10.68		225	1206	561
1488559	156.61	-8.58	-10.89		752	269	90
1488710	156.21	-8.68	-11.12		1160	216	-117
1488965	142.68	-20.74	-14.26		-726	2138	1088
1489223	131.62	-14.98	-8.42		-72	2190	679
1489377	132.53	-14.45	-7.89		50	2016	702
1489630	169.28	-3.55	3.64		452	-1650	251
1489883	163.75	-6.33	-0.85		597	-501	690
1490035	163.56	-6.79	-1.16		530	-365	669
1490288	169.06	1.75	-4.18		1305	291	1509
1490541	169.43	7.96	14.45		1937	-3982	707
1490695	169.42	7.67	14.86		1816	-3964	756
1490950	179.11	0.65	21.55		1753	-5095	1691
1491205	-173.41	-8.96	9.09		-381	-2095	1163
1491462	-171.06	5.23	15.12		3068	-3297	1936
1491617	-171.15	5.34	14.90		3120	-3333	1978
1491873	-177.14	2.73	3.26		2130	-1850	1327
1492230	-177.75	-2.74	-5.79		1017	-328	1171
1492385	-178.16	-2.78	-5.60		1029	-419	1161
1492642	177.37	-4.67	-8.57		1272	158	1074
1492795	177.38	-4.84	-8.43		1187	133	1139
1493050	-172.75	-9.79	-4.47		149	-584	1241
1493204	-172.81	-9.91	-4.42		143	-629	1224
1493459	-167.85	-13.04	-3.04		-99	-1047	1249
1493818	-172.01	-8.86	-2.67		489	-869	1292
1493972	-171.96	-8.80	-2.60		502	-889	1284
1494227	-167.48	-10.86	-4.51		542	-745	1296
1494383	-166.96	-11.07	-4.64		464	-705	1297
1494639	-159.89	-9.01	1.69		175	-2370	-309
1494794	14.20	nan	42.23		15552	-18640	-14487
1495052	-143.90	-53.36	152.19		6677	347	14045
1495310	-53.27	-81.91	52.22		9312	689	9809
1495566	49.48	-53.77	-47.33		8657	-451	5072
1495721	50.87	-52.47	-47.77		8549	-389	4974
1495979	103.00	-22.99	-34.56		3869	2603	2277
1496236	113.06	-22.74	-24.70		1761	3659	1230
1496494	120.49	-21.08	-20.27		1583	3513	-629
1496650	121.60	-21.11	-19.80		21160	-18276	-24364
1496913	126.28	-18.61	-15.07		225	3310	724
1497068	126.24	-18.48	-14.95		223	3289	714
1497324	124.75	-12.81	-11.17		362	2032	402
1497479	124.73	-12.75	-11.12		367	2033	399
1497734	124.23	-10.66	-8.89		303	1841	273
1497887	124.22	-10.60	-8.82		303	1818	272
1498141	123.85	-7.79	-6.22		195	1337	158
1498294	123.85	-7.72	-6.14		186	1315	158
