4010574	97.54	-1.22	-0.64		19	28	56
4010721	97.55	-1.17	-0.66		-23	-10	57
4010971	101.53	-1.37	-1.70		463	-138	49
4011121	101.20	-1.40	-1.73		512	-100	47
4011373	102.76	-1.29	-1.07		194	-122	60
4011525	-43.24	48.33	124.29		23156	-2857	25482
4011785	102.90	-1.90	-1.04		188	61	48
4011933	96.87	70.41	29.29		-17789	-28059	-25115
4012296	107.83	-2.61	-0.45		-60	49	67
4012444	107.78	-2.62	-0.46		-40	65	68
4012794	102.23	-2.75	-0.33		358	93	-852
4012946	102.33	-2.88	-0.22		264	115	-893
4013199	96.64	-6.31	-2.76		379	571	-211
4013349	96.42	-6.47	-2.92		517	654	-43
4013600	86.08	-4.14	-7.13		848	281	139
4013751	86.07	-4.11	-7.44		-18763	28230	25546
4014009	69.73	8.67	-32.15		4867	-3472	1882
4014265	90.06	14.89	-18.86		4773	-4124	2819
4014622	75.41	4.58	-4.66		1574	-2470	48
4014774	79.30	3.96	-4.43		1727	-2286	-77
4015027	100.69	-1.26	-5.03		1563	-313	41
4015178	-98.22	nan	52.51		11980	-20653	12769
4015436	98.61	3.07	-0.51		1872	-1714	931
4015588	51.78	nan	-61.92		-2250	-16960	23212
4015846	78.12	10.38	-1.61		931	-3238	977
4015997	-35.38	nan	-47.61		14925	-14965	-26608
4016258	91.73	16.16	5.10		-39	-3423	765
4016509	96.70	21.58	0.61		1570	-5134	1379
4016663	97.16	21.23	0.34		1667	-5064	1380
4017018	85.00	11.87	-10.25		2759	-3764	1659
4017174	84.34	11.55	-10.26		2788	-3789	1620
4017431	84.79	-9.12	-3.22		1544	-410	1091
4017584	83.87	-9.16	-3.07		1665	-312	1152
4017838	91.29	-9.87	2.21		1179	142	800
4017988	90.90	-9.74	2.06		1124	245	719
4018239	64.76	-8.96	0.97		1364	-611	1226
4018392	64.16	-8.96	0.88		1385	-752	1310
4018644	48.76	-5.82	3.03		512	-987	1403
4018896	64.17	-4.43	10.53		-580	-532	1888
4019050	64.42	-4.47	10.77		-706	-512	1805
4019304	73.26	-4.14	6.61		618	-1317	1077
4019557	75.57	-11.55	9.77		202	347	984
4019707	75.90	-11.64	9.93		255	162	1055
4019959	101.24	-6.50	13.98		-926	-563	1390
4020214	85.50	-5.73	13.62		-749	-599	1609
4020368	84.39	-5.90	13.21		-589	-556	1582
4020622	92.50	-12.00	11.63		71	606	1213
4020875	87.40	-14.33	12.68		217	203	1306
4021026	86.93	-14.64	12.91		146	371	1313
4021280	99.38	-23.42	9.16		90	2086	1357
4021532	96.56	-17.48	14.64		-1696	1209	1701
4021688	97.38	-17.21	14.47		-1624	1141	1672
4021945	112.91	-8.29	5.75		438	7	1132
4022093	112.85	-8.36	5.66		395	75	1120
4022344	116.43	-2.96	4.13		845	-462	1396
4022497	115.69	-2.71	4.03		912	-551	1400
4022851	116.30	-11.30	9.41		64	671	1007
4023002	116.65	-11.24	9.70		163	762	1019
4023256	135.33	-18.23	31.46		-3275	-2276	2027
4023515	139.63	-16.37	32.42		-3935	-2572	1985
4023773	141.09	-7.46	24.27		-1779	-2575	840
4024030	133.57	-5.25	18.93		-2236	-2143	417
4024185	132.62	-5.04	18.47		-2044	-2060	329
4024441	137.27	-15.96	12.30		-2539	-508	544
4024698	127.23	-18.10	1.08		347	1836	942
4024851	128.11	-18.39	1.04		252	1944	919
4025104	131.71	-16.27	10.64		-2074	594	629
4025359	155.07	-8.64	17.94		-1002	-1090	523
4025717	160.78	-13.33	35.58		-3495	-5050	1389
4025975	134.08	-19.41	33.13		-4772	-2873	2662
4026133	68.49	nan	-42.41		-1407	-29329	-8299
4026391	178.10	-25.80	8.65		-3454	-2197	639
4026647	157.89	-12.62	-8.65		-875	1818	632
4026802	156.71	-11.95	-9.06		29724	16616	-11331
4027063	135.66	11.61	-7.32		2917	-783	628
4027318	167.54	15.48	1.17		3136	-1111	432
4027471	166.77	15.41	1.58		1617	7642	-27756
4027727	175.23	-2.29	5.31		117	-1646	198
4027880	175.08	-2.58	4.93		121	-1554	162
4028133	175.32	-11.06	-0.88		-999	1197	470
4028288	-179.84	-10.89	-0.31		-950	810	515
4028542	-173.88	-6.50	11.45		187	-3097	164
4028697	-173.47	-6.65	11.30		120	-3264	200
4028952	175.73	-4.85	8.92		-271	-2780	-61
4029106	174.98	-4.65	8.61		-170	-2691	-34
4029360	145.74	-7.77	-6.65		-411	1454	248
4029615	130.27	0.95	-10.13		1931	76	122
4029765	130.33	1.08	-10.28		2010	64	108
4030017	133.52	2.21	-14.03		2387	-58	270
4030271	119.25	-10.41	-10.49		526	1941	128
4030425	119.39	-10.53	-10.49		608	1947	-63
4030681	86.39	-14.76	2.99		-544	1635	620
4030833	85.48	-14.76	2.77		-370	1628	641
4031086	56.90	-10.30	15.31		-2082	2268	746
4031341	34.89	-5.30	-1.37		647	-401	207
4031493	33.10	-5.22	-1.87		787	-518	209
4031745	25.58	-6.04	-5.12		959	-681	241
4031895	-67.90	nan	-41.72		-32306	19574	23575
4032154	22.55	-7.97	-0.07		1167	-5	388
4032304	21.95	-7.89	-0.08		1201	19	403
4032555	30.89	-3.93	2.83		6	76	-140
4032701	31.20	-3.96	2.92		-42	102	-134
4032952	50.66	-10.46	1.05		1189	780	646
4033102	51.74	-10.61	1.10		1193	700	536
4033456	61.97	-6.18	0.10		928	536	308
4033604	62.09	-6.16	0.19		993	558	340
4033854	76.28	6.43	8.27		-1169	-803	288
4034006	76.76	6.64	8.37		-1081	-883	540
4034257	82.32	-4.87	8.68		-681	1441	828
4034409	83.15	-4.68	8.53		-761	1185	644
4034661	80.25	-11.88	1.46		-567	2319	596
4034914	68.22	-3.59	1.72		290	1485	603
4035063	68.67	-2.84	1.78		102	1176	740
4035314	82.90	7.25	-8.67		898	-2763	-326
4035467	81.36	7.21	-9.08		907	-2827	-314
4035720	35.85	-0.71	-13.98		1257	-1923	837
4035976	41.87	-4.10	-11.56		2042	-1678	446
4036129	-45.76	nan	44.79		13434	4546	-7754
4036384	54.84	-7.10	-8.18		2033	-274	267
4036537	55.04	-6.98	-8.20		2046	-367	269
4036891	71.00	19.02	-28.87		3699	-5376	2985
4037047	70.52	19.45	-29.55		3806	-5458	3082
4037304	65.00	37.01	-22.59		1591	-7260	4041
4037560	78.33	35.29	-3.25		491	-7470	3310
4037713	77.89	34.49	-2.73		452	-7194	3137
4038069	87.07	10.54	-1.48		572	-3061	1517
4038222	86.02	10.02	-1.63		548	-2923	1439
4038476	79.11	-13.66	-9.41		2989	397	1889
4038731	85.84	-13.55	-5.88		2016	391	1832
4038884	86.36	-13.45	-5.84		1928	362	1795
4039139	95.36	-15.46	3.06		609	920	1900
4039289	95.29	-15.40	3.06		651	925	1835
4039542	99.16	-6.63	13.42		-560	-459	1211
4039796	93.41	-6.01	10.11		680	-434	1174
4039948	93.83	-6.11	9.94		690	-541	1220
4040201	96.02	-14.20	-5.12		2689	1096	1835
4040456	108.42	-4.34	16.93		2085	-20	2718
4040609	109.98	-3.93	19.12		1816	-331	2877
4040865	119.79	-15.24	89.48		-8223	-5595	9896
4041022	-18.61	nan	41.67		-30209	32378	-1298
4041280	128.67	-20.84	75.33		-6999	-5727	7160
4041539	133.59	-11.74	52.85		-5440	-5271	3471
4041798	136.02	-11.76	33.98		-3832	-2484	1622
4042056	134.76	-10.89	22.87		-3452	-2010	1463
4042315	123.22	-11.65	9.32		-2182	-14	1471
4042470	122.50	-11.72	8.67		-16753	11446	19431
4042730	80.60	-0.60	-21.39		4203	-1264	1445
4042986	73.63	-7.08	-35.57		6184	-1365	2513
4043243	51.49	-10.11	-40.45		6336	-4534	3622
4043601	41.35	-7.24	-28.89		4712	-4462	1900
4043757	40.88	-6.83	-28.70		4643	-4523	1929
4044013	36.15	1.59	-18.83		1870	-4587	2089
4044168	-19.10	0.33	-18.76		-30040	27150	-31085
4044530	42.70	19.39	-3.01		-1109	-4582	2395
4044686	43.04	19.69	-2.72		-1328	-4619	2421
4044942	85.71	9.95	11.37		3	-2916	2165
4045092	86.83	9.69	11.50		69	-2903	2140
4045344	83.02	-0.09	17.41		15	-143	1158
4045495	81.86	-0.01	17.49		-29347	-23876	-26879
4045756	86.22	-12.47	10.12		896	1830	1471
4046011	74.46	-13.60	10.86		227	764	1720
4046163	73.39	-13.72	10.87		356	838	1714
4046517	57.16	-0.07	10.06		-781	-1224	1305
4046671	56.59	0.36	9.96		-761	-1305	1315
4046924	68.44	-2.42	19.90		-1009	-671	1878
4047180	74.89	-3.81	30.18		-3418	144	2172
4047333	26.71	nan	-34.05		19508	-8977	10031
4047590	80.21	-12.09	28.03		-3025	1745	1149
4047846	70.91	-13.35	22.12		-1421	1559	1168
4048002	70.51	-13.29	21.87		-15081	-10641	-20291
4048265	55.63	-21.34	11.84		1349	2565	1433
4048419	55.78	-21.76	11.37		1409	2648	1491
4048674	67.79	-25.46	-3.59		3373	2359	1958
4048829	68.21	-25.27	-3.66		3390	2344	1956
4049085	63.77	-12.76	3.26		2045	893	1312
4049236	63.68	-12.39	3.20		2051	762	1330
4049490	48.29	-10.12	-3.12		3234	-1328	925
4049745	54.25	-6.84	0.09		1464	-1203	1397
4049899	55.35	-6.94	0.44		1362	-1181	1454
4050153	50.54	-4.74	0.88		1023	-1291	1362
4050307	50.65	-4.75	0.58		950	-1182	1468
4050560	48.37	-7.61	2.38		2646	-439	1301
4050812	36.56	8.97	10.99		-1902	-1714	1443
4050967	35.26	9.02	11.20		-1891	-1559	1440
4051222	46.43	-2.90	8.95		634	-955	1370
4051374	46.57	-3.30	9.05		797	-958	1324
4051625	54.23	-4.26	14.51		-849	1380	2058
4051879	59.01	-1.66	20.22		-693	638	1487
4052032	59.36	-1.71	20.77		-778	648	1416
4052285	56.34	-2.17	14.84		493	-11	1137
4052436	21.31	nan	-61.29		-28283	-14323	19877
4052695	61.91	1.78	17.56		-1260	-658	1138
4052950	59.27	-5.28	14.05		-359	-470	700
4053101	59.32	-5.65	14.06		-373	-310	729
4053354	100.83	-1.15	16.23		-913	-1172	924
4053610	101.94	3.42	9.62		694	-1404	1184
4053762	101.61	3.30	9.62		664	-1384	1192
4054116	104.62	0.68	10.82		564	-900	1217
4054268	103.70	0.80	10.91		545	-935	1240
4054521	103.45	-8.21	8.01		554	558	1130
4054673	96.15	-19.36	1.50		-20046	18743	2654
4054931	110.50	-3.91	14.47		-570	-489	1114
4055186	98.09	-3.47	12.57		50	-285	1034
4055337	98.07	-3.63	12.50		29	-250	1037
4055589	83.61	-5.09	11.26		262	53	1148
4055739	82.80	-4.99	11.37		324	188	1169
4055991	94.89	-4.06	6.28		839	-372	1114
4056244	107.54	-5.42	8.92		300	73	1227
4056393	108.46	-5.32	9.14		259	-206	1186
4056646	105.22	0.22	10.73		212	-1112	1189
4056800	96.51	-6.77	2.88		26996	27713	24597
4057057	94.59	-5.28	7.44		353	-385	1041
4057207	94.11	-5.56	7.23		394	-244	1051
4057459	57.95	-12.12	8.87		1006	661	1426
4057713	41.82	-8.53	7.17		927	56	1367
4057862	41.74	-8.44	7.00		1217	104	1507
4058114	36.20	-11.86	3.19		1672	-544	1412
4058267	35.89	-12.06	3.00		1721	-655	1504
4058521	36.08	-17.52	5.21		2387	277	1618
4058674	36.12	-17.46	5.30		2365	285	1589
4058928	36.43	-14.23	10.18		1520	592	1435
4059182	41.57	-11.57	13.27		1036	646	1379
4059335	42.11	-11.42	13.48		978	654	1376
4059588	45.99	-6.19	16.45		18	570	1310
4059739	45.99	-6.15	16.56		24	584	1332
4059990	53.32	-1.45	19.63		-1020	440	964
4060141	53.36	-1.39	19.67		-1053	470	987
4060395	58.04	-1.05	20.92		-1484	311	1228
4060649	58.47	-1.41	19.53		-1281	265	872
4060802	58.58	-1.42	19.44		-1290	275	862
4061054	60.11	-1.68	17.25		-880	153	754
4061306	61.35	-3.91	18.33		-957	470	930
4061457	61.39	-4.06	18.32		-935	501	856
4061710	53.92	-4.17	10.06		260	-53	446
4061859	53.80	-4.15	9.81		230	-91	481
4062109	56.45	-8.51	7.58		859	402	957
4062258	57.12	-8.49	7.62		759	552	902
4062508	60.43	-2.61	8.00		438	-667	991
4062657	60.57	-2.34	8.28		304	-707	906
4062908	60.94	6.29	17.77		-1718	-717	589
4063060	61.44	6.48	18.24		661	14291	19097
4063315	60.18	13.60	21.84		-3058	-2431	1191
4063470	-75.65	nan	58.93		8918	29348	5790
4063725	54.59	13.25	-0.71		-6	-3498	1468
4063877	55.31	13.46	-1.09		-351	-3865	1506
4064133	72.23	7.22	4.72		197	-2740	1474
4064283	72.41	6.93	5.01		226	-2707	1486
4064535	77.10	-0.06	8.45		-712	-1583	683
4064688	76.68	-0.26	8.17		-588	-1726	590
4064941	75.41	-4.69	12.52		240	51	1267
4065091	75.21	-4.78	12.76		197	141	1222
4065343	75.64	-3.14	7.68		244	-817	868
4065492	75.73	-3.25	7.52		221	-794	883
4065743	86.58	-5.41	6.17		860	-186	1100
4065895	87.31	-5.29	6.34		804	-301	1109
4066147	93.71	6.42	15.81		-712	-2323	1540
4066401	101.38	12.36	20.62		-660	-3586	1891
4066556	-7.77	nan	1.42		1290	-28911	-3354
4066810	104.77	20.99	19.10		-289	-5499	1816
4067169	110.12	-45.22	-22.61		-2799	1065	4314
4067428	-121.39	10.96	175.32		3097	-3457	16098
4067687	-110.64	-2.03	156.20		4732	-1407	19661
4067947	-119.01	-36.34	126.39		9847	-363	13574
4068207	-62.11	-60.80	57.96		8270	-1771	6439
4068364	-18.65	nan	-143.06		-11503	-2656	-26564
4068726	-13.58	-20.40	19.42		2808	1652	947
4068881	-13.33	-19.96	19.54		2733	1694	904
4069136	-13.66	-13.87	20.40		2156	2098	674
4069291	-13.77	-13.85	20.27		2242	2011	710
4069545	-12.78	-10.83	16.15		1965	1777	506
4069700	-12.74	-10.75	16.03		1890	1756	502
4069956	-11.93	-9.23	13.79		1789	1257	400
4070109	-11.93	-9.15	13.82		1775	1264	400
4070364	-10.26	-7.90	11.21		1596	1132	285
4070517	-10.21	-7.83	11.15		1567	1135	281
4070771	-9.38	-5.05	8.86		1111	1012	180
4071023	-9.08	-3.76	7.53		900	751	141
4071172	-9.06	-3.70	7.50		881	756	141
