6188443	96.33	-66.50	-24.18		4052	7726	7848
6188699	39.66	-35.05	-8.68		6443	1835	3075
6188854	28.12	-6.86	178.54		3545	-100	6251
6189110	19.61	42.45	-25.95		-2139	-6974	3984
6189367	70.21	61.30	7.48		-3430	-7293	5979
6189521	73.12	61.06	9.98		28349	-9328	7147
6189777	49.55	47.71	19.96		-4843	-2785	4735
6190034	43.15	19.19	10.78		-3551	-1035	1076
6190190	42.00	17.97	9.99		-3296	-862	992
6190543	41.02	4.53	-1.10		200	-1136	416
6190695	40.68	4.42	-0.86		238	-1048	422
6190947	48.20	2.71	6.27		313	-491	-81
6191095	48.92	2.85	6.76		193	-445	-29
6191345	54.04	11.35	19.28		-2669	-273	524
6191499	54.03	11.48	19.53		-2683	-302	526
6191753	39.36	9.16	18.25		-3048	1214	1126
6191906	39.14	9.08	17.87		-3029	1198	1112
6192160	30.90	5.44	8.90		-1385	557	346
6192311	30.18	5.26	8.77		-1338	581	345
6192562	13.49	1.30	7.94		-240	733	263
6192710	13.77	1.30	7.99		-218	701	295
6192960	21.76	5.24	8.26		-1196	787	93
6193110	21.89	5.25	8.14		-1179	779	112
6193360	23.72	5.65	9.31		-1689	777	100
6193510	23.54	5.49	9.21		-1509	767	107
6193761	10.24	-6.93	0.13		925	-256	117
6193911	10.49	-7.30	-0.07		939	-184	92
6194162	-8.93	-11.66	-10.13		1876	-2676	831
6194418	-1.80	-13.99	-18.59		2561	-3628	1238
6194575	-2.06	-14.27	-18.77		29144	28515	-16999
6194937	4.59	-3.77	-26.71		744	-4506	1806
6195090	5.49	-3.88	-26.82		835	-4621	1852
6195345	10.24	-17.30	-17.80		3958	-3108	1946
6195602	16.53	-7.71	-14.07		2791	-3463	2098
6195859	49.51	6.77	5.14		-804	-577	454
6196008	49.15	6.91	5.25		-644	-652	451
6196259	38.11	-1.42	4.13		1391	-127	921
6196411	37.15	-1.55	4.18		1308	-146	887
6196663	19.55	0.06	1.49		1930	-809	1037
6196915	37.93	12.33	7.36		-1003	-1891	946
6197068	38.01	12.39	7.77		-1062	-1827	965
6197424	35.79	10.34	14.47		-1434	-80	1041
6197577	35.82	10.20	14.42		-1419	-96	1031
6197831	40.54	2.41	12.41		-113	332	832
6198183	44.28	5.38	15.45		-828	390	890
6198333	44.27	5.60	15.55		-842	350	882
6198584	46.87	13.49	25.15		-3018	472	1179
6198737	46.75	13.57	25.29		-3087	473	1206
6198991	38.35	10.79	29.47		-3303	2693	1105
6199146	37.65	10.89	29.22		-3267	2694	1089
6199402	-6.59	6.40	21.51		990	2725	1342
6199553	-6.51	6.62	21.35		987	2654	1395
6199805	-71.35	-1.36	18.99		2225	-1930	772
6200060	-87.73	4.11	32.01		4646	452	1848
6200213	-88.19	4.27	32.31		4743	416	1905
6200466	-90.52	12.42	23.39		3910	1155	1499
6200721	-84.23	5.84	-0.77		183	340	82
6200870	-83.95	5.50	-1.74		36	200	111
6201120	-84.90	9.26	2.15		100	1103	179
6201270	-85.18	9.48	2.82		237	1165	169
6201521	-80.68	8.45	13.51		2179	1296	531
6201673	-80.58	8.31	13.25		2133	1289	461
6202028	-70.88	2.82	-7.59		-1233	-394	204
6202180	-70.68	2.83	-7.81		-1244	-402	216
6202435	-41.70	-8.93	-7.22		526	-2974	846
6202689	-20.49	-7.01	-6.44		1038	-2131	751
6202844	-19.81	-6.60	-6.50		27894	7255	8555
6203100	-5.72	4.53	-2.67		-844	-687	192
6203250	-4.55	4.37	-2.61		-743	-842	126
6203502	28.79	2.57	-3.18		765	-1175	251
6203754	31.46	3.93	-6.23		541	-1849	-76
6203906	31.40	3.79	-6.27		577	-1894	-48
6204157	33.98	-1.19	-4.60		2171	-2021	412
6204311	33.75	-1.15	-4.41		29070	13685	14010
6204568	36.53	4.21	-5.82		1121	-2011	625
6204721	-63.53	-4.05	-3.87		-27357	-13101	-2154
6204982	47.01	1.27	-4.71		1331	-1520	652
6205235	37.52	-3.10	-2.92		2042	-1270	137
6205388	38.03	-3.20	-2.63		2072	-1247	100
6205642	36.71	-10.63	1.67		2542	387	1107
6205795	36.76	-10.74	1.83		2587	472	1094
6206048	43.44	-0.56	0.92		1139	-1352	787
6206301	36.44	1.01	-0.32		1540	-2181	686
6206453	35.20	1.04	-0.01		1653	-2241	609
6206706	22.14	1.65	11.82		285	264	696
6206855	21.42	1.76	11.77		310	277	682
6207105	19.59	2.66	9.41		508	-46	676
6207253	19.85	2.75	9.42		419	-66	700
6207501	17.72	0.56	3.03		898	-921	949
6207650	18.36	0.53	2.81		909	-971	1000
6207901	40.60	4.98	6.20		-203	-578	974
6208051	40.66	4.96	6.04		-152	-649	1027
6208303	42.23	6.58	6.17		453	-1358	829
6208453	41.81	6.62	6.37		538	-1347	847
6208704	34.33	6.48	7.25		-332	-874	695
6208854	34.47	6.33	7.21		-260	-838	670
6209104	33.12	4.51	11.78		-131	311	696
6209255	34.47	nan	-118.03		-16019	16567	31646
6209513	34.12	8.70	11.88		-535	-106	719
6209664	-7.38	nan	-50.21		-10555	6110	2968
6209920	33.10	6.66	12.34		-423	-41	533
6210069	32.66	6.45	12.37		-338	45	531
6210319	26.00	-7.02	4.96		1555	-397	1076
6210471	25.60	-7.33	4.72		1580	-465	1056
6210724	25.48	-7.62	5.03		1872	130	1064
6210875	25.19	-7.53	4.93		1837	129	1066
6211128	27.61	-7.40	2.38		2088	-316	1135
6211279	28.33	-7.34	2.11		2117	-431	1173
6211634	24.54	-3.92	3.24		1644	-709	1184
6211786	24.27	-3.76	3.28		1612	-701	1147
6212039	30.90	2.05	2.41		1267	-1289	1246
6212292	37.35	9.54	6.90		-13	-1242	1412
6212444	38.13	9.87	7.10		-145	-1284	1399
6212697	25.16	9.19	5.69		172	-1640	1444
6212847	24.54	9.10	6.00		148	-1557	1426
6213100	30.08	5.87	10.51		-417	-467	1363
6213353	14.61	0.61	15.67		817	855	1052
6213502	14.80	0.72	15.76		791	902	1056
6213754	21.32	1.53	18.78		28	1451	1347
6213904	21.29	1.37	18.56		42	1443	1382
6214155	32.49	-2.35	13.66		1077	828	1435
6214307	71.49	34.68	10.83		-25030	-10118	8595
6214566	59.60	7.01	18.85		-561	-245	1612
6214819	69.53	10.27	19.23		-1484	-752	1380
6214974	69.26	10.18	19.10		-1446	-736	1365
6215229	56.98	3.61	13.39		-40	242	1270
6215379	56.93	3.44	13.39		-6	311	1284
6215629	35.92	4.55	15.38		-364	881	284
6215779	35.88	4.81	15.20		-324	853	277
6216030	24.36	8.91	2.19		276	-2191	619
6216180	23.08	8.78	1.77		265	-2292	664
6216431	-4.13	11.24	-3.06		-734	-2910	1725
6216686	-5.59	20.50	-6.93		-3086	-2450	2505
6216842	-6.66	20.60	-7.32		-3062	-2521	2500
6217099	-15.81	24.17	-11.65		-4002	-3842	2191
6217358	-12.41	23.98	-9.85		-3457	-3165	3252
6217615	-10.25	21.10	-11.72		-2899	-3707	2876
6217975	15.96	18.64	2.69		-1828	-2024	2703
6218130	15.82	18.48	2.65		-1811	-2055	2719
6218385	16.37	10.08	-2.28		-445	-2723	2111
6218540	16.67	9.92	-2.44		-403	-2790	2101
6218793	20.36	7.15	2.05		-285	-2268	-196
6218946	20.12	6.77	2.37		-368	-2152	-562
6219199	-20.31	2.82	131.57		3275	4638	14349
6219456	-43.88	4.60	101.86		6826	4677	9522
6219610	34.61	nan	57.00		10579	28604	16189
6219866	-25.04	-1.29	51.92		3302	5320	3553
6220222	-11.66	12.00	38.68		-621	5243	2376
6220377	-11.34	12.11	38.38		-677	5152	2387
6220632	2.43	11.08	28.54		-1502	3137	1201
6220785	2.92	11.00	28.55		-1510	3173	1234
6221140	14.38	6.00	27.01		-1520	3421	983
6221293	13.77	5.98	26.59		-1437	3321	940
6221546	5.74	4.39	20.44		-383	2391	604
6221696	5.79	4.42	20.40		-428	2397	603
6221946	5.66	2.75	16.89		-319	2137	416
6222299	5.52	2.15	13.03		-276	1515	274
6222448	5.51	2.14	12.94		-260	1510	271
6222700	5.53	1.52	10.11		-120	1055	192
6222850	5.53	1.50	10.07		-121	1060	191
6223100	5.48	2.09	7.94		-221	822	143
6223248	5.48	2.11	7.88		-230	821	141
6223497	5.39	1.81	6.59		-20	595	116
6223643	5.40	1.83	6.59		-24	598	118
