1684637	47.92	-25.21	-0.85		3169	2608	1043
1684791	48.95	-24.73	-0.39		3078	2696	991
1685147	77.63	17.84	2.99		-1219	-3332	1305
1685302	77.66	18.15	2.80		-1253	-3399	1334
1685557	66.35	16.07	-1.54		-1248	-4291	564
1685711	66.15	15.53	-1.38		-1267	-4093	648
1685966	72.75	-3.14	3.90		-407	274	345
1686117	72.56	-3.14	3.92		-435	270	260
1686368	52.03	5.95	-4.28		-407	-2431	584
1686519	51.11	5.75	-4.47		-333	-2386	656
1686874	52.80	-3.39	-4.10		90	-1228	472
1687024	53.42	-3.73	-4.16		111	-1108	562
1687278	62.92	-9.37	-6.89		1827	96	131
1687428	62.69	-9.56	-6.66		1801	141	122
1687680	30.89	-19.66	-3.79		2466	143	239
1687933	11.71	-24.92	4.28		4273	982	2101
1688085	10.89	-24.68	4.70		4181	1115	2000
1688340	9.35	-8.36	12.79		1201	1492	358
1688592	12.32	3.68	18.41		-2134	2801	-309
1688745	11.62	3.73	18.20		-2123	2830	-348
1689101	7.05	-1.22	-5.98		322	-1183	731
1689251	7.02	-1.06	-6.14		349	-1179	836
1689503	51.53	-11.97	2.24		784	1436	767
1689655	52.82	-12.42	2.57		723	1686	719
1689907	88.70	-17.58	4.35		-698	2767	764
1690160	117.93	-5.42	-6.15		936	995	81
1690310	118.66	-4.94	-6.39		1162	904	121
1690563	142.41	15.83	-0.21		1535	-1371	1237
1690820	177.79	27.29	-9.51		5894	439	1087
1690974	178.75	26.89	-10.40		5819	817	1125
1691229	150.04	-3.68	-15.53		1753	2727	1375
1691384	149.15	-4.52	-15.10		30801	-19942	12981
1691645	91.70	-14.12	7.47		-849	1863	187
1691898	104.66	-5.98	6.17		-941	510	35
1692049	105.31	-5.63	5.92		-898	438	-26
1692301	120.62	6.94	1.97		876	-896	1004
1692451	120.36	7.28	1.90		956	-991	984
1692703	136.03	15.89	5.71		1696	-2821	725
1692957	142.19	27.31	3.46		3967	-3355	1213
1693112	142.29	27.58	3.36		24057	11814	20122
1693370	154.41	20.42	13.13		2876	-3832	2021
1693627	166.70	17.43	35.28		2250	-6790	2829
1693883	-177.21	23.47	38.90		5109	-6829	3541
1694041	-177.34	23.64	38.02		5258	-6779	3466
1694298	154.95	6.11	-17.28		3672	2045	1389
1694554	157.74	5.62	-13.86		3952	699	1872
1694707	160.16	5.04	-13.47		3807	763	1813
1695063	176.59	-1.22	6.49		1687	-1179	970
1695215	175.88	-1.18	6.69		1639	-1207	961
1695470	113.01	-5.12	3.25		-37	-1315	1179
1695724	106.28	-0.06	1.77		823	-2592	1874
1695878	106.51	-0.27	1.90		584	-2483	1951
1696132	113.23	7.98	14.85		-607	-3830	2163
1696286	113.17	8.50	15.38		-642	-3909	2229
1696542	110.26	14.96	10.38		19	-5089	2561
1696695	109.96	14.56	9.64		166	-5072	2521
1696950	105.46	-74.00	19.53		-4515	5025	7811
1697106	92.43	nan	-4.78		-32346	21603	1283
1697361	81.68	-72.21	24.15		-2295	7485	6449
1697618	107.72	-47.14	3.31		-2329	5230	2697
1697774	108.25	-45.93	2.64		-2229	5141	2561
1698031	127.97	-12.48	-10.24		904	1237	629
1698186	-175.05	2.98	176.50		15114	14303	-3401
1698446	135.66	21.75	0.27		4958	-3912	2173
1698701	129.33	9.90	10.05		1065	-3514	1538
1698957	135.72	-10.70	-1.68		2578	-2435	895
1699111	136.00	-13.99	-2.41		2179	-1760	1198
1699369	124.91	-81.93	-17.70		-2195	8092	8968
1699629	109.75	-42.81	-4.64		-744	6028	3168
1699886	120.11	15.04	-9.92		4594	-3633	990
1700040	121.01	15.96	-10.11		4694	-3615	1078
1700297	131.87	47.02	14.70		3493	-8204	5462
1700554	132.16	47.72	12.24		4171	-7465	5509
1700710	131.70	47.40	11.56		4195	-7391	5463
1700967	126.18	-2.99	-7.99		2665	-2189	3167
1701224	150.03	-68.28	-69.86		164	8232	7423
1701380	152.30	-68.20	-76.15		792	8089	7694
1701636	146.61	-10.30	-164.61		3847	-1367	17539
1701897	159.51	-17.56	149.15		1690	-6231	17155
1702157	165.70	-34.92	126.43		2484	-9178	13994
1702418	149.50	-70.19	-175.84		8928	-5231	12313
1702679	119.24	-17.98	-45.69		6026	1469	4199
1702936	-175.03	12.58	-5.22		2825	-320	1706
1703193	170.15	9.50	16.42		2809	-3510	1454
1703348	169.62	9.32	16.67		9991	-22401	-499
1703604	157.03	8.57	-1.11		3226	-1263	2013
1703860	130.72	-2.46	-29.43		4088	1087	2332
1704015	130.64	-3.69	-30.86		4118	1155	2472
1704272	76.92	-32.99	158.54		-5416	-8603	18227
1704531	19.63	6.39	63.94		-3785	5463	6925
1704685	19.67	6.86	61.35		2193	-15505	-8952
1704942	11.08	26.04	58.03		-4167	5599	7481
1705198	72.88	19.22	135.04		-5795	906	18270
1705354	74.84	17.10	138.06		-5567	421	18599
1705610	138.18	-36.31	-18.30		-532	1681	2891
1705868	-162.46	-13.31	18.38		103	-3842	1421
1706024	27.54	nan	-18.36		-11510	-22846	-11274
1706285	172.32	-22.42	34.14		-2328	-4478	2917
1706543	163.63	-0.58	31.37		1228	-5641	2538
1706800	177.78	-11.78	-1.74		867	-1510	1415
1707057	-176.30	-29.81	-83.69		1181	7599	9753
1707315	90.88	14.38	163.23		-2213	-1907	20685
1707574	-8.52	-10.59	39.67		890	3084	5042
1707727	-7.70	-12.92	36.73		978	2742	4710
1707981	-19.62	-23.99	-48.15		-1608	-7981	4087
1708241	-57.22	10.82	-21.60		-3822	-29	3221
1708498	-6.87	60.46	18.31		-7677	3288	9263
1708753	79.58	40.13	121.91		-7824	1460	15827
1709113	66.26	-62.36	146.19		-3416	-3531	10498
1709373	144.67	-49.38	-86.76		8989	4388	9989
1709530	38.51	nan	39.34		3073	26221	-20925
1709785	135.09	-26.54	-27.22		1126	4319	3106
1710043	101.91	-31.86	-21.63		4172	4184	1508
1710301	95.52	1.60	-12.67		2975	-2485	2558
1710454	96.41	2.15	-12.22		2913	-2464	2515
1710710	106.44	15.07	-5.04		2743	-4394	2976
1710866	107.07	15.11	-4.80		2788	-4309	2941
1711123	125.96	-14.27	-0.15		826	-744	1768
1711277	-16.85	nan	-34.70		9097	-20803	-11032
1711536	134.97	-12.88	-8.85		1657	536	1991
1711791	129.74	-14.64	1.03		441	182	2168
1711943	129.46	-14.87	1.45		368	131	2186
1712297	131.15	-26.15	4.18		-1188	1167	2119
1712453	131.21	-25.92	3.99		-1140	1134	2103
1712710	132.18	-19.96	2.10		-335	658	1858
1712864	132.22	-19.92	2.16		-351	642	1859
1713118	130.33	-17.27	4.00		-294	260	1747
1713271	130.39	-17.31	4.09		-342	268	1744
1713525	134.21	-17.34	5.86		-479	29	1571
1713678	134.33	-17.21	5.82		-394	31	1557
1713931	137.56	-19.14	11.08		-1351	-289	1847
1714189	135.23	-14.40	9.59		-1185	-668	1409
1714446	123.27	-3.90	-2.79		1307	-798	1609
1714599	122.22	-3.63	-3.39		1631	-750	1673
1714855	139.88	-16.70	-1.99		958	221	1623
1715009	140.00	-17.25	-1.45		775	176	1645
1715263	140.48	-25.76	0.41		-906	1412	2090
1715418	140.92	-25.95	0.38		-878	1440	1990
1715674	134.41	-18.86	-0.14		-283	989	1444
1715828	134.52	-18.77	-0.23		-204	987	1444
1716083	131.79	-16.96	-2.10		287	1103	1319
1716238	131.72	-16.82	-2.09		281	1057	1324
1716493	125.41	-10.99	3.15		526	-330	1207
1716646	125.13	-10.77	3.27		647	-359	1234
1716900	133.54	-8.69	3.97		299	-1173	1309
1717054	133.19	-8.91	3.77		400	-1113	1321
1717309	139.04	-11.07	7.95		-361	-787	1426
1717564	137.91	-9.38	5.48		291	-811	1387
1717716	137.92	-9.46	5.41		240	-836	1402
1717969	125.99	-15.00	5.50		-655	26	1334
1718122	126.12	-14.97	5.46		-699	42	1316
1718375	126.54	-15.38	1.69		-52	554	1316
1718729	124.67	-11.92	2.06		229	-72	1339
1718881	124.61	-11.98	2.19		181	-76	1326
1719135	121.26	-11.47	0.84		508	38	1195
1719285	131.99	-10.30	-0.01		13200	-19302	-7389
1719648	121.06	-12.82	2.13		231	120	1272
1719799	121.04	-12.81	2.21		209	105	1271
1720053	126.52	-10.84	3.39		388	-162	1289
1720307	134.05	-6.66	11.21		-52	-1562	1474
1720462	134.43	-6.35	11.67		-63	-1618	1479
1720717	149.13	9.50	25.74		2227	-6038	1120
1720871	149.74	8.92	25.43		2249	-6008	984
1721126	-169.23	7.56	-122.28		1599	-951	15702
1721385	-172.93	67.32	178.49		-6006	-3712	15345
1721647	-155.83	50.50	-162.29		-5159	-674	18045
1721908	-145.09	-12.62	-125.58		-838	5393	15739
1722169	-162.55	-55.37	-74.55		-2030	5682	7836
1722428	173.92	-78.30	-17.77		-6965	2474	8016
1722687	114.06	-80.78	63.71		-8269	-688	7871
1722945	114.69	-79.68	37.22		-8374	4834	6131
1723203	136.52	-68.88	13.40		-6711	3396	5380
1723360	1.21	nan	83.19		-1593	11638	11370
1723614	145.52	-54.42	1.97		-5620	3611	3472
1723769	-55.41	nan	-48.02		-32510	-1366	20571
1724027	145.21	-39.36	1.64		-4306	2654	1913
1724284	145.78	-32.40	1.01		-3564	2323	1320
1724541	145.70	-26.66	1.30		-3018	1825	916
1724696	145.70	-26.46	1.31		-2999	1805	904
1724951	146.91	-19.92	0.67		-2282	1447	535
1725106	146.92	-19.75	0.67		-2269	1421	529
1725362	146.94	-14.63	0.36		-1640	1027	314
1725516	146.94	-14.53	0.36		-26875	18313	-12547
1725777	147.12	-11.05	0.22		-1180	798	198
1726031	147.38	-9.39	0.38		-1029	643	159
1726184	147.38	-9.33	0.40		-1024	632	158
1726537	148.46	-7.25	0.63		-879	512	113
1726689	148.42	-7.21	0.65		-874	498	113
