2939744	-52.54	2.22	1.47		-64	132	60
2939891	-52.54	2.21	1.49		-63	137	59
2940140	-52.55	1.77	1.33		-34	73	56
2940286	-52.55	1.76	1.31		-41	73	57
2940534	-52.58	1.72	1.00		-96	-23	57
2940682	-52.58	1.72	1.01		-94	-23	56
2940931	-52.64	1.58	1.37		-63	265	44
2941078	-52.64	1.53	1.35		-68	251	45
2941326	-52.69	1.11	1.50		2	-31	54
2941471	-52.71	1.10	1.52		22	-56	56
2941719	-52.69	0.96	1.59		100	-119	60
2941868	-52.69	0.97	1.60		102	-111	59
2942117	-52.64	0.79	1.18		113	-123	53
2942266	-52.63	0.81	1.15		101	-108	53
2942516	-52.60	1.00	0.45		-94	-135	51
2942664	-52.60	1.01	0.44		-100	-127	51
2942915	-52.53	1.02	0.61		-24	-166	54
2943065	-52.53	1.03	0.61		-26	-152	53
2943313	-52.63	1.44	0.69		-96	-106	56
2943463	-52.63	1.45	0.69		-110	-86	56
2943712	-52.71	2.12	0.57		-211	-15	59
2943861	-52.72	2.14	0.57		-203	-17	63
2944110	-52.94	2.02	0.91		-168	16	58
2944258	-52.98	2.00	0.93		-163	-1	59
2944506	-53.18	1.60	1.37		-65	-12	61
2944654	-53.21	1.59	1.38		-56	-20	65
2944903	-53.34	2.03	1.67		-74	96	59
2945049	-53.34	2.05	1.68		-89	100	60
2945398	-55.74	2.01	2.72		53	154	77
2945545	-55.73	2.03	2.77		37	175	68
2945793	-56.76	1.55	3.63		474	273	68
2945940	-56.75	1.54	3.59		448	262	67
2946189	-56.34	1.02	2.24		172	29	57
2946335	-56.33	1.02	2.22		179	37	56
2946583	-55.65	0.62	1.13		42	-134	54
2946731	-55.65	0.62	1.10		44	-135	54
2946979	-48.27	1.17	0.72		-74	-84	51
2947127	-48.27	1.18	0.71		-70	-87	51
2947476	-50.46	1.08	1.08		-101	-71	52
2947624	-50.47	1.06	1.13		-99	-74	51
2947873	-50.41	0.97	1.61		51	-13	55
2948020	-50.41	0.96	1.60		46	-4	53
2948265	-50.27	0.88	1.39		81	-154	58
2948414	-50.29	0.89	1.40		64	-158	58
2948662	-50.41	1.70	1.73		29	97	55
2948807	-50.41	1.71	1.72		21	104	55
2949055	-50.35	1.36	0.32		-264	-138	64
2949204	-50.37	1.29	0.30		-234	-142	61
2949455	-50.24	-0.08	0.80		18	-407	63
2949604	-50.25	-0.09	0.86		45	-411	64
2949854	-50.67	1.33	2.03		189	-110	65
2950002	-50.68	1.37	2.06		172	-90	67
2950352	-50.64	2.60	1.87		-80	235	62
2950500	-50.65	2.62	1.84		-99	252	60
2950749	-50.79	2.22	1.45		-94	85	61
2950895	-50.79	2.22	1.46		-91	91	61
2951142	-50.90	2.08	1.33		-86	77	60
2951288	-50.90	2.08	1.31		-89	75	61
2951536	-50.85	1.98	1.33		-80	84	59
2951683	-50.85	1.98	1.33		-79	87	59
2951929	-50.87	1.76	1.46		-48	52	59
2952076	-50.87	1.75	1.46		-41	45	58
2952324	-50.85	1.73	1.51		-55	55	55
2952470	-50.85	1.73	1.51		-54	57	58
2952818	-50.92	1.43	1.98		19	101	55
2952965	-50.93	1.40	1.99		31	70	58
2953211	-50.97	1.02	1.82		124	-56	56
2953359	-50.97	1.01	1.82		141	-71	58
2953608	-50.95	0.67	1.45		62	-103	55
2953755	-50.94	0.65	1.46		62	-113	57
2954004	-50.89	1.37	1.53		23	16	55
2954149	-50.89	1.39	1.54		19	22	57
2954395	-51.10	2.26	2.14		-5	326	60
2954542	-51.10	2.26	2.16		13	311	64
2954789	-50.43	1.90	2.65		205	211	65
2954937	-50.46	1.90	2.65		221	217	60
2955186	-50.91	1.32	2.45		197	23	65
2955332	-50.91	1.34	2.47		194	56	62
2955580	-50.85	2.35	2.79		32	435	64
2955726	-50.85	2.34	2.81		32	432	67
2955974	-50.92	1.99	2.71		213	294	64
2956122	-50.92	2.00	2.69		201	298	66
2956370	-51.00	1.52	2.96		186	297	63
2956518	-50.99	1.52	3.00		190	311	63
2956767	-50.43	1.00	3.74		434	427	65
2956914	-50.40	0.98	3.73		443	421	64
2957163	-48.55	1.79	2.53		310	284	57
2957310	-48.55	1.84	2.51		281	248	62
2957559	-48.76	2.70	3.24		326	656	75
2957707	-48.83	2.73	3.22		338	646	76
2957956	-51.07	3.41	0.26		-309	448	76
2958104	-51.13	3.40	0.18		-342	453	73
2958354	-51.10	1.19	-1.93		-325	-79	66
2958503	-51.08	1.12	-1.98		-320	-96	65
2958754	-50.31	-0.32	-2.52		-330	-258	35
2958906	-50.35	-0.35	-2.46		-311	-268	46
2959159	-50.76	-0.67	-1.62		-193	-324	44
2959311	-50.79	-0.70	-1.58		-194	-332	47
2959564	-50.64	-1.35	-0.46		171	-475	50
2959715	-50.66	-1.34	-0.45		187	-457	49
2960068	-50.91	0.42	-0.76		-139	-137	37
2960219	-50.89	0.38	-0.77		-120	-171	42
2960471	-50.93	0.53	-0.32		-97	-215	52
2960620	-50.91	0.57	-0.31		-101	-195	50
2960872	-50.84	0.65	0.05		-36	-205	44
2961020	-50.86	0.62	0.06		-28	-219	41
2961270	-50.58	-1.17	-0.34		71	-410	54
2961420	-50.60	-1.24	-0.34		99	-442	55
2961671	-50.67	0.64	-0.73		26	0	30
2961816	-50.68	0.66	-0.78		-10	-138	38
2962067	-50.62	0.96	0.48		-91	-181	56
2962215	-50.64	0.99	0.53		-69	-166	56
2962465	-50.72	1.25	0.76		-113	-137	58
2962615	-50.66	1.19	0.78		-163	-94	71
2962865	-50.50	1.29	0.90		49	300	23
2963011	-50.30	1.26	0.89		10	247	42
2963259	-48.44	1.51	1.03		44	-127	65
2963406	-48.46	1.52	1.01		8	-124	61
2963653	-48.68	0.99	0.20		-145	-187	39
2963804	-48.56	0.98	0.22		-67	-193	40
2964052	-37.23	1.88	1.30		-263	-77	69
2964202	-37.24	1.87	1.35		-258	-91	69
2964451	-37.65	1.11	1.82		147	-24	59
2964599	-37.65	1.14	1.79		140	-58	63
2964847	-35.16	3.40	3.05		-367	526	81
2964996	-35.20	3.41	3.08		-347	498	85
2965245	-33.82	3.54	4.63		-68	856	101
2965395	-33.86	3.52	4.64		-35	844	111
2965644	-30.18	1.28	4.60		51	755	70
2965791	-30.28	1.16	4.62		108	785	60
2966039	-10.12	-0.11	1.77		179	141	-327
2966191	-9.06	-0.14	1.64		226	169	-295
2966441	30.82	2.41	-2.59		-76	-1028	-95
2966592	31.28	2.52	-2.62		-130	-1149	-102
2966846	-14.51	-1.61	7.51		386	431	948
2966995	26.37	nan	63.13		32474	-7996	29049
2967251	-59.85	-15.03	24.01		4397	-278	1603
2967508	-116.54	-29.59	34.64		4705	-6552	3254
2967767	-126.77	-39.00	24.05		310	-8149	3378
2967924	-126.81	-39.31	23.53		184	-8262	3375
2968181	-95.26	-34.91	3.08		962	-6425	3320
2968437	-71.33	-25.33	-0.27		2481	-4844	1997
2968594	27.91	-5.88	-36.44		-28411	18366	-19100
2968955	-67.46	-14.52	-17.45		-447	-4222	2596
2969315	-74.10	-6.52	-10.46		14	-3354	1526
2969469	-74.56	-6.11	-10.32		5	-3214	1487
2969723	-80.07	4.29	-7.49		28	-1734	1565
2969876	-80.10	4.58	-7.47		76	-1553	1552
2970129	-73.95	-0.01	-13.98		-297	-2724	2007
2970387	-54.03	-2.94	-26.41		-1795	-4604	1039
2970645	-38.89	28.32	26.92		-3225	-4043	2081
2970903	35.93	9.64	-158.99		1619	-3726	14703
2971060	37.40	9.82	-159.06		18864	-3005	-26310
2971320	49.51	49.76	-121.24		9337	-1430	13182
2971579	-111.94	79.35	57.86		9327	-605	7668
2971836	-117.62	44.75	15.59		5445	1728	3567
2972092	-111.90	31.94	-21.88		-2413	4158	2450
2972351	-103.41	33.78	-27.46		-3658	4973	2005
2972610	-97.90	28.78	-18.09		-1657	4176	1395
2972767	-97.58	28.38	-17.99		-1741	4092	1370
2973025	-92.10	17.91	-13.89		-1874	1970	677
2973282	-91.61	16.28	-11.28		-1536	2016	529
2973436	-5.44	nan	18.51		-6966	9631	16147
2973691	-90.62	14.43	-8.10		-1036	1826	382
2973845	-90.57	14.38	-8.01		-1003	1827	376
2974101	-90.13	10.46	-6.59		-992	1264	238
2974255	-90.11	10.38	-6.54		-983	1263	235
2974509	-89.28	7.51	-4.77		-727	717	153
2974659	-89.27	7.47	-4.72		-722	712	152
2974911	-89.16	7.37	-2.17		-381	811	129
2975063	-89.19	7.38	-2.08		-368	793	131
2975314	-89.18	6.52	-1.53		-173	829	103
2975566	-89.26	5.28	-1.45		-204	623	85
