3340966	-126.56	7.51	-15.14		-1328	2845	732
3341223	-127.95	9.13	1.90		1354	648	126
3341374	-127.69	9.17	2.97		1570	498	215
3341627	-99.08	-8.46	21.07		3171	-1691	1197
3341883	-93.23	-12.57	14.03		2562	-2422	438
3342140	-81.99	-11.56	17.07		3882	-1776	983
3342295	-82.24	-11.54	17.32		16260	-19758	-22246
3342658	-83.78	-7.92	9.60		3015	-1435	856
3342812	-83.56	-7.84	9.30		2978	-1457	846
3343066	-81.20	-2.65	-1.18		803	-1072	146
3343320	-88.34	2.63	-6.93		-469	-528	305
3343472	-88.67	2.81	-7.07		-631	-510	374
3343825	-97.66	10.50	-9.62		-365	1069	561
3343979	-97.99	10.67	-9.76		-361	1114	570
3344233	-96.17	12.00	-14.99		-1743	1663	541
3344490	-93.22	10.57	-14.84		-1683	1481	647
3344746	-93.78	9.42	-12.58		-1457	1318	471
3344901	-93.72	9.36	-12.40		-1442	1305	474
3345157	-94.55	9.67	-7.91		-579	1351	221
3345308	-94.63	9.66	-7.99		-614	1319	246
3345561	-97.62	5.09	-4.63		-224	720	109
3345813	-98.04	-0.73	-0.94		350	-507	117
3345966	-97.90	-0.87	-0.86		375	-509	154
3346219	-98.79	0.74	-0.57		547	-253	73
3346368	-98.85	0.86	-0.67		525	-270	60
3346619	-98.55	4.70	-2.60		236	509	121
3346768	-98.49	4.72	-2.63		8007	-19140	-22336
3347027	-97.38	2.51	-2.55		73	231	200
3347176	-97.70	2.45	-2.46		84	210	140
3347426	-100.60	0.19	-0.86		481	-407	-74
3347578	95.90	nan	-46.93		14564	30363	9692
3347833	-91.40	0.16	-2.20		124	-374	86
3347983	-91.41	0.23	-2.22		131	-372	123
3348235	-91.07	3.04	-6.21		-524	197	-5
3348385	-90.95	3.08	-6.34		-555	234	25
3348636	-92.56	3.88	-5.50		-189	351	295
3348787	93.31	nan	60.41		-10394	3869	624
3349040	-89.22	2.20	-7.30		-808	137	95
3349189	-89.16	2.14	-7.29		-827	133	111
3349441	-95.46	2.13	-6.84		-646	224	10
3349592	-95.61	2.20	-6.91		-661	245	17
3349842	-98.77	1.12	-6.21		-600	58	52
3349991	-98.81	1.07	-6.17		-593	40	45
3350241	-99.15	1.20	-4.17		-343	267	-26
3350391	-98.87	1.25	-4.09		-297	259	-19
3350643	-100.36	5.31	-4.25		-225	807	211
3350896	-98.43	4.17	-3.50		-304	1074	171
3351049	-98.40	3.94	-3.44		-189	831	231
3351301	-107.62	-1.93	0.97		310	-981	-16
3351452	-107.57	-1.84	1.07		14177	19080	-16789
3351712	-107.42	0.40	1.27		1008	-492	321
3351965	-109.05	-1.42	-5.02		-813	46	196
3352118	-109.26	-1.66	-4.97		-827	-41	170
3352372	-94.61	-5.03	-10.19		-986	-314	118
3352627	-80.64	-11.98	-21.02		-3361	-3292	1357
3352887	-62.16	-8.20	-16.04		-2164	-3442	1508
3353145	-37.58	-1.42	0.98		451	141	-6
3353294	-37.19	-1.47	1.40		515	189	15
3353543	-32.09	-3.48	11.24		1947	1022	866
3353697	-31.20	-3.39	11.26		1892	1045	865
3353951	-15.88	-3.01	6.51		885	579	-1021
3354103	-14.06	-3.39	6.54		811	389	-1004
3354356	-9.70	-9.24	1.59		2922	182	453
3354507	-9.63	-8.81	0.76		2606	-103	507
3354759	-13.14	2.06	-3.13		567	-1391	563
3355012	-24.58	3.19	7.93		395	1117	-130
3355162	-25.52	2.76	8.31		529	1199	-121
3355414	-38.44	-1.52	6.65		2257	484	319
3355566	-37.92	-1.26	6.36		2161	472	275
3355817	-40.41	6.86	-9.38		-793	-515	108
3356070	-69.50	11.97	-20.60		-2547	360	1610
3356226	79.36	-48.07	-30.93		21952	20840	-15235
3356589	-80.48	17.01	-5.29		-1443	989	656
3356741	-80.98	16.85	-4.47		-1270	1107	692
3356997	-115.04	10.85	11.87		2715	-1010	1621
3357154	-115.62	11.90	11.62		2645	-529	1693
3357411	-150.71	9.10	6.92		1979	-1226	303
3357563	-151.32	8.68	6.90		9925	-20135	28674
3357821	-160.86	9.67	-0.01		1509	14	242
3357973	-161.04	9.61	-0.21		1514	-27	232
3358226	-157.84	9.47	-3.18		1209	602	243
3358377	-157.74	9.54	-3.05		1220	548	225
3358631	-158.17	9.48	-3.18		1285	535	29
3358782	-157.85	9.30	-3.23		-25628	28074	5235
3359041	-125.47	3.34	-3.32		224	487	223
3359193	-172.41	-49.52	168.65		27414	-30587	-15769
3359457	-142.83	0.72	-2.56		95	-531	135
3359607	-143.01	0.73	-2.56		99	-548	108
3359859	-122.70	-1.82	-7.84		-1562	-582	629
3360116	-137.57	2.10	-4.64		14	71	37
3360264	-138.93	2.23	-4.27		71	122	-45
3360515	-129.15	1.65	-2.24		-95	-257	365
3360666	-127.86	1.66	-2.27		-77	-348	345
3360919	-113.74	-2.98	-3.58		-325	-1161	-192
3361177	-102.84	-7.48	1.14		593	-2173	520
3361431	-108.84	-0.14	-2.69		369	-1036	633
3361586	-109.59	0.30	-3.21		316	-943	654
3361839	-136.92	19.55	-26.31		-573	5192	1388
3362096	-122.81	12.35	-17.68		-1053	2794	842
3362354	-114.66	-0.43	-1.97		-398	-1157	432
3362610	-96.07	-3.50	7.81		1837	-1034	707
3362763	-96.09	-3.49	7.84		1847	-1004	737
3363017	-80.91	1.83	-5.64		-1124	-152	-224
3363273	-66.33	-1.60	-10.39		-1647	-1129	280
3363530	-60.39	-3.15	-8.34		-281	-1782	25
3363684	-59.72	-3.04	-8.34		-238	-1721	8
3364037	-76.66	-1.26	-3.47		-188	-643	936
3364191	-77.51	-1.30	-3.36		-170	-638	859
3364445	-81.91	-10.42	2.38		1115	-2607	374
3364700	-56.89	-7.30	7.60		1616	-1165	223
3364853	-57.19	-7.46	7.91		1698	-1135	266
3365107	-68.44	-4.65	8.69		2236	-1073	346
3365261	-68.95	-4.34	8.59		2246	-1043	339
3365515	-79.06	5.53	0.30		1561	46	680
3365663	-76.12	5.82	-0.37		1217	-176	581
3365917	-72.73	13.23	-8.12		-1344	688	-243
3366071	-73.64	12.99	-8.13		-1267	564	-417
3366327	-88.39	11.12	-5.31		-1227	1071	783
3366481	-88.31	11.27	-4.87		-32707	23494	9406
3366739	-94.94	13.79	6.56		1785	1509	973
3366993	-95.51	12.00	4.08		1119	1331	123
3367145	-95.00	11.87	4.05		1129	1296	206
3367399	-82.45	4.35	0.28		121	-571	-309
3367549	-83.18	4.22	0.18		-5641	26246	-29859
3367808	-120.28	-0.83	5.23		884	-1328	-338
3368062	-152.37	3.99	13.66		3516	-3389	539
3368217	-153.28	3.94	13.42		3763	-2948	515
3368472	-154.97	7.04	2.48		1210	-1216	452
3368626	-155.28	7.04	2.02		1214	-1093	446
3368981	-151.63	6.70	-7.71		908	773	-16
3369132	-151.26	6.72	-8.14		897	909	-9
3369382	-154.55	5.88	-14.74		-392	2225	440
3369537	-154.02	5.91	-14.60		26973	702	27126
3369795	-139.71	4.17	-18.79		-1838	2015	532
3370051	-134.94	8.23	-14.39		-804	1915	375
3370206	-134.83	8.34	-14.23		-947	10493	-27718
3370466	-143.18	0.49	-5.26		-666	359	209
3370719	-143.47	-2.83	-4.02		-1098	-413	-146
3370875	-163.07	-0.48	-175.10		4722	540	-2534
3371134	-153.21	8.90	-6.47		453	1305	489
3371387	-143.75	10.16	-0.80		628	1081	233
3371541	-141.45	10.12	-0.53		582	1148	267
3371795	-120.38	0.06	5.71		922	-1141	355
3372048	-109.80	-7.55	7.45		1539	-2478	-119
3372204	-169.71	-6.33	-177.82		-10338	-19020	-30656
3372469	-104.10	-21.63	15.37		2005	-4801	1719
3372728	-98.75	-21.98	21.44		3697	-5800	2034
3372986	-97.85	-14.32	18.27		3675	-4353	1255
3373143	31.78	nan	-30.24		-13613	5338	-25947
3373400	-94.60	-5.09	8.37		2323	-2196	1366
3373656	-84.37	-5.84	6.43		2152	-2087	1283
3373809	-84.79	-5.89	6.48		2180	-2140	1250
3374065	-97.16	-2.08	9.54		3226	-2416	1419
3374220	-96.94	-2.17	9.55		3318	-2532	1385
3374475	-90.77	1.51	-9.50		-281	-1694	1465
3374629	-90.93	1.46	-9.73		-303	-1614	1552
3374884	-85.67	-3.33	-12.75		-804	-2371	1759
3375142	-88.24	9.50	-14.78		-1124	-141	382
3375296	-87.90	9.84	-14.78		-1119	-74	254
3375651	-80.10	3.21	-16.58		-1148	-1749	806
3375807	-80.26	3.37	-16.43		-996	-1578	826
3376062	-86.46	3.57	-7.14		52	-1214	1734
3376215	-88.75	3.69	-6.99		77	-1020	1720
3376467	-97.98	3.60	-11.90		-561	-977	1501
3376722	-91.10	-0.63	-10.96		-736	-1922	1488
3376980	-71.15	0.16	-11.66		-186	-1980	1625
3377136	-71.33	0.07	-11.70		-201	-2006	1651
3377392	-117.66	11.70	-9.61		-188	-105	1240
3377649	-120.93	12.40	-6.08		117	-223	1436
3377803	-120.69	12.34	-5.78		132	-294	1458
3378059	-113.98	11.52	0.02		879	-756	1518
3378211	-114.32	11.33	0.05		875	-856	1531
3378567	-109.42	12.94	-9.32		-42	152	1513
3378720	-109.37	13.10	-9.49		-52	203	1516
3378974	-106.12	12.54	-5.95		704	195	1530
3379229	-97.60	8.58	-7.48		-164	-537	1410
3379382	-97.23	8.40	-7.57		-227	-615	1402
3379637	-90.39	3.70	-5.65		719	-1360	1814
3379789	-89.42	3.71	-5.79		628	-1436	1752
3380145	-34.37	6.83	-17.08		-195	-3431	-481
3380300	-34.07	7.87	-15.88		-390	-3298	-663
3380556	39.37	-8.46	-175.37		2803	-3104	16690
3380815	52.29	13.93	179.13		2127	2129	19695
3380971	52.06	10.53	176.53		-26142	3286	30291
3381230	-21.97	66.62	58.70		1041	7169	7629
3381486	-74.69	50.04	-7.36		-1890	4987	3667
3381742	-88.49	39.06	-35.05		-4893	3487	3066
3381900	-88.73	38.73	-35.49		-4931	3445	3057
3382157	-92.78	38.14	-37.49		-4833	4209	2860
3382415	-85.42	34.31	-28.79		-4375	3722	1195
3382673	-82.59	29.58	-21.33		-3361	3290	1600
3383031	-79.71	21.74	-15.23		-2587	2314	900
3383187	-79.58	21.54	-15.06		-2521	2307	882
3383444	-77.35	16.49	-10.24		-1919	2037	501
3383700	-77.06	12.48	-8.29		-1372	1075	330
3383855	-77.05	12.40	-8.23		-1369	1061	327
3384110	-76.75	9.96	-6.40		-1116	984	220
3384262	-76.76	9.88	-6.36		-1095	968	219
3384515	-76.56	8.12	-4.93		-827	763	158
3384666	4.44	-0.73	5.11		12924	29753	2310
