3252104	-85.62	3.34	1.16		267	173	209
3252252	-85.81	3.32	1.18		274	240	213
3252502	-98.44	-0.81	1.00		219	-174	-103
3252755	-100.05	-2.95	1.22		139	-1029	-8
3252908	-100.07	-2.85	1.17		132	-981	-9
3253159	-92.70	1.08	-1.55		-269	122	117
3253310	-92.72	1.09	-1.55		-256	113	127
3253562	-95.75	2.50	-0.95		-47	205	-147
3253814	-99.73	1.95	-1.46		-194	-63	65
3253964	-99.82	1.97	-1.44		-180	-43	60
3254214	-103.44	1.91	-2.39		-316	51	149
3254366	-103.39	1.90	-2.33		-303	45	157
3254618	-96.49	2.12	-2.69		-407	43	314
3254767	-96.28	2.14	-2.74		-461	29	268
3255018	-121.23	4.35	-3.11		-287	197	274
3255271	-110.92	3.68	-1.47		107	936	122
3255422	-110.93	3.35	-1.30		40	820	172
3255673	-111.11	0.72	-2.28		-597	148	13
3255824	-111.35	0.68	-2.19		-646	78	11
3256075	-116.55	-1.91	-0.63		-560	-352	-146
3256332	-119.63	-2.73	-0.27		-485	-963	-11
3256485	-120.19	-2.53	-0.31		-517	-884	7
3256840	-120.66	-5.77	0.55		-629	-1220	-41
3256993	-120.57	-5.78	0.58		-616	-1130	-83
3257249	-114.63	-3.17	0.93		-52	-896	142
3257401	-114.56	-3.08	0.82		-72	-903	113
3257654	-115.21	-1.51	-2.05		-376	-621	279
3257909	-109.51	0.46	-2.60		-344	-324	207
3258062	-109.18	0.57	-2.61		-318	-300	206
3258418	-107.31	-0.20	-0.23		-457	-579	183
3258571	-107.53	-0.10	-0.00		-411	-562	176
3258827	-85.73	1.53	-0.87		-341	-607	12
3258978	-85.12	1.79	-0.98		-369	-496	13
3259230	-81.36	-1.45	-2.81		-413	-1488	-208
3259486	-73.60	-1.20	-1.59		128	-1090	124
3259639	-73.59	-1.07	-1.62		91	-1071	126
3259892	-66.95	9.15	-0.42		-382	425	200
3260246	-78.38	10.93	1.07		-265	1480	342
3260397	-78.56	10.70	1.10		-215	1427	317
3260651	-90.54	4.64	-0.14		-290	385	109
3260802	-85.52	-61.60	-12.25		-13956	16035	-30700
3261065	-79.07	4.91	4.61		431	45	92
3261211	-79.09	5.10	4.79		467	45	75
3261459	-90.53	12.76	5.11		1316	1806	852
3261712	-89.38	11.99	5.44		1502	1958	168
3261864	-88.50	11.89	5.66		1440	1970	228
3262117	-86.90	3.35	9.77		2304	373	131
3262268	-87.28	3.06	9.64		2316	217	144
3262519	-98.29	-3.34	6.83		1577	-1360	173
3262773	-106.67	2.99	-0.39		383	98	109
3262923	-107.09	3.21	-0.77		380	157	123
3263175	-109.02	6.03	-10.43		-1565	1342	321
3263431	-136.48	-3.05	4.02		-1560	-978	-385
3263587	-138.89	-3.39	5.09		-1496	-1517	-434
3263844	-149.16	3.49	13.32		2058	-2538	792
3264100	-156.83	4.32	7.23		1541	-2075	335
3264253	-157.07	4.17	6.96		1511	-2049	361
3264609	-170.54	-0.04	0.29		274	-2219	153
3264761	-171.25	-0.07	-0.08		260	-2178	179
3265118	167.24	6.71	-2.33		441	-1603	733
3265270	166.41	6.86	-2.48		225	-1837	571
3265523	-165.03	11.68	-13.24		1323	1846	249
3265780	-140.32	7.20	-11.12		268	1827	304
3265933	-139.52	6.94	-10.90		369	1709	333
3266188	-132.65	1.13	-8.89		-342	802	-154
3266340	-132.71	1.05	-8.77		-323	762	-172
3266696	-122.97	-2.92	-12.27		-2002	593	386
3266851	-122.57	-2.87	-11.91		-2069	623	369
3267107	-94.48	-0.29	-5.00		-986	-302	-708
3267262	-94.96	-0.30	-4.76		14857	27195	-20962
3267522	-90.64	0.12	1.07		416	-180	-50
3267672	-107.37	-0.21	116.11		30269	-31034	21607
3267934	-93.45	5.42	2.54		971	730	276
3268083	-93.83	5.50	2.44		972	761	289
3268433	-91.34	3.36	-5.46		-542	665	46
3268583	-90.85	3.07	-5.57		-574	611	79
3268834	-81.27	-3.70	-5.01		-141	-507	388
3268987	-81.85	-3.83	-5.09		-155	-638	331
3269343	-78.93	-3.48	5.84		695	-259	707
3269493	-80.18	-3.74	6.35		821	-454	702
3269745	-80.67	0.11	8.20		1958	44	393
3269894	-80.11	0.15	7.76		1853	86	333
3270144	-85.08	2.21	-8.48		-1204	531	133
3270296	-84.71	2.24	-8.72		-1281	564	125
3270650	-90.38	4.06	-6.37		-864	1007	76
3270801	-90.45	3.92	-6.23		-847	979	100
3271053	-99.84	-1.00	-6.13		-639	-337	133
3271206	-100.92	-1.02	-6.24		-26998	6325	19034
3271467	-99.17	0.72	-6.31		-888	5	219
3271615	-99.04	0.79	-6.34		-966	77	268
3271866	-100.53	3.63	-3.54		-205	459	-192
3272120	-98.66	1.94	-2.31		-312	-127	235
3272271	-97.90	1.94	-2.22		-304	-153	208
3272524	-98.34	3.66	-1.12		72	237	157
3272674	-98.32	3.74	-1.11		75	276	181
3272924	-102.17	4.51	-2.09		-2	757	-23
3273073	-102.19	4.43	-2.07		-46	735	-103
3273326	-105.10	0.67	-0.09		254	-187	255
3273479	-105.14	0.65	-0.14		231	-197	240
3273732	-104.49	1.35	-1.93		-84	-44	123
3273882	-104.46	1.35	-1.92		-101	-60	71
3274235	-101.51	2.47	-2.03		-255	504	-44
3274387	-101.56	2.36	-2.02		-222	462	-31
3274640	-101.77	-2.66	-0.94		-64	-643	601
3274894	-99.86	-0.55	0.95		215	-418	335
3275045	-99.67	-0.39	1.07		259	-420	361
3275297	-88.40	2.84	0.33		-311	40	106
3275446	-87.94	2.95	0.44		-382	56	89
3275695	-113.00	-0.35	3.23		902	-1308	107
3275848	-113.10	-0.30	3.39		940	-1328	135
3276102	-82.87	-12.26	7.96		2642	-2215	1331
3276258	-83.66	-12.62	7.37		2419	-2310	1308
3276514	-70.24	-20.47	0.99		916	-3752	1231
3276668	-70.02	-20.56	1.61		11216	31603	-24747
3276929	-77.60	-15.00	19.97		5199	-2631	1811
3277187	-87.57	-5.79	14.52		2975	-1848	1084
3277443	-87.27	-4.08	13.44		3476	-1591	709
3277597	-86.62	-3.88	13.44		-19282	-759	-30683
3277857	-60.59	6.82	14.17		3558	1255	1285
3278111	-66.40	8.35	3.79		1200	545	937
3278262	-66.94	8.15	3.77		1308	526	955
3278513	-75.39	3.20	-5.07		489	-1199	741
3278664	-75.74	3.42	-5.28		389	-1021	806
3279019	-79.95	8.73	-1.98		999	246	547
3279168	-79.36	8.92	-2.23		808	366	536
3279420	-69.31	8.44	-12.26		-792	-268	1087
3279574	-68.90	8.56	-12.44		-864	-389	1042
3279830	-77.56	13.23	-12.77		-881	1018	733
3279983	-77.38	13.19	-12.74		-948	1006	743
3280239	-81.81	13.07	-9.29		-550	1051	391
3280392	-81.60	12.85	-9.16		-534	1023	404
3280647	-107.43	-1.05	-0.47		1392	-1403	673
3280802	-108.02	-0.84	-0.71		1002	-1597	639
3281058	-126.63	-2.26	-1.58		-96	-2186	938
3281213	-178.46	0.56	-177.76		-30903	-32153	21135
3281476	-126.66	-1.51	-26.37		-3400	1535	1290
3281735	-131.64	6.57	-22.45		-1647	1997	1132
3281892	-131.56	6.93	-22.05		6940	-17136	-6214
3282151	-126.23	17.16	-16.03		-360	1902	1007
3282409	-127.99	20.87	-16.25		356	2365	1389
3282666	-143.02	22.44	-14.61		2096	2341	1369
3282924	-136.76	17.10	-14.91		534	2204	303
3283079	-136.25	16.90	-15.01		482	2184	229
3283334	-135.66	9.05	-24.78		-1482	2780	1883
3283592	-112.19	7.35	-25.13		-3475	1499	1407
3283748	-111.62	7.42	-24.87		-3373	1515	1474
3284005	-114.68	16.15	-14.02		362	2186	-195
3284262	-115.04	12.12	-10.76		-1303	2049	-342
3284521	-125.34	5.60	-0.21		1222	-156	608
3284674	-125.82	5.44	-0.16		1314	-129	621
3284928	-110.48	7.39	-3.03		-70	566	237
3285180	-85.29	8.77	-5.48		-520	751	325
3285331	-84.85	8.87	-5.73		-531	781	334
3285583	-85.83	12.77	-11.19		-1385	1444	246
3285840	-90.76	11.88	-10.86		-1907	1546	662
3285995	-90.48	11.78	-10.76		-32516	30551	3684
3286255	-87.39	8.93	-6.55		-1291	1190	149
3286510	-84.98	9.22	-2.04		-829	1387	227
3286662	-84.71	9.24	-1.81		-810	1392	249
3286915	-87.32	6.27	-1.45		-677	787	-126
3287168	-91.59	1.86	0.74		457	-11	38
3287316	-91.86	1.76	0.63		418	-6	56
3287563	-97.36	1.11	-3.50		-303	148	159
3287713	-13.35	nan	14.37		-24877	7053	312
3287968	-109.08	3.79	-2.64		687	1182	188
3288120	-110.15	3.44	-2.92		672	1101	181
3288373	-89.02	-6.72	-5.94		-1587	-1806	-142
3288631	-74.59	1.37	2.91		-187	253	2
3288778	-74.63	1.64	3.27		-119	361	-38
3289029	-75.49	-3.60	6.47		926	-1106	396
3289181	-75.94	-3.69	6.49		-18835	-30622	-25990
3289442	-119.91	-5.28	4.32		600	-1796	-262
3289698	-153.50	-5.82	-1.01		-534	-827	465
3289953	-137.18	-0.96	-8.18		-751	429	521
3290106	-136.35	-0.79	-8.34		-817	428	527
3290360	-124.95	6.82	1.44		1010	259	150
3290612	-119.00	5.81	4.54		1091	375	-361
3290764	-118.68	5.61	4.62		1089	337	-286
3291018	-123.60	-4.74	7.18		684	-1828	499
3291272	-115.61	-1.61	0.63		138	-945	114
3291424	-117.29	-1.42	0.29		61	-811	220
3291676	-122.46	-4.51	-5.98		-1000	-1014	319
3291933	-124.48	4.70	-5.19		-409	276	316
3292086	-123.79	5.18	-5.25		-478	300	324
3292439	-111.01	9.99	-8.69		-697	1797	142
3292593	-110.43	9.76	-8.66		-806	1828	139
3292847	-107.05	2.13	-2.83		-216	97	-56
3293099	-100.09	3.71	-0.55		90	295	236
3293249	-99.95	3.76	-0.33		152	319	234
3293500	-89.83	2.45	7.48		1547	-164	338
3293650	-89.68	2.43	7.61		1586	-233	363
3293902	-82.93	2.28	7.85		1982	503	839
3294053	-82.98	2.07	7.56		2117	521	1016
3294305	-87.88	0.67	-8.51		-1380	-387	-226
3294560	-89.86	-10.17	-0.93		-500	-2308	263
3294817	-103.27	-13.16	8.83		1505	-2919	1036
3294973	-103.15	-13.08	8.84		27986	-7964	16903
3295233	-101.95	5.90	3.41		1552	264	610
3295485	-105.37	9.35	-0.51		855	789	163
3295636	-105.56	9.37	-0.50		809	903	202
3295888	-85.29	-14.81	7.48		1410	-3247	1435
3296145	-112.91	-22.71	26.33		3554	-5347	2874
3296404	-105.82	-17.33	17.26		2603	-3695	2277
3296763	-90.11	-17.74	2.19		1344	-3434	904
3296918	-91.24	-18.16	1.93		1212	-3611	889
3297174	-81.98	-18.66	-4.75		933	-4471	2645
3297330	-82.66	-18.56	-4.99		546	-3833	2408
3297586	-78.90	0.36	-23.95		-2530	-1843	1195
3297844	-70.54	8.44	-28.68		-3457	-1156	1620
3298101	-55.76	-3.68	-25.04		-1597	-3506	1651
3298258	-16.67	5.68	-36.75		22194	-30300	531
3298516	-48.93	-14.69	-15.74		1548	-4221	2252
3298776	-49.58	-16.69	-19.65		911	-5020	1992
3299033	-45.87	-1.09	-4.42		515	-2450	-354
3299187	-45.85	-0.19	-2.76		15553	26899	18186
3299446	27.39	17.39	179.23		4565	-962	16064
3299702	35.72	57.28	-165.03		9053	2479	15116
3299960	-85.68	60.17	44.11		6882	3795	6007
3300115	-85.44	59.03	42.84		6706	3892	5827
3300371	-89.93	38.47	-12.39		-1370	4332	2097
3300629	-92.52	28.11	-28.82		-2820	3164	1886
3300785	86.42	nan	-17.92		15574	-23582	-12125
3301044	-84.16	30.26	-28.16		-4566	3556	1620
3301302	-82.34	27.84	-19.25		-2636	3073	958
3301559	-84.38	23.74	-15.95		-2668	2739	1040
3301816	-81.72	19.86	-11.17		-1751	2897	668
3301971	-81.68	19.58	-11.05		-1653	2847	650
3302228	-80.89	12.62	-7.16		-1153	1566	303
3302383	-80.86	12.51	-7.12		-21145	11798	22005
3302642	-80.44	9.83	-5.41		-821	1063	208
3302896	-80.38	7.76	-4.22		-648	543	153
3303047	-80.34	7.74	-4.18		-635	533	151
3303299	-83.25	6.52	-2.47		-175	895	62
3303448	-82.98	6.55	-2.45		-351	900	103
3303700	-83.10	4.80	-2.22		-409	178	96
3303849	29.56	nan	64.70		-8698	20703	10027
3304105	-80.48	5.27	-2.34		-253	610	89
3304255	-80.54	5.28	-2.34		-220	655	84
3304506	-79.94	3.80	-0.56		-69	564	47
3304654	-80.00	3.70	-0.57		0	529	57
3304902	-79.61	1.31	-3.31		-513	-229	77
3305053	-79.61	1.30	-3.36		-506	-221	76
3305305	-79.27	-2.63	-4.42		-390	-850	105
