1929689	-67.28	1.62	-14.60		-2704	-150	4109
1929844	-66.78	1.70	-14.53		-2707	-147	4076
1930101	-43.62	-23.42	14.49		2092	-686	4562
1930459	-48.87	-10.91	4.87		-317	-150	3107
1930612	-49.35	-10.42	4.17		-473	-199	3062
1930868	-53.90	-13.30	3.41		337	-534	3657
1931021	-54.15	-13.10	3.23		352	-570	3685
1931376	-61.58	6.64	-7.92		-2125	763	3983
1931530	-61.26	6.16	-7.57		-2052	748	3995
1931784	-60.63	-16.45	11.88		1757	-668	3792
1932041	-56.02	-8.42	4.05		-281	-54	3134
1932192	6.62	-9.19	-1.01		-20904	-30214	-26560
1932452	-48.80	-9.03	6.20		109	85	3959
1932602	-30.57	nan	-7.79		-3561	-611	-30108
1932858	-49.76	-7.99	5.92		-198	271	3503
1933010	-49.65	-8.16	5.95		-191	259	3508
1933263	-48.76	-8.56	5.03		-171	20	3618
1933415	-48.87	-8.33	4.98		-186	36	3613
1933667	-48.53	-3.41	5.18		-613	551	3564
1933818	-48.42	-3.53	5.26		-599	555	3569
1934071	-47.84	-6.90	5.12		-335	262	3579
1934224	-47.89	-6.95	5.07		-332	250	3581
1934477	-47.18	-8.68	5.35		-156	61	3529
1934627	-47.19	-8.67	5.34		-159	66	3533
1934981	-46.31	-9.38	8.84		110	216	3486
1935132	-46.11	-9.48	9.07		131	231	3498
1935384	-42.20	-7.58	11.97		170	997	3776
1935536	-42.46	-7.28	11.75		116	973	3765
1935789	-64.82	1.86	3.45		-6279	3412	-611
1935942	-65.73	0.17	5.18		-7803	4022	-1098
1936299	67.68	4.74	12.16		-1132	253	5022
1936451	68.50	4.45	15.28		-1620	417	5009
1936704	56.91	19.99	8.05		-1862	-3189	3628
1936960	6.80	6.41	-21.93		-1403	-3167	4726
1937114	4.85	5.47	-23.01		-299	9125	-27367
1937370	-72.65	-18.33	-70.06		-5654	-2328	8919
1937630	-54.18	0.37	-84.15		-5344	-3263	9806
1937887	-19.70	29.51	-74.48		-3597	-4985	9328
1938146	33.02	44.78	-40.05		-854	-5020	6419
1938301	34.97	45.02	-38.43		-811	-4993	6369
1938558	78.09	23.07	13.00		-3339	-2209	5584
1938814	95.61	-11.66	20.72		-3123	2263	4716
1938970	94.89	-12.29	21.14		-3185	2340	4709
1939227	51.36	-8.62	35.72		-2842	2674	5459
1939382	36.90	nan	95.18		-17601	21655	-25427
1939639	90.79	-0.51	22.09		-2007	-727	4493
1939895	118.33	-8.60	13.78		-1427	-369	4169
1940049	119.52	-8.91	14.00		-22105	22445	-17057
1940412	-168.72	-22.47	-2.57		-2318	67	4261
1940568	-167.97	-22.12	-2.72		-2253	104	4279
1940826	-138.45	-13.19	-8.77		-1608	540	3781
1941083	-122.10	-12.52	4.14		-341	-368	3803
1941238	171.20	1.03	-172.99		2692	-3571	-32399
1941498	-91.53	-8.60	54.56		4948	410	6565
1941752	-83.82	-14.65	21.88		1594	-857	4934
1942009	-74.66	-9.13	-11.88		-2799	-1071	2698
1942167	79.17	nan	3.24		-6883	30987	-24978
1942422	-60.96	-37.47	37.87		4068	515	5550
1942577	70.74	nan	-25.40		9175	-29191	-26908
1942834	-66.62	-5.39	-1.21		-1679	-100	2655
1943090	-63.30	4.82	-6.75		-2950	978	3038
1943243	-62.49	4.38	-6.17		-2873	951	3080
1943498	-47.70	-22.94	15.68		1925	-616	4220
1943654	-47.40	-22.25	15.12		1789	-580	4231
1943910	-53.82	-4.17	5.45		-851	293	2868
1944062	-53.87	-4.07	5.55		-867	323	2896
1944416	-51.13	-7.42	9.19		-114	401	3280
1944568	-51.16	-7.42	9.13		-119	393	3276
1944821	-50.21	-6.75	8.34		-294	329	3202
1945074	-48.00	-6.45	8.74		-262	425	3261
1945227	-47.96	-6.46	8.74		-266	429	3258
1945480	-46.76	-8.50	8.16		-227	99	3189
1945630	-46.70	-8.57	8.24		-18625	-11678	19315
1945890	-51.78	-2.53	3.18		-1195	983	3284
1946144	-78.11	4.40	-5.02		-2329	1870	2144
1946299	-79.24	4.29	-5.08		-2382	1927	2061
1946555	83.50	-6.45	-35.37		312	2058	9743
1946707	86.84	-10.64	-27.02		-1153	2601	9209
1946966	143.44	67.49	146.51		-7445	-3356	13678
1947226	-61.37	49.89	-38.59		-6280	-421	7750
1947484	-127.64	8.28	-6.62		695	3670	4446
1947636	-131.25	6.45	-5.82		872	3424	4474
1947891	-169.31	-52.79	-14.97		-5297	1563	6515
1948151	-143.90	-48.45	-46.78		-5266	3186	7068
1948411	-130.79	-31.72	-48.01		-4701	2584	6189
1948672	-93.96	-23.10	-39.65		-4297	-720	5262
1948930	-87.55	-13.37	-29.88		-3477	-59	4401
1949086	28.11	nan	30.64		5379	32449	-2486
1949340	-85.59	5.00	-28.97		-3391	2096	4272
1949698	-67.64	-1.61	-35.40		-4063	190	4909
1949853	-67.05	-2.80	-35.99		-4044	39	5003
1950108	22.02	-43.23	-90.49		1928	-5563	8004
1950366	97.04	-51.74	-142.06		4786	-4738	11871
1950626	113.95	-69.55	-140.30		8396	15	11174
1950783	97.68	nan	40.39		-3676	-6628	-11450
1951039	32.96	63.53	-66.02		-684	-10366	12864
1951298	111.19	59.08	52.47		-5553	-6005	9715
1951556	106.14	36.70	55.84		-6347	-5088	8414
1951814	133.70	26.86	44.00		-1579	-5675	6956
1951971	133.93	26.74	43.54		-98	1211	-4348
1952227	164.50	20.13	19.85		2522	-2820	5035
1952483	-165.89	11.43	10.77		2315	-412	4195
1952638	-165.14	11.11	10.60		2284	-390	4179
1952896	-150.97	-0.88	16.87		911	-1280	4294
1953152	-126.52	0.07	35.17		2551	-2265	4457
1953307	-124.89	0.42	36.20		2632	-2168	4607
1953564	-91.61	-3.59	36.84		3427	400	5431
1953718	-91.99	-3.89	35.12		3224	282	5318
1953972	-97.23	-16.11	1.93		-2530	97	3369
1954125	-96.81	-16.90	2.81		-2549	210	3465
1954380	-134.63	-41.12	112.51		7238	-4113	12424
1954641	-120.72	-39.60	84.85		6968	-5022	9062
1954900	-100.36	-7.19	17.74		308	885	4139
1955054	-99.83	-5.78	15.50		-177	1175	4108
1955309	-84.12	9.35	-4.72		-2278	2373	3642
1955464	-83.59	8.88	-4.19		-2337	2249	3664
1955720	-79.46	-5.16	19.52		1132	716	3331
1955872	-79.80	-4.96	19.26		1109	715	3288
1956127	-73.76	4.07	-1.51		-2554	1577	2979
1956281	-74.00	3.61	-1.30		-2406	1426	2974
1956537	-79.91	-8.73	5.04		-722	-205	3313
1956689	-79.83	-8.86	4.89		-737	-232	3308
1956944	-76.59	-5.49	1.87		-1218	38	3165
1957197	-76.20	-4.06	4.52		-891	330	3186
1957349	-76.15	-4.06	4.57		-882	333	3190
1957602	-75.07	-5.67	3.85		-933	89	3243
1957854	-75.02	-7.60	4.96		-648	-115	3194
1958007	-75.03	-7.61	4.97		-641	-120	3195
1958261	-71.63	-7.24	7.78		-397	72	3145
1958513	-69.53	-8.19	11.29		138	269	3593
1958666	-69.65	-8.19	11.25		159	263	3592
1958919	-86.90	-7.19	7.32		-202	243	1991
1959173	-101.34	3.85	91.73		-6427	-3158	15186
1959532	66.40	8.96	7.11		-2587	105	4576
1959683	68.54	9.57	10.69		-2942	152	4466
1959937	48.67	41.78	-1.99		-1871	-5777	5325
1960193	-5.14	21.14	-33.87		-3034	-4749	5712
1960451	-81.31	-6.55	-46.79		-4443	-1911	7142
1960710	-84.32	-9.81	-61.15		-5939	-623	7771
1960865	-84.44	-9.79	-61.67		-5909	-568	7833
1961123	-79.98	-7.16	-65.40		-5650	-920	7421
1961380	-75.16	-3.80	-53.74		-4649	-973	5915
1961638	-70.73	-1.73	-44.53		-3603	-888	4622
1961795	-70.64	-1.67	-44.35		-32441	25511	6523
1962055	-70.28	-1.09	-48.51		-4181	-1060	4648
1962313	-73.11	-0.23	-51.81		-4557	-676	5366
1962571	-70.53	2.94	-43.91		-3905	-469	4102
1962827	-69.66	2.91	-35.20		-2983	-34	3253
1962982	-69.64	2.81	-34.93		-2955	-39	3226
1963237	-66.10	-4.29	-23.91		-1190	-741	2466
1963595	-65.46	-5.95	-16.94		-261	-577	2212
1963751	-65.46	-5.91	-16.81		-259	-542	2209
1964007	-66.29	-5.06	-15.20		-144	-354	2152
1964264	-67.45	-3.59	-14.55		-167	-55	2109
1964418	-67.52	-3.56	-14.51		-173	-51	2105
1964674	-67.05	-3.44	-13.53		-9	-45	2091
1964825	-67.06	-3.42	-13.53		-11	-52	2084
1965079	-48.39	-0.80	-13.51		-616	-628	1925
1965335	-32.17	9.15	-2.25		-790	2430	2505
1965489	-31.49	9.37	-1.84		15116	25857	-7131
1965747	20.64	2.03	12.44		-1761	3221	3293
1966001	20.98	1.83	11.42		-1919	2773	3301
1966154	20.92	1.80	11.35		-1920	2761	3304
1966408	18.42	-0.14	5.29		-1230	2088	3245
1966663	17.48	0.15	1.85		-1064	1694	3235
1966815	17.42	0.17	1.73		-1063	1670	3238
1967169	14.93	-0.57	-2.95		-639	1038	3249
1967323	14.95	-0.60	-2.94		-630	1049	3246
1967577	16.35	0.91	-2.00		-930	1098	3432
1967830	-3.09	6.41	-2.93		-1377	1711	3881
1967983	-6.24	6.90	-3.37		-1350	1564	3907
1968237	-15.12	22.64	-1.67		-2063	2026	4295
1968393	-14.32	22.76	-1.68		-2108	1972	4349
1968650	24.98	33.36	-38.76		-1741	-4240	4820
1968908	-10.69	33.60	-106.29		-1002	-7171	9746
1969168	-68.89	30.70	-155.94		-2994	-3074	15241
1969429	-159.46	16.78	128.06		-591	-3135	15465
1969689	176.98	-18.54	91.50		-1666	-7021	11990
1969949	159.96	-17.40	56.70		-3019	-5374	7654
1970207	-173.49	-11.60	32.68		-715	-3785	5281
1970466	-176.11	-11.13	30.91		-833	-3773	5621
1970725	-177.22	-18.27	22.82		-1943	-2674	4815
1970985	179.51	-17.76	14.21		-1798	-1522	4580
1971245	-178.96	-12.05	8.26		-1124	-1019	4211
1971503	-170.43	-5.97	1.06		-291	10	4077
1971655	-170.80	-5.75	0.88		-304	42	4089
1971908	-179.22	2.68	-3.55		856	774	4108
1972161	-179.83	2.98	-2.44		703	656	3963
1972314	-179.57	2.96	-2.23		667	655	3960
1972567	-148.67	11.08	58.47		2224	-2717	9620
1972825	-107.27	16.16	135.55		4612	-2954	15911
1973085	-98.53	25.74	167.84		1219	-4495	16236
1973344	31.88	52.43	-59.07		1314	-4928	11503
1973601	87.96	-0.83	-17.22		2262	1904	4168
1973755	89.53	-1.48	-16.43		14265	-19678	16740
1974016	107.20	-5.95	-5.72		665	1158	4223
1974270	28.71	-10.39	-10.28		3134	-1537	4668
1974528	54.92	-9.35	6.04		366	1247	4079
1974679	55.79	-9.24	6.58		312	1262	4070
1974931	68.32	-8.44	13.64		-855	1299	4246
1975085	-73.36	0.57	-4.05		-1890	2574	-293
1975340	74.69	-3.75	1.52		426	212	4189
1975489	74.39	-3.55	1.36		429	181	4208
1975741	67.03	-0.58	0.96		403	-264	4064
1975891	67.23	-0.67	1.05		398	-244	4079
1976245	59.77	-0.57	1.27		233	-252	4098
1976395	58.82	-0.43	1.22		232	-304	4096
1976647	71.71	1.11	0.32		436	-353	4034
1976798	72.43	1.09	0.29		446	-315	4047
1977049	80.24	-0.81	-0.89		611	-105	4127
1977201	80.93	86.60	38.43		-15598	-2356	14094
1977459	79.57	-2.28	5.22		-252	219	4141
1977812	90.54	-1.68	6.87		-328	13	4055
1977962	91.12	-1.75	6.89		-323	5	4067
1978212	158.97	-7.89	3.48		-650	146	4083
1978364	161.08	-7.78	3.26		-555	182	4056
1978617	-164.85	-2.04	9.64		-112	-109	3854
1978873	-140.34	-1.06	37.71		1627	-1453	5555
1979130	-106.21	-1.92	103.19		6390	-1683	12546
1979390	-87.37	-4.44	129.64		6024	457	14066
1979546	-86.87	-4.33	129.31		-10267	-29369	-15455
1979809	-92.36	-5.29	113.48		7035	110	11676
1979965	-92.58	-5.58	113.15		7066	49	11617
1980221	-101.70	-17.95	99.81		7944	-1936	9811
1980480	-95.00	-17.85	87.12		8137	-1092	7822
1980737	-90.01	-12.96	70.51		6932	-356	5558
1980893	-90.08	-12.79	70.05		6959	-357	5444
1981150	-91.65	-12.60	55.83		6598	-1570	3781
1981407	-92.96	-6.68	45.01		5444	-1329	2617
1981562	-93.36	-6.23	44.64		5427	-1336	2610
1981819	-136.99	61.90	-34.83		-1592	11839	9037
1982080	-101.76	65.82	-22.68		-3584	8948	7095
1982339	-41.61	42.02	27.61		-3689	5744	4336
1982595	-30.98	10.13	49.42		233	6224	3818
1982748	-30.94	8.91	49.58		349	6170	3841
1983001	-25.44	-14.20	47.33		3196	4689	3151
1983258	-14.73	-3.39	42.30		688	6234	2459
1983613	-59.23	-6.87	17.14		1619	-383	999
1983767	-59.25	-6.92	16.82		1716	-482	1103
1984022	-48.83	-13.68	13.56		1944	-22	420
1984176	-48.94	-13.65	13.45		1982	-85	446
1984430	-44.67	-8.85	10.85		1549	-204	659
1984684	-43.87	-13.72	10.55		1428	295	766
1984837	-44.69	-14.39	10.36		1490	103	770
1985091	-67.64	-31.49	4.70		1509	-4754	1536
1985247	-68.12	-31.24	4.64		1377	-4725	1513
1985504	-93.85	-2.09	-0.91		-638	-1274	1077
1985760	-90.28	32.31	-30.77		-6395	5132	4602
1985916	90.44	nan	42.51		4092	-29915	13318
1986172	-140.88	19.39	-69.50		-5499	7740	8920
1986432	-105.82	11.73	-38.34		-6819	3286	4783
1986690	-42.38	5.18	12.13		-1955	2820	1622
1986844	-43.30	4.26	13.40		-1663	2774	1741
1987099	-57.37	-0.46	20.29		130	1877	1915
1987253	-57.55	-0.07	19.69		40	1822	1837
1987506	-106.72	2.11	-36.04		-6774	2925	4376
1987662	-107.80	1.66	-37.23		-6834	2896	4574
1987920	-100.72	-9.53	-38.89		-6546	829	5109
1988178	-82.10	-29.74	1.88		-525	-2785	3851
1988536	-62.70	-4.65	-22.64		-4478	-1409	3281
1988794	-71.94	-8.90	-12.84		-3151	-971	2935
1988951	-71.65	-9.50	-12.24		-2978	-1071	2980
1989210	-70.51	-18.83	-12.88		-2608	-2244	3683
1989470	-61.27	-14.51	-5.13		-1399	-1460	3235
1989728	-51.71	-6.83	-1.75		-1583	-157	3515
1989985	-52.81	-2.51	-7.04		-1853	-891	3150
1990139	-79.25	nan	36.59		19470	16764	-23375
1990397	-80.34	-52.61	61.44		-4400	-2380	12569
1990658	-137.24	-24.11	154.15		5908	-2084	17793
1990919	-108.06	-50.81	117.15		7324	323	10484
1991178	-84.06	-51.03	90.65		7981	777	8190
1991434	-105.28	-50.27	81.76		6369	-3645	7820
1991692	-140.03	-23.98	99.21		7302	-6014	10456
1991952	-141.61	-5.69	99.47		7436	-6327	10610
1992211	-142.36	-3.55	87.63		6702	-6611	9046
1992469	-143.35	-1.80	73.87		6423	-6298	7084
1992626	-143.44	-1.73	73.39		-1820	-26820	2476
1992886	-144.97	-0.87	56.18		5755	-5513	4938
1993143	-145.86	-1.73	45.40		4986	-4802	3748
1993401	-145.77	-2.62	34.68		4310	-4361	2984
1993658	-148.20	-1.48	17.29		2824	-2172	1683
1993916	-148.10	0.54	2.41		2049	348	1097
1994068	-148.18	0.52	2.04		1999	389	1080
1994321	-122.84	12.03	-7.71		465	2365	2858
1994577	-35.38	18.05	2.55		-4104	4239	2644
1994732	-33.57	17.21	2.96		-4001	4199	2496
1994987	-19.52	49.31	-18.79		-8045	445	7655
1995344	-24.70	62.03	-5.90		-7511	3160	7802
1995500	-25.64	61.36	-5.39		-7340	3343	7720
1995757	-67.39	33.34	8.53		-62	5119	5411
1995910	-66.76	33.10	8.45		-77	5093	5371
1996163	-62.79	24.76	-14.23		-2570	2521	4574
1996319	-61.42	24.53	-14.92		-2673	2405	4565
1996577	2.04	20.91	-21.17		-3176	-2035	4422
1996833	45.60	4.49	-36.15		1416	-2753	5219
1996988	46.32	4.01	-37.17		1642	-2859	5265
1997244	76.21	8.41	-26.50		1281	-2090	3968
1997398	75.66	8.27	-26.62		12571	-14356	-10931
1997658	78.56	8.78	-25.34		1232	-1661	3814
1997914	79.54	10.06	-17.94		272	-1803	3379
1998270	80.59	2.98	-15.74		211	-644	3409
1998423	80.55	2.87	-15.69		210	-613	3405
1998675	78.11	4.39	-13.49		-104	-837	3255
1998929	81.42	3.41	-12.56		-281	-626	3332
1999083	81.64	3.30	-12.48		-283	-600	3357
1999438	79.89	5.26	-2.32		-1261	-561	3546
1999591	79.29	5.59	-2.20		-1222	-621	3564
1999846	58.92	4.45	-36.22		-1210	-1177	4656
2000102	89.26	1.74	-118.05		9699	96	16629
2000357	103.38	12.51	-98.46		7741	1343	9111
2000513	104.24	11.96	-97.20		7641	1504	8875
2000769	106.52	8.93	-71.81		7207	1887	5420
2001125	70.85	-9.98	-78.30		7084	-3194	7306
2001281	70.65	-11.80	-79.12		7254	-3110	7527
2001539	54.70	-73.22	-86.73		9174	-3284	10118
2001798	-24.94	-67.96	-9.25		8271	-2758	7415
2002056	-27.09	-48.47	-7.84		6445	-2761	5055
2002313	-21.09	-38.57	-14.11		5368	-2463	3741
2002470	-54.46	nan	-47.75		11361	-8632	18298
2002728	-12.47	-30.70	-14.69		5204	-1766	3390
2002987	7.26	-20.39	-10.32		3111	540	2500
2003241	42.11	-9.18	-37.98		3666	-1636	2964
2003397	43.86	-8.37	-39.36		3702	-1701	3029
2003653	126.30	14.10	-74.83		5663	5163	6665
2003910	172.90	13.74	-71.36		1194	9328	5387
2004066	173.83	13.61	-70.36		1093	9210	5233
2004323	169.44	-1.24	-45.80		-203	5864	2885
2004579	168.15	-8.25	-46.22		-723	6447	2906
2004734	168.06	-8.55	-46.23		-731	6455	2897
2004992	161.02	-15.48	-36.39		-1314	6070	2518
2005251	129.23	-3.25	-12.33		-196	2831	1264
2005406	173.05	-3.85	-176.44		-19980	16726	32143
2005668	103.77	6.69	36.56		-6680	-1149	3149
2005824	103.16	6.16	37.73		-6914	-1015	3292
2006080	66.16	-6.81	73.75		-8521	4268	8400
2006235	49.59	-84.85	49.48		-15878	-6076	5174
2006494	106.84	24.74	55.56		-6694	-2941	6643
2006752	134.04	23.17	64.99		-6148	-5024	8128
2007009	138.93	-1.92	66.86		-7102	-4827	8021
2007267	137.96	6.33	46.81		-4858	-4370	6506
2007422	48.82	nan	40.30		-14118	-27020	4315
2007678	141.23	11.06	31.74		-3299	-3556	4532
2007937	141.42	13.01	24.49		-2535	-3178	3991
2008195	147.50	16.09	11.58		-800	-2163	3772
2008350	147.82	16.09	11.09		-738	-2053	3754
2008606	149.26	6.11	8.17		-1763	-976	3708
2008760	149.15	5.82	8.47		29960	-17384	13225
2009018	137.36	13.92	13.78		-4901	-1239	3604
2009276	12.03	58.54	-150.82		3989	-3588	15929
2009535	-7.86	60.58	-173.83		7451	-2281	12388
2009794	24.04	80.80	-146.14		7886	-1809	9371
2010051	111.62	79.08	-56.10		7391	-2001	7613
2010209	68.51	-18.27	-25.34		27702	7015	-18675
2010469	139.77	61.99	-24.58		6855	-1836	4905
2010726	146.25	49.68	-15.29		5872	-1434	3068
2010984	147.33	44.46	-13.26		4923	-1703	2517
2011242	116.50	42.72	-20.27		3980	-3806	2938
2011500	63.92	28.63	-56.96		6773	-5159	5175
2011656	62.75	27.82	-57.96		-14616	3487	7364
2011913	47.41	3.15	-56.72		7020	-4830	5176
2012169	48.30	-4.86	-44.55		5502	-3724	4728
2012324	49.31	-5.37	-44.08		-24614	24039	19464
2012584	50.30	-49.43	-47.04		9825	-356	8600
2012840	83.00	-62.59	-42.16		7257	5269	9056
2013097	121.80	-52.38	-21.89		-334	8248	7038
2013356	132.90	-10.28	-8.34		-322	3889	4098
2013510	132.77	-8.23	-7.78		-165	3515	3994
2013766	150.51	30.20	7.72		2215	-2414	2435
2013921	149.99	29.54	7.03		2159	-2256	2440
2014177	110.43	-21.72	-13.86		1586	4992	5161
2014434	108.14	-42.05	-6.41		-576	6417	6346
2014589	109.18	-42.41	-5.91		-683	6332	6353
2014846	170.98	-40.56	-1.35		-6006	2114	5270
2015105	-159.97	-4.39	13.88		-1594	-285	4693
2015362	-136.74	23.01	38.66		3661	-1058	4686
2015519	-136.39	22.75	38.42		-17235	-30825	21409
2015781	-140.85	-3.51	12.00		-1381	-1284	3197
2015939	-158.52	0.16	179.79		1324	-13927	-10862
2016301	-135.71	2.19	22.30		146	-1764	3463
2016455	-135.86	2.46	22.62		189	-1747	3460
2016711	-131.66	2.23	14.27		-158	-619	3007
2016865	-131.32	2.07	13.90		-219	-596	3003
2017121	-125.36	-0.27	9.42		-778	-677	3378
2017274	-125.33	-0.18	9.50		-750	-668	3379
2017530	-127.25	2.53	11.88		-289	-423	3112
2017685	-127.32	2.50	11.85		-299	-428	3103
2017940	-127.86	2.40	11.59		-436	-376	3020
2018095	-127.85	2.42	11.61		-426	-374	3024
2018350	-127.18	4.38	10.72		-270	-72	3083
2018503	-127.15	4.39	10.61		-286	-58	3082
2018757	-123.88	3.76	8.39		-818	-13	2990
2018910	-123.77	3.88	8.50		-810	-4	3002
2019162	-129.63	7.86	9.66		310	517	3607
2019312	-130.20	7.60	9.33		255	531	3617
2019665	-167.38	-13.94	24.00		-6919	1362	1140
2019924	49.29	8.81	-111.87		5911	-6674	16217
2020081	50.96	4.60	-106.22		4948	-5859	15693
2020339	-2.32	27.21	-15.39		-4177	-3767	5146
2020596	-34.72	-2.33	-38.70		-2788	-5275	5234
2020855	-113.31	-30.80	-42.45		-5959	-1644	7818
2021116	-139.53	-33.88	-42.92		-5618	2362	7001
2021377	-127.10	-25.29	-31.50		-3945	-140	5556
2021637	-130.40	-14.39	-22.73		-2226	259	4575
2021895	-133.85	-9.45	-20.87		-1904	568	4387
2022153	-126.07	-8.19	-18.90		-1975	885	4525
2022511	-110.12	-4.41	-4.33		64	-504	4109
2022665	-109.17	-4.19	-4.10		103	-507	4123
2022920	-111.28	7.48	-4.33		21	1262	3931
2023071	-111.28	7.71	-4.50		2	1280	3927
2023324	-94.21	13.55	-4.72		-169	1686	4469
2023579	-52.62	16.48	-0.99		-934	1752	4127
2023734	-51.41	16.59	-0.87		-987	1722	4100
2023989	-32.65	26.39	7.93		-1772	2501	5110
2024143	-32.63	26.80	8.50		-1750	2594	5114
2024399	-4.10	22.38	37.52		-1306	4281	5634
2024554	-3.33	21.61	37.87		-1219	4263	5609
2024809	27.44	0.29	45.41		-1535	4152	5766
2024963	28.02	0.08	45.45		-1571	4170	5745
2025217	44.79	-0.65	36.04		-1664	2931	4597
2025371	44.69	-0.32	35.51		-1639	2878	4554
2025627	21.77	18.47	9.19		-1688	-948	3800
2025781	21.22	18.61	8.77		-1684	-960	3774
2026035	-11.75	4.86	-22.81		-1443	-4565	4793
2026191	-11.03	3.61	-23.05		-1377	-4547	4823
2026449	113.84	-78.44	-111.03		6248	376	12311
2026708	174.84	-11.83	171.06		37	-4078	16354
2026966	-177.81	35.16	107.95		-1761	-6898	11697
2027227	163.72	39.55	64.70		450	-4725	6332
2027483	-159.69	5.12	140.48		1972	-2621	18273
2027843	21.01	-24.60	-58.06		1724	-5285	7843
2028000	69.18	36.76	-21.40		-2760	4678	30491
2028257	3.40	18.52	-6.13		-2224	-1771	4557
2028513	40.28	12.07	16.30		-1908	241	3984
2028666	41.33	11.54	16.63		-1869	285	3979
2028920	81.86	0.30	15.64		-731	579	3628
2029072	82.34	0.36	15.56		-727	571	3614
2029324	105.63	-1.36	10.15		-328	363	3658
2029477	163.52	2.92	164.16		-2602	-22966	-28958
2029839	68.50	12.15	25.97		-3789	-1234	3519
2029995	69.04	11.68	25.57		-3671	-1113	3450
2030252	153.58	-12.71	-2.88		-952	2695	4362
2030508	169.33	4.40	-4.59		118	1760	3750
2030660	169.81	5.54	-4.12		298	1634	3753
2030913	-112.95	50.26	49.71		5213	2286	6386
2031170	-119.91	23.94	31.04		2849	960	3999
2031526	-118.59	-0.45	17.18		126	-1155	3206
2031682	-118.47	-0.19	17.65		169	-1097	3272
2031939	-121.26	3.29	24.47		1035	-920	3028
2032094	-136.87	15.88	-134.99		8894	2604	4284
2032353	-125.14	-2.43	14.79		-519	-1350	3055
2032610	-122.61	1.69	12.67		-272	-695	2935
2032865	-116.78	6.39	12.62		-94	591	3039
2033017	-116.91	6.28	12.71		-73	532	3041
2033270	-140.54	-4.77	4.38		-1871	59	2693
2033525	-170.83	-12.67	12.53		-3636	1111	2121
2033784	127.94	34.07	34.09		-4595	-5327	6908
2034143	95.01	-2.63	11.99		-174	1715	3054
2034295	94.29	-2.96	11.17		-53	1789	3037
2034549	59.49	-1.44	-15.61		3023	-1529	3961
2034805	54.11	6.88	-12.54		3287	-2108	3974
2035061	52.70	16.89	-1.14		217	-2201	3147
2035215	52.57	17.07	-0.83		129	-2174	3150
2035570	62.57	7.55	-0.40		923	-1166	3426
2035722	63.86	6.84	-0.26		912	-1092	3449
2035976	127.39	-30.59	2.44		-2044	3363	4997
2036232	-168.65	-45.20	-13.67		-5324	1950	6106
2036492	172.48	-36.77	-0.02		-4133	2024	5134
2036750	136.77	-17.16	11.49		-1350	831	3668
2036905	24.42	nan	23.83		-15108	-3667	5865
2037160	118.42	-5.09	6.20		-90	609	3575
2037311	119.74	-5.32	5.91		-94	629	3502
2037564	161.52	-18.00	7.96		-1262	1440	4144
2037820	175.42	-6.21	10.88		-655	-732	3130
2038076	-174.31	4.03	18.37		1252	-892	3717
2038231	-172.93	4.09	19.05		1260	-889	3720
2038486	-113.31	10.77	71.52		5794	-2901	5510
2038642	-142.71	-25.90	160.07		-14397	-26633	31038
2038907	-34.81	28.10	112.67		4077	6022	12380
2039164	12.87	26.40	129.16		-894	7530	13775
2039321	15.16	26.44	129.83		-879	8103	13846
2039577	-49.99	50.25	58.77		934	6452	6381
2039731	-86.33	nan	0.14		-28344	3293	-19827
2039987	-68.51	30.16	23.64		-2	4890	3379
2040139	-69.04	29.49	23.54		-865	-11147	-31859
2040399	-64.05	8.47	51.06		4654	3464	3036
2040653	-56.71	-0.48	60.44		4946	3249	4638
2040808	-56.98	-0.88	60.79		4999	3065	4676
2041064	-61.30	-7.38	61.35		7101	2391	4909
2041218	-62.45	-8.60	61.38		-13360	-3739	-2247
2041478	-46.72	25.09	46.78		1940	6260	3786
2041734	-7.47	17.66	54.64		-2427	9398	3486
2042090	45.52	-17.70	30.27		-2124	6141	2329
2042246	46.71	-17.82	29.22		-2065	6096	2216
2042503	45.90	-2.07	5.31		765	-143	329
2042652	45.99	-1.50	6.11		514	-138	367
2042903	64.54	-1.57	34.81		-5718	1902	1578
2043158	78.27	-6.88	38.11		-5370	2555	2119
2043313	78.21	-6.51	38.39		-5396	2418	2224
2043569	85.37	-12.75	40.03		-7161	2146	2479
2043724	74.59	7.08	103.04		-25608	-5419	8802
2043982	90.96	-11.91	18.55		-4601	2529	1309
2044238	75.65	6.54	13.03		-3509	-568	1300
2044392	75.65	7.02	13.77		-3558	-627	1407
2044646	22.87	25.22	67.26		-5640	9236	7940
2044801	21.35	25.81	68.04		-5332	9371	8011
2045057	-30.46	36.68	76.95		4060	7274	10118
2045212	-35.68	nan	-50.66		9423	30181	26720
2045468	-8.36	32.61	84.16		1550	8189	11653
2045724	43.30	30.79	77.26		-4514	6195	10070
2045880	43.39	30.98	76.83		-4440	6377	10153
2046137	14.32	28.54	46.57		-3133	5229	6729
2046393	57.86	30.36	44.85		-5855	823	7167
2046545	61.22	30.30	45.01		-5980	419	7206
2046800	137.39	51.94	43.17		-1283	-5997	6984
2047058	-159.24	77.08	78.68		3539	-5448	9940
2047316	-176.79	33.31	52.26		1252	-5437	6229
2047574	-165.75	0.55	39.47		-1303	-4887	4905
2047832	-160.11	13.67	36.85		2021	-3772	5042
2048090	-154.21	13.75	33.06		1101	-3168	4561
2048246	-154.07	13.75	32.90		1155	-3145	4500
2048503	-156.80	5.50	20.55		-124	-2090	3489
2048760	-157.43	6.63	17.32		-78	-1523	3350
2048915	-157.56	6.55	17.29		-86	-1545	3354
2049170	-152.35	10.28	13.45		124	-730	3172
2049325	-152.23	10.54	13.34		152	-706	3170
2049581	-161.26	15.99	4.76		479	1098	3555
2049733	-162.23	15.64	4.70		409	1097	3525
2049988	162.81	7.30	20.69		-2619	-1592	2352
2050144	162.25	7.76	21.28		-8160	-390	-6901
2050401	30.72	-51.62	-90.17		3277	-7185	12484
2050659	-50.05	-1.46	-33.60		-2865	-3201	5104
2050918	-87.58	-29.27	-48.52		-5721	-4591	8248
2051178	-168.32	-39.01	-24.34		-5118	1506	6348
2051438	179.14	-25.11	-8.30		-3519	977	4892
2051694	176.06	-13.36	4.12		-2061	-263	4406
2051850	176.20	-13.02	4.52		-2011	-295	4412
2052107	177.18	-12.31	10.56		-1088	-866	4409
2052364	168.30	-16.03	8.28		-1881	-273	4335
2052519	168.51	-16.00	8.22		15544	32244	21670
2052779	-172.19	-8.13	7.20		-657	-950	4181
2053035	-143.94	-3.47	5.24		-506	822	4006
2053187	-141.64	-3.41	5.61		-472	777	3975
2053441	-21.54	4.26	28.53		630	3172	4464
2053594	-20.36	4.45	29.45		525	3313	4517
2053848	-97.81	-27.68	114.92		6237	537	12114
2054106	124.00	-34.09	-143.43		4550	-151	15264
2054365	24.52	9.98	-76.99		-605	-6275	8917
2054621	-16.88	10.04	-55.89		-2546	-5660	7956
2054879	66.67	9.19	-22.86		2530	-1599	4745
2055033	69.31	9.38	-21.34		2503	-1418	4635
2055289	126.32	27.64	14.11		633	-2965	4938
2055444	126.78	28.48	14.55		707	-2978	4999
2055699	-129.93	71.12	77.96		5789	-2666	9357
2055957	-165.45	33.90	31.24		2739	-1910	5850
2056114	-166.89	32.13	30.07		-23834	24246	19356
2056476	164.91	14.99	16.55		597	-1756	4566
2056631	164.68	15.42	16.58		616	-1723	4546
2056887	157.49	16.08	1.16		996	273	3619
2057038	157.31	15.99	0.95		1066	340	3627
2057291	158.22	9.69	6.09		-249	21	3406
2057441	158.22	9.59	6.26		-160	-44	3410
2057794	-175.61	0.30	3.97		-1317	1088	3218
2057949	-175.71	-0.11	4.38		-1333	1002	3260
2058206	-175.09	-32.67	1.94		-5226	763	4324
2058361	177.12	2.75	-177.71		-5535	-6038	31465
2058621	178.64	63.67	15.05		7035	-1929	7856
2058877	178.23	40.32	-2.37		3050	1789	4735
2059133	-170.21	30.45	7.58		2276	111	3801
2059287	-169.96	30.03	7.82		2287	37	3800
2059641	-170.48	15.34	11.39		564	-304	2992
2059796	-170.49	14.84	11.27		468	-314	3001
2060051	-170.42	5.19	10.00		-1089	-517	3085
2060207	-170.28	5.43	10.11		-1068	-552	3135
2060464	-171.34	5.44	9.19		-779	-380	3113
2060617	-171.26	5.24	9.11		-3894	-13279	12476
2060875	-170.10	5.48	8.61		-741	-246	3015
2061130	-170.00	7.08	8.12		-523	-168	3008
2061283	-169.93	7.16	8.11		-516	-158	3005
2061638	-162.21	17.58	9.31		779	168	3210
2061791	-162.11	17.82	9.34		816	176	3220
2062044	178.38	-2.80	2.61		-1678	1177	3299
2062300	155.06	-27.38	15.55		-4577	1748	3085
2062558	-149.93	74.49	118.39		18	-10087	16293
2062817	128.76	63.38	28.91		-1348	-4667	7183
2062973	126.07	62.00	26.25		-14803	30388	28395
2063234	40.29	57.90	-33.29		534	-6728	5802
2063489	27.75	43.90	-36.64		24	-6637	5130
2063642	-30.25	21.51	-59.08		9395	6522	-5277
2063900	39.38	9.44	-27.74		4168	-3148	4009
2064155	53.31	-9.09	-24.09		4276	121	4123
2064309	54.26	-9.83	-24.01		4339	263	4180
2064563	70.39	-35.84	3.47		2092	4803	5463
2064716	69.91	-36.40	4.89		1999	4907	5521
2064971	89.67	-37.61	27.20		-2672	4533	5342
2065228	103.49	-36.92	15.55		-1430	4009	5568
2065485	118.52	-36.63	10.51		-2480	4216	5244
2065743	123.48	-29.07	11.29		-2291	2856	4379
2066001	109.32	-17.20	15.91		-1224	2206	4001
2066158	109.09	-16.62	16.35		24311	30841	-12325
2066521	96.92	16.03	7.00		430	-969	3673
2066672	95.85	17.12	6.45		428	-1012	3771
2066925	77.11	31.17	-4.28		839	-3194	4836
2067179	59.37	31.40	-15.19		700	-3826	4858
2067334	58.52	31.30	-15.83		725	-3847	4887
2067590	38.41	27.35	-43.78		2616	-4205	6474
2067745	38.23	27.47	-44.74		-839	-1792	14727
2068003	23.98	23.05	-107.70		4038	-4937	10963
2068262	44.32	15.47	-152.59		3318	1328	15762
2068519	72.50	4.24	173.32		-698	1623	17181
2068674	-84.00	26.65	112.40		20465	-792	26684
2068933	131.83	-17.62	149.98		-1760	-2186	16106
2069194	151.14	-1.75	141.11		-2837	-2684	15560
2069556	-178.58	35.17	137.58		-3697	-4987	12972
2069817	-178.12	45.44	103.84		-1532	-6748	10007
2070078	165.84	47.33	72.34		-620	-6306	6956
2070335	163.96	47.03	56.99		805	-6345	5424
2070490	163.98	46.89	56.41		817	-6246	5412
2070745	-177.85	52.59	52.83		3935	-5432	5411
2071003	-179.56	53.91	49.52		4277	-5274	5364
2071159	179.77	53.75	49.10		-12560	28523	8141
2071418	140.82	31.97	21.05		811	-3991	1987
2071674	142.83	14.09	11.42		165	-1134	779
2071828	143.14	13.61	11.32		119	-1064	785
2072082	141.41	15.59	21.88		-867	-2402	1330
2072239	141.18	16.02	22.31		-19674	-15381	13814
2072500	139.01	23.58	24.59		-472	-3993	1605
2072756	141.81	17.12	10.54		704	-1572	782
2073011	138.05	11.68	7.87		187	-743	612
2073161	137.79	11.58	8.04		137	-770	615
2073414	128.76	10.73	17.71		-1522	-1925	770
2073670	125.63	9.09	17.72		-1869	-1736	696
2073825	125.64	9.01	17.57		-1852	-1716	686
2074080	129.51	5.91	6.93		-761	-403	346
2074231	129.71	5.90	6.64		-723	-372	338
2074483	133.65	9.06	2.80		209	-239	400
2074633	133.54	9.21	2.90		212	-273	406
2074885	116.55	11.55	9.57		-872	-1116	470
2075139	84.57	-6.38	21.53		-3347	2949	1843
2075293	83.13	-7.44	22.13		-3410	3190	1907
2075548	41.19	-58.07	76.59		-3713	9055	10164
2075806	-0.71	-51.79	112.17		-1809	8212	13996
2076065	-5.05	-50.13	122.97		-1996	8019	14659
2076425	24.80	-53.87	82.54		-1341	8088	11437
2076581	-77.45	nan	-84.60		-24746	13819	20059
2076840	-4.06	-21.16	25.53		3994	3516	4864
2077095	-12.18	-8.13	5.42		2640	-108	3421
2077249	-12.39	-7.65	4.98		2592	-133	3395
2077503	-29.78	-8.47	-13.50		1331	-2863	3825
2077660	-74.48	4.02	-10.55		-9822	3933	-31537
2077919	9.07	1.86	-5.14		1043	-375	3874
2078069	-65.64	nan	-7.55		15328	19631	-21331
2078327	8.46	0.06	7.87		1259	534	3841
2078476	8.74	0.60	8.12		1214	543	3883
2078726	22.03	15.66	28.92		-1827	3431	4140
2078982	20.51	9.89	29.00		-578	3176	4102
2079133	20.69	9.91	28.92		-586	3131	4081
2079387	24.79	10.03	22.83		-722	2129	3603
2079641	24.93	10.05	17.49		-323	1374	3450
2079795	24.92	10.14	17.35		-305	1325	3443
2080049	26.61	11.35	13.20		-568	1125	3100
2080202	26.46	11.26	12.82		-519	1119	3101
2080558	8.26	9.23	-6.17		393	-1230	3135
2080709	7.72	9.06	-6.54		431	-1271	3137
2080961	5.02	7.62	-15.33		677	-2071	3785
2081113	4.42	7.54	-15.49		680	-2049	3758
2081367	-4.29	1.21	-14.51		1193	-2338	3831
2081521	-4.23	1.17	-14.26		1208	-2310	3823
2081776	-10.37	1.18	-7.57		1127	-1201	3395
2081931	-10.56	1.05	-7.55		1144	-1247	3401
2082186	-28.98	-2.22	-18.18		0	-2639	4184
2082339	-29.47	-2.45	-18.61		-55	-2755	4181
2082595	24.47	-9.93	-13.42		2430	-1177	4919
2082751	25.68	-10.25	-13.27		9262	-23975	-16275
2083012	30.46	-20.41	-28.64		2880	341	4771
2083268	56.56	-13.52	-84.77		5454	-3267	9789
2083525	59.31	-19.18	-82.52		6597	-1886	9443
2083783	-9.78	-20.51	-35.04		1360	-2865	4528
2083940	3.84	-13.81	-36.60		-7263	4007	11912
2084197	6.23	9.59	8.08		-1191	2552	3164
2084348	7.99	9.76	8.26		-4081	30753	-1526
2084602	21.34	-12.69	-37.97		2616	-2435	5579
2084860	14.38	-13.69	-50.50		2659	-4577	5621
2085017	13.33	-13.31	-48.97		2571	-4453	5553
2085275	31.51	10.34	22.66		-3047	4137	3926
