156715	0.00	-0.21	-0.21		-943	-1820	-5733
156968	-0.57	-6.56	9.48		-2170	-4731	610
157222	-1.36	-10.57	15.82		-1614	-3858	888
157376	-1.39	-10.71	16.04		-1592	-3831	902
157632	-2.52	-15.07	23.15		-1022	-2925	1368
157787	38.52	nan	3.41		-5745	20273	26286
158040	-3.30	-18.09	28.02		-648	-2331	1765
158194	-3.32	-18.15	28.11		-644	-2318	1770
158450	-3.64	-20.19	31.15		-425	-1969	2058
158604	-3.64	-20.23	31.21		-423	-1964	2064
158860	-3.60	-21.74	33.10		-286	-1744	2264
159014	-3.60	-21.78	33.14		-6050	28616	-23689
159272	-3.30	-22.94	34.27		-214	-1600	2404
159528	-3.00	-23.58	34.72		-181	-1538	2466
159683	-2.99	-23.59	34.74		-180	-1532	2468
159938	-2.42	-24.45	35.11		-142	-1462	2535
160093	-2.41	-24.47	35.13		-3080	13228	-25960
160352	-1.72	-25.23	35.23		-117	-1418	2584
160607	-1.24	-25.68	35.21		-110	-1391	2607
160761	-1.22	-25.70	35.21		-108	-1389	2608
161016	-0.43	-26.36	35.06		-101	-1364	2630
161171	-0.41	-26.37	35.06		-29979	29181	22459
161430	0.42	-27.00	34.81		-97	-1347	2643
161683	0.98	-27.39	34.61		-94	-1349	2650
161836	1.00	-27.41	34.60		-96	-1348	2651
162088	1.85	-27.97	34.27		-88	-1337	2657
162341	2.44	-28.34	34.02		-89	-1330	2658
162494	2.46	-28.36	34.00		-92	-1334	2656
162747	3.35	-28.90	33.62		-79	-1316	2665
162898	-8.47	-54.03	27.21		9830	25474	-24077
163156	4.28	-29.45	33.19		-86	-1324	2666
163409	4.89	-29.81	32.89		-85	-1326	2668
163562	4.91	-29.82	32.89		-86	-1327	2669
163815	5.83	-30.34	32.43		-84	-1329	2667
164169	6.69	-30.80	32.01		-87	-1329	2670
164322	6.71	-30.82	31.99		-88	-1329	2670
164575	7.65	-31.32	31.52		-84	-1322	2673
164828	8.28	-31.65	31.19		-86	-1322	2673
164980	8.30	-31.67	31.18		-88	-1322	2674
165233	9.25	-32.16	30.68		-85	-1321	2669
165486	9.90	-32.47	30.33		-89	-1320	2673
165639	9.93	-32.49	30.31		-87	-1323	2673
165892	10.91	-32.96	29.78		-85	-1321	2670
166146	11.56	-33.28	29.43		-84	-1326	2671
166299	11.59	-33.29	29.42		-85	-1326	2670
166654	12.87	-33.88	28.71		-87	-1324	2672
166808	12.89	-33.89	28.69		-87	-1324	2671
167062	13.90	-34.34	28.13		-86	-1323	2672
167317	14.58	-34.64	27.74		-87	-1324	2671
167470	14.60	-34.65	27.73		-87	-1325	2672
167725	15.66	-35.09	27.13		-89	-1321	2671
167878	15.68	-35.10	27.11		-87	-1320	2670
168132	16.74	-35.55	26.50		-85	-1323	2670
168286	16.77	-35.56	26.49		-86	-1320	2670
168540	17.82	-35.98	25.87		-86	-1323	2673
168794	18.53	-36.25	25.46		-83	-1312	2672
168947	18.56	-36.26	25.43		-85	-1312	2672
169201	19.63	-36.66	24.80		-96	-1313	2672
169355	19.66	-36.67	24.79		-95	-1314	2671
169710	21.05	-37.18	23.95		-82	-1312	2673
169864	21.07	-37.19	23.93		-80	-1318	2674
170219	24.51	-35.97	21.60		-353	-1595	2268
170374	24.54	-35.94	21.52		-486	-1609	2349
170629	18.21	-32.00	28.90		-9	-805	2654
170780	18.44	-31.50	29.16		-262	-855	2727
171034	19.34	-22.45	21.38		-3262	-2488	1005
171291	13.64	-33.74	14.83		-173	-4188	1903
171546	-24.47	-50.24	30.05		4346	-4846	4609
171702	-25.88	-50.31	30.44		4373	-4972	4586
171959	-72.69	-21.62	24.36		517	-7337	2614
172112	-74.03	-20.63	24.23		10278	25580	20653
172371	-76.06	-16.67	17.89		-493	-8109	997
172627	-98.91	-7.48	21.45		-1252	-8390	1893
172782	-1.84	nan	-15.95		-28170	-28985	-18728
173041	-124.72	6.53	25.88		-785	-8368	1671
173296	-134.83	21.94	20.50		1190	-5537	689
173451	-168.15	0.53	165.49		3640	-23716	8896
173709	-129.62	22.42	13.34		-771	-5232	1726
173966	-121.92	32.09	14.02		419	-3846	1824
174119	154.55	-5.14	152.37		22524	17226	-12534
174380	-117.58	40.33	11.46		293	-2061	2625
174636	-111.73	43.18	11.63		80	-1626	2717
174789	-102.18	-67.71	100.88		18491	-27405	21117
175051	-104.21	44.74	15.59		378	-1203	3084
175206	-104.22	44.71	15.64		395	-1220	3079
175462	-100.97	45.92	18.59		369	-857	3276
175614	-100.80	45.87	18.77		408	-880	3271
175869	-102.61	45.21	14.25		-249	-705	3059
176024	-102.70	45.19	14.14		-255	-699	3056
176279	-98.45	44.67	17.13		-17	-639	3070
176432	-98.25	44.63	17.23		-6	-641	3071
176684	-97.16	43.95	15.56		-609	-509	2994
176937	-95.86	42.92	18.34		-158	-789	3035
177091	-95.80	42.94	18.45		-133	-776	3034
177345	-88.95	39.29	22.90		294	-1363	2745
177600	-112.67	40.64	20.81		1359	-2759	1562
177857	-172.40	21.67	8.80		-586	-6756	1985
178012	-173.53	21.16	8.30		-790	-6722	1931
178267	150.22	31.43	-7.35		911	-8356	1218
178420	148.96	31.34	-7.85		907	-8482	1166
178674	82.93	2.20	-23.24		674	-7516	1632
178827	80.51	0.96	-22.99		709	-7340	1664
179080	54.79	-29.36	6.68		-1227	-291	1462
179334	2.89	-1.75	14.47		-3089	-2959	834
179486	0.38	-0.68	14.36		-3072	-2993	875
179739	-40.95	-4.27	8.07		-2021	-5905	939
179993	-37.96	-16.20	44.05		1548	-2571	5257
180149	-37.32	-16.56	46.17		1801	-2208	5536
180406	-49.78	-21.14	81.71		6213	-429	9762
180661	-37.98	-22.42	80.01		3845	385	10065
180815	-37.71	-22.51	80.45		3813	583	10206
181071	-21.12	-24.85	109.11		-961	2324	14857
181228	-60.68	nan	42.99		4890	15795	-9098
181482	-10.04	-21.44	96.67		-1335	1978	13581
181740	-19.19	-22.28	69.42		64	1398	10869
181894	-18.70	-22.74	68.19		-8	1400	10992
182148	-10.16	-26.28	42.51		783	-1690	7269
182403	16.84	-22.48	43.66		-2089	885	7430
182556	-81.03	26.23	118.35		10489	-8985	25335
182815	48.53	-7.15	3.11		-2671	-3624	4876
183069	35.20	-14.56	31.08		-3641	-352	5327
183224	34.73	-14.84	32.08		-3681	-222	5355
183480	61.06	-12.63	15.22		-4354	-1959	4192
183736	71.65	-10.28	1.99		-2502	-2969	4216
183890	70.83	-10.81	2.28		-2509	-2919	4227
184145	3.64	-23.84	31.61		208	-1389	5600
184298	2.65	-23.63	32.44		262	-1366	5646
184551	-6.02	-14.18	39.44		-71	-1538	5834
184806	-3.68	-13.87	36.74		290	-1416	5909
184958	-3.69	-13.95	36.45		290	-1445	5861
185314	-5.06	-12.44	31.03		32	-2550	5221
185466	-4.92	-12.40	31.08		13	-2529	5238
185719	26.25	-15.73	25.39		-1605	-1380	4984
185975	74.51	-17.26	3.68		-2828	-1948	4244
186130	58.27	nan	-11.36		9930	-1058	-13774
186385	118.64	-4.12	-18.56		-2034	-2704	4390
186643	108.28	-36.38	-0.27		-6031	-739	5423
186799	108.99	-36.90	-0.29		-15675	-17175	20805
187060	129.05	-1.16	-36.65		-675	-2058	5273
187316	133.43	7.37	-34.62		-600	-2632	5160
187572	132.74	-11.73	-25.07		-3225	-1986	4339
187830	139.20	0.54	-33.36		-1704	-1974	5275
187985	139.24	1.23	-33.75		-1573	-2005	5268
188242	125.97	29.52	-44.56		535	-3532	5097
188396	41.10	nan	44.21		4106	-1260	5385
188649	97.74	68.00	-77.11		4037	-6387	8278
188804	96.42	68.25	-78.02		4112	-6432	8239
189059	146.25	53.57	-47.56		2429	-2700	6016
189214	145.90	52.78	-48.78		2313	-2336	6029
189471	165.76	-11.74	-42.11		-5903	811	5431
189727	162.79	-22.29	-34.71		-6542	89	4813
189882	162.48	-22.06	-34.57		-6514	88	4860
190138	152.31	-12.16	-31.09		-4187	-810	4739
190395	143.73	-11.06	-34.10		-2969	-998	5065
190552	143.63	-11.15	-34.42		-2939	-942	5108
190810	142.65	-5.80	-39.06		-2012	-949	5425
191066	143.56	-0.21	-39.50		-1865	-1129	5555
191424	144.02	0.25	-39.17		-1739	-1238	5615
191580	143.96	0.12	-39.04		-1750	-1241	5590
191837	123.52	38.52	-38.59		-5684	-290	7714
192093	-21.68	23.67	138.38		520	-2137	15364
192248	-20.60	23.03	137.34		643	-1742	15456
192505	4.09	25.85	149.65		-51	-1076	17277
192659	4.48	24.47	150.93		18707	119	6833
192912	-13.04	-13.58	157.58		-2359	-2375	18251
193172	-18.86	-25.50	143.69		-1885	-770	17463
193431	-13.14	-31.35	119.37		-1957	769	14878
193588	-12.65	-31.61	118.49		12300	25906	-22307
193950	68.83	-33.51	76.83		-8852	266	9495
194103	69.89	-32.53	75.99		-8946	138	9358
194358	69.25	-2.56	50.03		-8333	-2337	4972
194613	61.93	-9.37	40.57		-6630	-1205	3626
194869	56.21	-14.94	30.81		-4707	-733	3188
195023	56.06	-15.07	30.45		-4644	-755	3168
195278	25.04	-49.57	39.52		788	1885	7918
195431	22.80	-50.75	41.11		956	1945	8181
195684	-11.00	-48.95	100.62		-1495	2449	12945
195943	0.28	-46.40	104.76		-3204	2199	13340
196200	52.09	-52.99	88.36		-9137	201	11959
196556	133.49	-4.83	38.88		-8453	-7293	5238
196712	134.30	-2.87	38.38		-8260	-7447	5108
196968	149.13	32.60	9.71		-1560	-7606	3160
197324	116.27	31.65	-19.39		107	-7425	2044
197479	116.34	31.42	-19.97		246	-7387	2052
197735	112.41	23.16	-29.53		1251	-5166	2141
197891	111.76	23.57	-29.59		18217	6884	-1499
198149	117.40	21.39	-23.88		1488	-6002	1886
198405	120.53	13.36	-29.74		992	-4412	1984
198559	120.54	13.16	-29.98		-15514	-20325	-5565
198922	120.96	2.89	-32.61		1112	-3130	2066
199075	121.17	2.77	-32.85		1161	-3072	2078
199331	124.25	-0.02	-32.52		158	-2658	1675
199486	124.31	0.13	-32.50		166	-2698	1644
199740	131.32	2.28	-29.30		-13	-2705	2237
199894	131.39	2.39	-29.20		-29	-2762	2221
200147	130.56	0.48	-33.12		38	-2691	2097
200400	135.29	-30.52	-15.24		-5991	-1483	3590
200659	109.45	-68.92	14.98		-10243	1720	8049
200816	-94.40	-3.69	9.18		-7264	-5539	-25253
201074	116.11	-48.85	-5.64		-6369	419	5765
201329	116.30	-42.32	-4.24		-7411	-429	5784
201485	97.92	-19.62	24.73		25740	-28402	31450
201744	112.49	-29.33	-14.54		-4636	-1049	4579
202003	109.98	-28.73	-17.31		-4035	-1113	4717
202262	110.99	-26.07	-24.27		-3053	-1266	4918
202520	112.24	-24.15	-28.67		-2379	-1190	5224
202779	107.16	-25.29	-21.74		-3317	-1258	4743
203038	109.95	-21.87	-23.87		-6428	-1490	2910
203297	79.25	51.60	-145.50		-1063	-917	18600
203554	115.22	76.44	-117.52		1959	-391	10134
203711	154.06	1.98	-117.37		7362	19878	3888
203968	82.19	71.83	-126.30		3787	-2879	10873
204226	30.87	52.98	-171.06		4973	-4250	14997
204484	9.34	38.15	166.25		3567	-4069	16770
204639	9.08	37.82	165.63		3520	-3981	16790
204894	6.92	27.37	137.39		912	-911	16742
205046	6.41	27.28	136.26		889	-833	16663
205300	-8.09	24.98	103.16		459	1118	13255
205554	-13.34	24.75	84.66		2	1573	11253
205706	-13.79	24.74	83.89		-10	1524	11128
205960	-22.11	20.07	62.19		63	797	8052
206110	-22.28	19.91	61.80		64	766	8001
206361	-24.67	15.46	50.26		-78	-4	6589
206511	-24.75	15.36	50.03		-76	-28	6559
206763	-26.35	11.72	42.45		-89	-813	5675
206915	-26.40	11.62	42.29		-87	-832	5660
207168	-27.19	8.67	37.96		6	-1361	5221
207318	-27.19	8.62	37.88		3	-1372	5214
207568	-27.33	6.74	35.57		91	-1698	4986
207720	-27.34	6.71	35.53		93	-1703	4982
207972	-23.96	5.25	33.64		-153	-1800	5013
208226	8.29	3.92	29.35		-2747	-697	4686
208377	10.95	3.76	28.86		-2807	-620	4637
208630	23.71	-13.88	42.00		-3208	991	7162
208986	40.94	-21.40	71.93		-6947	1330	9735
209140	41.45	-21.17	71.98		-6985	1257	9697
209395	128.09	4.42	42.76		-8537	-8620	5172
209550	130.17	5.95	41.78		-8300	-8813	5068
209806	176.94	8.65	40.79		-4857	-10802	5835
209961	179.79	-3.42	163.99		-19040	-14205	18429
210323	-179.61	6.90	7.26		-4365	-6841	3836
210478	-178.96	8.94	6.95		-4113	-6788	3928
210733	-173.35	27.28	0.07		-1183	-5025	4772
210888	-173.60	25.45	-0.62		-1455	-5025	4597
211146	-156.38	22.23	-13.56		-3670	-3447	4708
211405	-150.30	49.93	-0.71		439	-2942	6407
211660	-158.79	11.87	-17.47		-4764	-3725	3733
211818	-21.39	nan	-5.73		23929	-5866	31212
212073	-156.78	35.58	-7.90		-1417	-3159	5721
212331	-167.81	14.55	-15.33		-3238	-3655	3787
212590	-166.42	24.96	-20.79		-2273	-2396	5417
212849	-162.79	30.80	-19.35		-1786	-2273	5723
213209	-161.23	23.24	-11.34		-2650	-3167	3957
213468	-78.55	73.48	97.71		-3820	-3648	15526
213624	-59.70	70.08	118.81		-2657	-4126	16869
213883	-35.85	15.10	164.04		-813	-5705	16795
214140	-37.18	7.22	-169.55		-1553	-6360	18267
214400	-59.96	-1.04	-151.34		-4283	-7796	18009
214660	-74.34	-8.92	-134.92		-7136	-6490	16705
214920	-87.16	-19.54	-113.60		-8718	-5224	14307
215181	-100.78	-21.39	-94.75		-9102	-4891	12117
215441	-117.60	-12.04	-75.30		-9118	-3035	9460
215701	-105.74	1.40	-49.47		-6955	-3829	6683
215959	-85.74	20.41	-28.02		-6219	-3378	5506
216216	-55.92	33.01	-7.12		-5845	-2444	5570
216473	-41.91	30.61	0.54		-5573	-2786	5466
216628	-41.84	30.39	0.56		-5533	-2817	5412
216883	-17.39	29.57	7.60		-5859	-3134	5125
217037	-15.80	29.69	7.94		-5925	-3137	5124
217292	33.63	6.24	-19.01		-3327	-7395	3909
217447	34.71	5.37	-20.51		-3066	-7562	3938
217703	55.87	13.57	-16.77		-3958	-7923	3442
217859	-38.95	-32.28	48.27		6765	10783	-4623
218116	56.53	0.24	16.90		-6192	-3623	4199
218370	64.91	-9.04	-11.78		-2434	-4319	3913
218525	64.79	-9.22	-12.68		-2323	-4339	3932
218782	72.79	-22.31	-7.63		-3059	-2309	3907
219038	87.06	-22.16	-22.47		-1224	-2658	4232
219195	87.67	-21.87	-23.23		14615	-17191	-17025
219456	61.61	-21.09	31.05		-7317	-1266	6100
219713	58.13	-27.58	26.21		-6664	-374	5078
219969	106.00	-23.67	-59.92		1346	-1846	9334
220226	73.53	-27.74	-0.97		-3759	-1524	6504
220382	70.47	-27.37	2.39		-4157	-1652	6353
220638	60.12	-35.05	8.19		-3391	-1085	5951
220792	62.41	-35.74	5.29		-3190	-1111	6113
221047	97.68	-29.00	-43.08		177	-1829	7178
221202	96.62	-29.32	-41.43		23437	-14363	24306
221462	81.09	-34.16	-22.66		-1039	-1986	5391
221720	102.30	-25.96	-47.21		274	-1891	6560
221976	101.59	-19.99	-45.49		76	-2373	5831
222131	101.46	-19.92	-45.33		17786	-8395	28902
222391	102.35	-20.53	-36.15		-723	-2200	4993
222649	99.45	-22.05	-27.83		-1899	-2183	4980
222906	94.88	-23.63	-17.25		-2654	-1889	4605
223164	87.02	-16.66	-12.27		-6791	798	732
223318	86.65	-15.47	-14.29		-7425	1550	593
223572	58.81	29.66	-161.05		657	-4389	17116
223728	-81.96	nan	56.33		7238	10573	19589
223982	55.99	-5.85	-171.95		-20	-5483	19161
224138	-17.51	-28.03	174.53		2479	-11974	6459
224397	35.32	-8.08	160.05		-3786	-4586	18674
224655	33.69	-10.84	146.27		-5055	-3132	17606
224913	35.22	-21.48	125.77		-6280	-1924	16122
225172	35.13	-30.45	104.72		-7100	-868	13744
225430	36.00	-38.53	87.40		-6257	93	11526
225584	36.49	-38.82	86.65		-6206	92	11428
225838	82.07	-33.06	70.53		-8464	-2817	9583
225993	82.05	-32.45	70.39		-8606	-2805	9474
226250	97.44	-42.40	19.86		-5392	-823	6541
226607	148.88	-43.17	-11.25		-6271	-842	6836
226763	149.00	-42.62	-11.43		-23677	20386	-7512
227126	-178.98	-54.26	-32.55		-7923	-678	8144
227283	-79.97	-58.15	-69.81		-25985	3241	428
227540	-166.66	-40.34	-42.10		-7192	-572	7176
227800	-160.55	-22.47	-38.71		-6539	-1256	6054
228060	-135.25	-0.16	-17.05		-5113	-2734	4685
228318	-113.00	5.11	20.86		-1429	-5161	4063
228575	-91.35	3.67	24.11		-1509	-4850	3649
228729	-90.59	3.90	23.79		-1619	-4787	3610
228984	-70.60	7.07	25.61		-2290	-3657	3416
229139	-70.69	7.03	25.96		-31749	-30062	-14331
229399	-73.01	13.27	20.20		-3074	-2842	3792
229655	-71.19	14.04	29.61		-2051	-2675	3995
229911	-60.44	2.97	45.07		-5	-2495	5340
230063	-60.49	3.13	44.49		-74	-2560	5288
230316	-66.61	21.97	16.06		-4596	-2301	3515
230573	-55.92	6.97	42.16		-680	-2074	5369
230725	-55.50	6.31	42.82		-610	-2024	5410
230980	-55.70	10.28	36.87		-2146	-2109	4555
231135	-55.82	10.70	36.51		-2161	-2097	4506
231392	-55.38	7.70	44.87		-1158	-2210	5282
231748	-51.87	4.06	47.06		-773	-1868	5233
231901	-51.87	4.31	46.68		-814	-1871	5195
232156	-53.01	8.03	38.12		-1800	-2289	4457
232411	-51.14	7.11	37.08		-1968	-2216	4537
232666	-50.96	9.36	33.93		-2386	-2114	4795
232820	-51.19	9.60	33.51		-2412	-2131	4780
233076	-69.90	12.66	13.46		-3677	-2888	2925
233232	-70.41	12.46	13.30		-3667	-2975	2856
233488	-131.60	-35.92	153.02		-1536	-5219	15885
233749	-108.46	-45.74	129.69		2475	-4754	12100
234009	-123.12	-14.07	152.66		1977	-4931	17773
234269	-155.27	-2.58	-177.67		-292	-5916	19367
234529	-170.49	-9.85	-162.63		-560	-4038	18870
234789	-175.29	-10.24	-145.60		-476	-2160	17682
235049	-178.74	-11.10	-125.70		-554	-133	15735
235310	-179.22	-12.47	-109.30		-882	949	13744
235569	-162.52	-4.38	-103.21		-3481	1412	13718
235829	-148.45	13.62	-105.07		-6256	1371	13785
236089	-149.43	2.41	-110.49		-4079	2202	14224
236347	-174.69	-61.38	-119.91		196	290	12450
236605	-165.32	-73.04	-135.82		-346	1787	10756
236865	172.94	-31.35	-110.07		1232	1053	12791
237124	-172.66	-9.62	-103.62		-1212	3043	13061
237384	-166.36	-17.62	-94.85		-3386	2704	11405
237644	-133.47	-24.80	-90.78		-9157	1742	10228
237904	-145.72	-26.21	-82.21		-7763	2635	9442
238162	-131.55	-8.50	-88.27		-9054	1444	11332
238422	-137.58	-7.59	-89.29		-9371	1732	11370
238681	-109.25	-6.52	-61.13		-11286	-2472	8388
238940	-93.58	-2.54	-35.10		-9314	-5348	4700
239198	-88.10	3.71	-18.39		-8006	-5197	3457
239353	44.66	-50.60	-100.93		28600	-8903	-27048
239715	-89.66	17.92	2.19		-4782	-3081	3451
239869	-89.74	18.17	2.28		-4765	-3060	3468
240125	-91.68	23.24	6.15		-4170	-2445	4075
240280	-91.80	23.23	6.41		-4121	-2441	4071
240535	-88.54	25.94	19.25		-2505	-2298	4462
240691	-84.78	63.93	-5.23		-13478	32084	7925
240949	-88.93	28.84	17.10		-2815	-1632	4807
241205	-99.98	21.50	10.73		-2969	-2316	3762
241462	-90.81	6.26	31.60		-10156	1203	2007
241616	-92.13	3.97	36.59		-10073	649	3891
241870	-125.24	-32.32	-157.66		-3365	-1899	17748
242132	-125.00	-26.96	-157.28		-1440	-1508	17791
242395	-122.97	-14.55	-165.96		-724	-1628	17830
242656	-128.95	-12.88	-157.78		-2380	-1895	17455
243019	-148.05	-24.29	-133.40		-2497	598	15355
243279	-170.52	-28.15	-111.06		-965	950	13276
243538	-168.95	-25.10	-102.83		-2343	2060	12949
243800	176.46	-18.70	-84.39		-695	1901	10154
244158	171.85	-14.98	-63.66		-1713	1878	8078
244315	162.64	-10.44	0.20		13889	-13033	29008
244574	-154.96	14.14	-51.30		-2911	937	6822
244830	-177.52	28.79	-59.71		174	2227	7977
245086	176.47	20.24	-43.59		416	-1352	6799
245240	176.38	19.72	-43.50		299	-1468	6710
245495	-154.68	12.98	-63.18		-3987	1780	8493
245653	156.14	43.67	71.41		-28474	-4173	-18179
245912	-151.97	7.60	-80.25		-5506	1539	10044
246170	-154.53	16.89	-82.54		-4655	2193	10360
246429	-147.54	22.71	-67.78		-4445	1851	8622
246687	-144.02	15.04	-50.54		-3771	600	6151
246943	-155.91	6.85	-43.28		-3202	-575	4743
247099	-155.90	6.88	-43.16		-3321	-532	4718
247356	-177.41	24.58	-38.55		1291	-936	5485
247612	174.05	24.92	-35.31		2006	-2154	5565
247768	174.00	24.60	-35.18		1968	-2180	5534
248025	-170.74	13.93	-27.52		-162	-2269	4208
248283	-159.09	15.76	-18.82		-340	-2647	3867
248540	-151.35	15.78	-13.46		-295	-3165	3639
248696	-150.35	15.67	-13.36		-349	-3166	3632
248954	-62.83	-5.57	-3.34		-3457	-5587	1967
249210	-34.25	8.77	-6.20		-6090	-4665	3265
249365	-33.40	9.91	-6.31		-6316	-4637	3334
249620	-24.96	12.09	-1.58		-6598	-4510	2628
249776	-9.71	11.07	0.42		-14421	-9670	-23511
250033	-11.27	10.60	13.27		-5543	-3534	3328
250290	-12.17	-1.23	18.75		-4240	-3233	4009
250647	-17.70	-8.83	19.32		-3136	-3388	3711
250803	-17.71	-8.75	19.43		-3132	-3370	3705
251059	-15.37	-10.81	27.38		-2759	-2314	4404
251317	-18.88	-8.20	30.93		-2585	-1849	5121
251472	-19.17	-7.78	30.90		-2625	-1832	5130
251728	-28.65	10.73	23.02		-7394	-211	2306
252085	140.20	-14.29	-155.49		-996	-5962	19063
252345	157.58	-1.47	-163.69		-795	-4346	18407
252604	156.30	22.62	171.23		-4417	-4936	19207
252963	108.29	63.47	136.64		-8382	-2584	13952
253222	35.46	66.63	79.92		-7079	-327	11127
253377	33.36	66.32	78.10		-7011	-295	11019
253633	-20.55	57.70	37.83		-5199	-293	8516
253788	-21.50	57.49	37.13		-5140	-315	8443
254043	-51.01	42.00	11.85		-3427	-1136	5546
254198	-51.37	41.41	11.44		-21909	24931	-1179
254457	-53.26	20.50	5.86		-2488	-3175	3873
254712	-36.99	17.65	3.26		-2782	-3813	4408
254867	-36.82	17.65	3.38		31763	-4504	-3223
255124	-16.05	24.12	32.45		-3076	-770	6074
255379	25.92	36.93	64.76		-7201	1591	9516
255533	27.25	37.33	65.86		-7326	1580	9603
255888	53.21	12.74	97.20		-8523	337	13091
256041	53.90	11.74	97.33		-8584	273	13114
256295	68.44	-6.71	87.79		-9853	-2808	11942
256552	71.57	-14.41	68.47		-9406	-2100	9441
256809	83.85	-12.56	46.92		-8125	-2967	6966
257167	65.05	-13.60	27.63		-5083	-1922	5083
257323	64.12	-14.01	27.27		-4953	-1856	5082
257579	43.41	-24.43	20.82		-1575	-1415	5199
257836	49.69	-23.56	16.88		-1845	-1681	4765
257991	50.68	-23.48	16.53		-1915	-1698	4725
258247	114.56	5.31	-16.31		-1300	-3790	4063
258504	146.56	39.27	-17.11		1401	-5761	3941
258660	147.88	39.21	-16.50		1324	-5698	3912
258917	152.71	-10.60	-8.85		-5256	-3518	3501
259174	175.42	7.78	-20.04		-4019	-2700	3473
259330	175.65	9.59	-20.39		-5442	22504	1822
259587	170.75	12.42	-25.84		-2691	-2359	4404
259844	172.05	-0.11	-28.61		-4898	-2037	3514
260102	173.70	18.75	-29.62		-1702	-1952	4588
260258	173.58	18.84	-29.45		12768	1362	-16412
260517	164.66	18.33	-27.60		-1872	-2395	4595
260775	167.92	18.07	-28.88		-2168	-2330	4552
261032	167.75	19.01	-29.94		-1959	-2167	4772
261291	167.54	21.11	-31.02		-1690	-2127	4906
261447	16.66	nan	-32.76		17426	-22492	3483
261702	169.61	19.80	-32.40		-1888	-1664	5419
261960	167.85	8.66	-25.31		-3471	-2165	4728
262116	-160.11	-21.49	-0.10		-22447	26199	6355
262376	-179.98	38.69	-2.17		-10723	-2838	5243
262634	-18.29	-5.62	131.68		-3859	-305	16042
262892	-11.64	-11.48	131.98		-2042	34	16089
263149	-21.38	-41.20	152.59		-3981	-232	17023
263407	-16.67	-60.54	141.75		-4616	1048	14137
263666	4.48	-65.39	106.39		-3955	2060	11921
263822	5.46	-65.50	104.92		-3892	2096	11834
264079	49.55	-56.49	42.39		-2275	1308	7512
264334	60.21	-47.45	23.45		-1240	253	5837
264487	60.38	-47.08	22.99		-1238	199	5794
264742	72.40	-38.06	6.01		-552	-1296	4553
264996	76.81	-37.50	0.81		-107	-1184	4472
265150	77.02	-37.45	0.68		-99	-1160	4479
265403	80.44	-33.17	-8.28		477	-1554	4661
265556	80.42	-33.09	-8.52		531	-1576	4676
265810	81.01	-31.27	-10.57		817	-1982	4525
266066	83.24	-33.31	-10.80		638	-1988	4819
266321	86.89	-42.26	-7.34		-14	-525	5501
266474	87.00	-42.54	-7.09		-53	-486	5516
266727	112.73	-53.22	-6.24		-3861	119	6730
266982	-162.90	-58.06	-28.36		-10616	-1581	7049
267243	-153.98	-30.77	20.70		-6463	-8435	4879
267502	-149.09	-34.53	2.49		-8338	-7144	5475
267760	-111.97	-45.23	-52.12		-12312	-6380	9100
268021	-96.59	-48.56	-62.29		-10795	-6410	9261
268280	-111.97	-39.90	-54.88		-10325	-5040	8104
268541	-122.31	-20.10	-37.09		-9044	-3870	5391
268802	-97.92	7.46	19.31		-2517	-4838	5542
269057	-88.37	13.36	46.55		1239	-3406	6162
269211	-88.49	13.39	45.69		1172	-3412	6132
269467	-107.90	14.69	4.88		-3202	-3554	3775
269623	-107.94	14.49	3.84		-3352	-3497	3781
269879	-97.41	7.43	3.97		-4033	-4169	3387
270032	-96.28	7.38	5.29		-16487	-12558	2868
270288	-74.68	0.41	32.54		-525	-4157	4023
270442	-77.70	nan	-14.79		-5897	12402	-450
270697	-73.58	16.09	23.56		-2627	-2520	3642
270954	-63.94	12.08	37.40		-1241	-2139	5307
271110	-63.80	11.89	38.02		-1146	-2137	5316
271366	-69.83	14.16	38.28		-825	-1984	4487
271520	-13.63	-7.04	77.18		28345	-21595	-26886
271780	-61.26	13.85	30.96		-1926	-2016	4115
272036	-64.72	9.33	29.36		-2189	-2759	4397
272292	-65.70	13.75	26.18		-2596	-2477	4248
272448	-65.72	13.94	26.30		-2591	-2446	4261
272704	-64.19	18.07	34.06		-1895	-1728	5041
272961	-65.16	19.23	35.04		-1680	-1714	5075
273117	-65.12	19.21	35.10		-1692	-1701	5080
273373	-67.23	16.16	36.83		-1246	-1981	5093
273630	-68.16	16.44	36.38		-1280	-2037	5022
273785	-68.13	16.48	36.39		-1285	-2035	5023
274042	-66.80	16.92	37.14		-1386	-1937	5130
274298	-63.19	14.53	41.51		-1018	-1749	5420
274454	-63.10	14.53	41.55		-1005	-1725	5433
274711	-83.20	24.94	18.55		-1964	-1889	4444
274967	-100.91	-17.41	53.30		-8372	-2100	10382
275227	-174.99	-57.67	-146.88		2217	-1698	14984
275488	-95.87	-70.24	112.17		4046	-3913	8995
275746	-131.33	-72.76	137.74		4660	-6248	10401
276006	-150.22	-63.19	159.48		5139	-5462	12717
276267	-159.77	-63.22	178.57		5437	-4356	13251
276527	-173.67	-69.93	-153.13		4930	-2077	12017
276788	155.03	-72.84	-112.93		4378	-946	10684
277047	148.55	-66.36	-84.36		1459	1578	9777
277304	146.24	-42.07	-46.67		-1470	1618	6099
277460	145.95	-40.93	-45.62		-1523	1432	5909
277718	147.38	-24.56	-44.34		-361	1041	5077
277975	142.14	-32.61	-50.86		362	1351	6223
278129	141.95	-33.11	-51.00		364	1362	6247
278384	115.44	-49.95	-30.29		-17	1303	5463
278539	114.74	-49.61	-29.79		10763	2954	2230
278797	67.27	-45.48	14.19		-1495	257	3831
279051	31.55	-30.11	40.43		-3534	534	3673
279204	30.95	-29.66	40.70		-3598	562	3631
279560	45.57	-40.49	42.56		-4940	382	3631
279713	44.41	-41.73	43.83		-4846	337	4122
279968	-65.36	-21.80	155.57		-1640	-584	19512
280226	-57.29	2.35	162.47		-582	-3752	20251
280483	-26.74	10.61	150.91		66	-1759	18794
280738	-13.90	-10.44	84.02		-1227	6759	13835
280895	-52.78	68.96	34.95		8055	-29424	25730
281153	14.21	-51.64	-1.43		2844	-4030	6564
281409	-70.99	-62.62	70.37		6914	-4746	10223
281666	-95.51	-56.32	102.89		5047	-6158	12838
281825	-41.91	26.31	-75.66		-30639	-11225	27085
282086	-118.10	-28.20	-141.77		-8901	-515	19684
282347	-148.18	32.79	-70.61		-7392	991	6449
282503	-148.10	34.28	-68.52		-8988	16104	-22340
282764	-123.46	63.46	-39.30		-4480	1436	6078
283021	-114.23	56.09	-35.21		-5234	1666	5062
283279	-126.06	22.91	-28.30		-5179	-1161	2596
283538	-161.08	-4.45	-31.79		-7560	-2811	2807
283796	-173.42	1.02	-36.19		-5509	-1396	3126
284054	-164.51	-0.12	-40.96		-6468	-1084	4428
284313	-172.11	-37.54	-35.34		-10097	-2045	7720
284573	145.99	-58.47	1.11		-10246	-2669	7603
284831	155.14	-40.86	22.73		-9702	-6031	6635
284988	155.98	-39.28	23.10		-10976	11368	-25694
285249	-173.00	16.38	27.34		-1987	-8616	4890
285507	-163.43	0.07	11.41		-4402	-7362	2179
285764	-153.39	14.10	12.76		-2579	-6627	3793
286021	-146.41	29.63	13.57		-373	-4588	4069
286177	145.40	14.03	-88.38		1637	-2470	-11783
286436	-152.54	8.82	-11.07		-4546	-3539	3863
286694	-136.98	33.79	4.46		-1267	-2931	5138
286950	-132.93	34.74	7.68		-1204	-3210	4685
287106	47.75	nan	-38.23		-18802	-5306	-19378
287363	-136.83	31.50	2.62		-1783	-3194	4346
287620	-136.58	36.18	4.80		-1166	-2942	4781
287877	-139.35	38.84	1.60		-1137	-2468	5070
288032	-139.36	38.92	1.51		-1131	-2454	5083
288288	-141.52	39.02	-2.68		-1375	-2104	4993
288546	-143.80	37.12	-3.50		-1461	-2314	4958
288703	-118.83	-47.10	103.70		-4398	-7400	-8874
289064	-135.97	40.54	-1.65		-1516	-1978	5185
289221	-135.84	40.67	-1.73		-18525	31264	-13871
289584	-145.60	30.43	-12.99		-2705	-1719	5037
289741	15.41	-23.56	-14.74		-6684	-9913	-26391
290001	-113.36	41.68	71.58		-7635	-4988	13489
290260	-55.17	-26.79	165.90		-5044	-2435	16997
290521	-55.17	-23.70	-175.03		-4584	-1400	18331
290882	-94.82	-40.59	-165.01		-2811	-1116	16808
291143	-103.30	-56.49	-155.40		-3064	791	14674
291403	-133.82	-71.78	-123.18		-3412	1807	12092
291664	169.42	-65.11	-66.91		-2686	1950	9376
291922	149.48	-49.71	-52.07		-1312	1560	7543
292180	137.12	-37.62	-43.10		234	44	6918
292332	136.94	-37.35	-42.79		243	-7	6882
292585	128.36	-23.80	-35.37		424	-1571	5508
292842	133.18	-15.72	-32.76		824	-1814	4630
293099	140.33	-11.75	-24.88		-274	-2162	4800
293256	-178.53	-9.27	178.36		28699	7249	-17698
293515	-174.45	-11.32	-54.07		-3721	1431	7904
293774	-121.49	-8.87	-70.29		-9684	-1251	9439
294033	-117.98	-9.90	-71.65		-9620	-1767	9336
294291	-124.76	-1.36	-68.19		-8455	-945	8888
294549	-116.20	13.77	-64.00		-8546	-941	8784
294806	-102.35	23.08	-55.69		-8842	-2268	8305
295065	-92.30	29.12	-38.86		-7473	-2148	6857
295222	-91.83	29.18	-38.15		765	14741	-4869
295479	-59.01	7.36	-1.22		-4547	-3852	3830
295734	-15.49	-39.24	12.40		60	-4413	4850
295887	-13.76	-40.32	11.92		64	-4317	4911
296141	1.51	-7.47	-3.41		-4388	-6018	3333
296395	0.66	-6.38	8.48		-4291	-4620	3240
296548	0.97	-7.47	8.88		-4164	-4481	3322
296902	3.30	-26.41	13.99		-1729	-3371	4080
297057	3.13	-26.09	14.21		-1783	-3356	4053
297312	-1.98	-26.01	19.22		-1584	-2881	4436
297467	-2.24	-26.11	19.27		-1536	-2878	4451
297723	-5.46	-22.95	21.54		-1752	-2770	4242
297980	0.41	-22.42	24.58		-2262	-2029	4529
298135	0.65	-22.54	24.72		-2260	-2013	4549
298390	7.87	-27.54	25.98		-2214	-1881	5014
298545	8.16	-27.62	25.94		-2230	-1882	5014
298801	15.04	-33.54	23.75		-2047	-1758	5087
298956	15.06	-33.62	23.61		-16700	18737	-20369
299216	14.44	-34.25	21.00		-1790	-2168	5059
299472	14.72	-34.93	21.68		-1673	-1761	5530
299729	8.66	-21.07	19.73		-2844	-2432	4212
299884	8.38	-20.51	19.61		-2873	-2508	4156
300139	13.37	-46.45	11.77		-9887	-1282	3428
300496	158.54	3.86	-132.22		-1073	-856	16512
300653	-178.48	9.53	170.05		4159	10100	-16646
300912	152.58	1.12	-99.69		986	403	10570
301166	148.91	12.34	-101.71		1523	-25	11221
301322	148.82	12.66	-102.58		1654	249	11356
301578	114.68	22.42	-127.69		4076	-2413	14951
301837	121.22	37.28	-119.37		3448	-1284	13638
302096	143.10	46.11	-98.62		2781	-52	11466
302251	144.13	46.26	-97.67		-15743	17247	28210
302511	-177.95	48.86	-58.23		1652	240	7904
302767	-157.40	46.96	-39.25		1000	326	6367
303022	-123.52	51.22	-14.59		178	163	6678
303175	-121.03	51.66	-13.00		238	271	6751
303430	10.15	54.90	67.08		-7386	2374	10967
303685	47.48	37.06	69.15		-10288	-1552	10364
303943	61.42	33.18	58.73		-9575	-4468	9105
304098	61.68	33.71	58.91		20108	246	-20391
304354	100.35	47.81	38.73		-8004	-10326	6859
304611	77.84	64.52	-54.45		630	-9482	8396
304764	76.29	64.51	-57.35		826	-9412	8468
305019	142.74	21.47	3.05		-3160	-7961	4789
305174	142.71	18.95	3.94		-3446	-7944	4737
305429	142.28	-7.01	3.67		-5738	-5239	3734
305584	142.77	-5.46	2.77		-5552	-5258	3754
305839	153.82	53.42	-35.83		1921	-2835	7156
305994	163.85	-0.53	-176.84		27617	21080	-5166
306254	165.12	-11.84	-12.58		-6195	-3812	3708
306513	172.86	0.73	-17.08		-4016	-3494	4672
306770	178.52	33.70	-26.15		-823	-2715	5961
307026	177.50	31.84	-23.14		-1020	-2490	5986
307183	77.92	nan	-48.88		-20215	-30991	1208
307439	169.73	10.81	-26.78		-2847	-2583	4432
307697	178.01	44.44	-38.70		-583	-1039	7019
307954	-174.93	42.42	-27.50		-974	-1932	6382
308111	-174.68	41.70	-27.12		-1060	-1960	6314
308369	-174.84	28.07	-24.87		-1990	-2514	4805
308628	-174.86	35.96	-26.45		-1194	-2058	5654
308887	-173.83	34.15	-23.34		-1296	-2501	5269
309146	-174.01	33.80	-22.81		-1346	-2616	5086
309405	-173.32	33.89	-23.30		-1340	-2377	5245
309663	-173.92	32.75	-24.00		-1506	-2406	5111
309922	-173.78	33.49	-24.06		-1454	-2347	5222
310181	-174.31	33.62	-24.21		-1356	-2343	5196
310440	-173.75	33.74	-24.73		-1430	-2273	5205
310598	-77.54	57.64	-133.50		9770	-5689	4458
310855	-173.01	28.75	-19.39		-1728	-2761	4840
311114	-177.56	12.95	-14.77		-3129	-3277	4118
311373	-169.00	21.65	-1.07		-11952	-2572	2161
311632	-16.36	-1.11	166.69		-5271	-4840	20578
311890	-8.10	-27.38	160.74		-4960	-2840	17832
312150	-13.96	-45.21	-169.29		-7680	-3891	16735
312411	-39.97	-63.46	-128.88		-9646	-6289	14030
312672	-97.78	-52.36	-73.85		-10227	-5516	10682
312933	-112.70	-34.86	-53.08		-9174	-4956	8429
313193	-119.16	-13.48	-43.85		-8383	-3724	6925
313452	-106.16	-1.49	-38.72		-7632	-4287	6051
313711	-105.58	4.28	-36.60		-6909	-3795	5813
313969	-96.67	16.16	-41.77		-7431	-2739	6409
314226	-92.52	21.98	-36.97		-7052	-2344	5825
314484	-92.10	23.25	-22.46		-5069	-2066	5025
314641	141.67	22.12	142.03		24256	4956	-16393
314900	-65.47	17.77	7.66		-3069	-2094	4344
315155	-40.13	-15.76	39.30		-109	-2048	5859
315412	-34.22	-26.54	45.58		1379	-1245	7147
315568	-34.28	-25.74	45.04		1287	-1377	7005
315824	-24.80	33.35	9.95		-7275	-2276	5548
315978	-24.55	34.17	9.07		-17754	-13365	12529
316237	-26.25	-13.47	14.23		-1566	-4551	4655
316495	-28.22	-51.22	37.39		1849	-2446	7166
316751	-22.40	-37.76	22.77		1150	-3493	5518
316907	58.59	nan	-30.41		13644	7583	-7683
317161	-29.01	14.84	5.53		-5120	-2611	3434
317316	-29.58	15.40	5.33		-5140	-2627	3441
317571	-35.68	13.71	17.73		-3454	-1183	3864
317929	-12.36	-39.50	30.23		886	-1639	6319
318084	-11.61	-41.33	29.78		1042	-1727	6347
318340	21.55	-50.44	9.55		317	-1646	5372
318492	21.21	-49.85	9.86		260	-1688	5310
318745	21.66	-27.92	13.07		-2386	-2105	3754
319002	33.75	-26.57	-0.49		-1814	-3330	3117
319258	47.66	-23.59	2.95		-3651	-2746	2980
319413	47.92	-23.53	3.09		2038	-1977	-15192
319670	47.79	-19.73	-4.03		-2946	-4245	2859
319926	54.20	-18.69	-8.36		-2795	-4350	3503
320081	53.87	-18.33	-8.20		8768	31420	-22191
320339	53.95	-13.58	4.13		-4342	-4086	3386
320594	60.01	-28.77	-7.99		-2504	-3235	4500
320750	60.26	-29.28	-8.58		-6889	-16934	7423
321008	53.21	-31.32	-3.60		-2361	-2795	4253
321264	53.31	-31.36	-5.09		-2082	-2899	4259
321420	-18.25	nan	13.81		30238	16107	12279
321676	57.39	-38.14	-5.84		-1812	-1995	4995
321932	54.88	-40.22	-6.73		-1294	-2138	5164
322087	54.69	-40.15	-6.66		-1280	-2161	5157
322344	49.09	-40.19	-20.66		-1496	-3537	2874
322601	105.42	-5.37	-151.96		-2726	-6133	17123
322862	104.73	5.25	-174.25		-864	-5009	19506
323220	99.27	10.26	170.78		-2686	-4897	18534
323377	-161.42	-21.61	56.43		-17856	30224	16561
323739	69.49	31.93	130.01		-5863	-1597	15663
323896	43.74	nan	-17.37		10208	1899	-25927
324151	34.56	41.91	99.80		-5094	813	12192
324304	33.55	42.24	98.76		-8081	9634	-29914
324561	-2.97	53.40	53.66		-4083	502	7950
324714	-3.79	53.69	52.45		-4117	479	7858
324967	-18.25	33.83	45.60		-2463	461	6064
325121	-18.63	32.89	45.99		-2289	446	6071
325374	-19.64	11.72	49.53		-165	-219	6372
325628	-17.39	7.82	44.07		-404	-479	5709
325781	-17.44	7.67	43.84		-402	-513	5681
326135	-20.91	2.07	38.08		233	-1411	5198
326287	-20.96	2.08	38.04		233	-1412	5196
326540	-20.47	2.35	36.35		19	-1756	5040
326691	66.62	-52.61	8.09		-19619	13173	-1960
326949	22.99	3.52	38.62		-4231	-863	5249
327101	-41.96	nan	55.33		32008	-3156	9749
327355	116.79	-16.26	28.16		-8572	-5034	5352
327613	-167.55	-16.97	29.95		-6592	-11046	6486
327873	-150.96	-13.64	43.01		-1854	-12424	5963
328133	-62.64	-14.89	45.31		2455	-5410	6578
328289	-56.53	-15.26	45.13		-32415	17470	32127
328549	32.29	-37.95	28.55		-1202	-2213	6458
328805	46.39	-51.67	30.20		-1316	-138	7619
329061	78.57	-48.57	12.53		-3016	-1282	6178
329217	80.66	-48.22	11.84		-3152	-1407	6186
329473	161.16	-8.44	6.24		-4585	-5406	4865
329627	32.37	nan	77.57		7340	17593	12229
329880	-127.29	24.85	58.68		2179	-7570	6915
330036	-155.15	-12.12	165.85		28711	23603	-7225
330398	-127.87	0.32	-10.75		-6303	-4991	3594
330555	-127.24	0.55	-11.41		24844	-5313	-1451
330814	-110.47	23.43	18.49		-1732	-3231	4874
331071	-93.30	23.18	44.11		1134	-3151	5566
331327	-101.92	26.94	23.82		-1359	-2767	4378
331484	-102.11	27.04	23.60		-16872	11826	-11644
331846	-98.34	23.25	34.67		55	-3296	4552
331998	-98.14	23.20	34.68		53	-3298	4543
332252	-86.21	28.73	26.81		-1913	-1534	4478
332508	-75.24	26.90	25.60		-3169	-1764	4518
332765	-76.26	23.14	32.17		-1675	-2221	4320
332920	-77.06	22.97	32.22		-1634	-2306	4310
333176	-82.84	22.38	32.62		-1044	-2545	4416
333433	-82.21	24.70	27.67		-1922	-2117	4456
333589	-82.23	24.71	27.51		-1946	-2122	4454
333846	-82.88	22.64	28.64		-1684	-2463	4358
334102	-81.51	22.97	29.91		-1587	-2331	4467
334258	-81.45	23.01	29.97		-1592	-2316	4474
334515	-80.04	23.91	32.11		-1405	-2190	4625
334771	-78.50	24.94	32.45		-1509	-1883	4782
334926	-78.51	24.96	32.41		-1511	-1869	4789
335183	-91.75	24.22	18.17		-2794	-2131	4300
335440	-106.54	15.37	-0.22		-5146	-2257	1517
335597	-105.92	14.73	-0.07		21464	-30486	19252
335857	-119.18	-56.09	169.71		1138	-938	14069
336115	-61.59	-67.20	115.19		1986	-145	10403
336373	-107.18	-55.05	135.86		4745	-4128	12967
336633	-131.50	-45.32	162.81		4637	-4451	15718
336893	-144.81	-51.55	-172.98		3525	-2141	15265
337155	-167.67	-58.56	-143.23		3261	-832	13983
337415	167.09	-60.28	-112.84		3173	175	12195
337673	128.04	-55.86	-73.52		3786	-822	9632
337929	100.43	-48.51	-44.93		3091	-2320	7310
338187	90.84	-41.25	-27.68		1935	-2493	5413
338342	90.82	-40.84	-27.15		32519	-17177	20089
338603	98.55	-24.30	-13.15		108	-3539	4024
338859	115.11	-22.07	-9.38		-1119	-2952	4095
339116	179.58	-19.46	-23.64		-5404	-2329	4305
339375	-132.23	8.80	-49.85		-7396	582	7846
339529	-132.77	9.26	-50.34		-7308	619	7890
339784	-132.83	5.59	-56.91		-7952	-80	8508
339939	-133.26	5.26	-56.84		-7869	-61	8479
340194	-154.31	8.34	-56.72		-4326	241	7941
340348	-153.88	8.41	-56.67		-4405	201	7934
340603	-152.78	12.49	-53.21		-4055	169	7498
340759	39.70	56.14	151.01		-15332	7745	30598
341017	-151.75	14.13	-43.96		-3240	-447	6271
341275	-144.14	18.05	-36.39		-2839	-890	5803
341532	-133.83	22.91	-34.77		-3571	-516	6073
341790	-115.29	24.48	-25.59		-4047	-1241	5504
342049	-96.51	24.48	-11.29		-3744	-1696	4800
342206	-95.37	24.37	-10.57		-3754	-1714	4752
342463	-52.48	-19.02	21.05		-53	-4885	3942
342719	-8.29	-44.36	11.75		632	-3137	4603
342873	-7.55	-44.04	10.33		646	-3297	4509
343228	-13.55	20.94	5.00		-8038	-3727	3687
343382	-13.63	20.76	5.48		-7995	-3642	3680
343638	-7.11	-34.10	13.60		501	-3278	4139
343791	-7.06	-33.77	13.83		480	-3330	4150
344146	-14.11	-19.00	25.02		-1679	-2631	4471
344303	-13.77	-20.19	24.84		3640	30062	-24118
344562	-13.80	-25.95	23.27		-1065	-2828	4241
344819	-12.18	-16.43	28.07		-2470	-1679	4056
345077	-11.63	-16.60	30.60		-1806	-1572	4666
345334	-14.13	-16.59	31.01		-2028	-1650	4627
345491	-57.92	nan	-59.74		-29505	-2282	5726
345748	-12.22	-22.30	28.21		-1456	-2026	4674
346005	-12.84	-23.51	29.89		-1124	-1776	5209
346263	-18.40	-5.84	29.17		-2634	-1207	4513
346419	-18.65	-4.96	28.92		-2707	-1210	4460
346675	76.27	-75.84	-110.90		-4688	-3634	16687
346935	131.31	29.35	-151.24		-3324	-1468	17825
347195	144.73	3.20	-149.61		76	-1324	17561
347451	150.01	-43.18	172.95		2768	-7200	15342
347608	45.11	nan	-81.30		22063	-26383	-15009
347866	-167.30	-44.06	80.38		-382	-14036	9939
348125	-130.60	-17.92	39.25		1111	-10555	5618
348384	-105.84	10.45	22.15		1807	-4714	4709
348640	-73.98	20.31	15.53		-688	-1315	4040
348794	-73.11	20.22	15.17		-817	-1382	3947
349050	-77.98	21.76	4.83		-1969	-950	3860
349203	-78.57	21.81	5.07		-1858	-1027	3814
349459	-93.14	35.34	24.32		1941	-1496	5954
349614	-93.01	35.59	24.55		1970	-1536	6018
349869	-64.93	30.76	14.67		-1996	-995	4437
350023	-64.84	30.49	14.14		21281	514	20495
350279	-69.68	3.39	-4.02		-3246	-4100	2801
350434	-51.99	-15.41	6.45		-1406	26025	253
350689	-94.01	0.12	1.25		-1414	-4462	2285
350842	-94.43	-0.08	0.89		30026	-17446	19156
351099	-110.27	-1.00	1.58		-1877	-5765	1355
351356	-107.94	6.33	9.06		820	-5107	1460
351508	-107.80	6.79	9.26		925	-5027	1614
351762	-109.51	18.80	16.95		1427	-4393	3041
352018	-108.20	22.63	13.73		1591	-3697	3136
352275	-107.42	25.45	10.90		1301	-3166	3221
352632	-106.53	28.21	8.21		1002	-2658	3337
352787	-106.51	28.27	8.16		997	-2646	3341
353042	-105.63	30.23	6.38		770	-2300	3449
353196	-105.60	30.26	6.35		767	-2295	3449
