1697154	-163.75	2.87	-100.50		-1310	7475	13369
1697414	-130.67	3.04	-78.38		-5330	5766	10088
1697672	-114.42	-14.93	-39.20		-5379	2201	5768
1697932	-98.45	-41.24	8.71		-685	-3286	4621
1698087	5.60	nan	-1.72		31332	31128	6650
1698340	-140.75	-38.70	-30.79		-6453	2350	4701
1698600	-172.26	-19.41	-32.02		-930	4489	4362
1698860	-106.31	-9.54	-31.18		-4495	1407	3858
1699118	-71.75	-33.27	-2.58		142	-2369	3974
1699273	-71.61	-34.59	-1.61		319	-2460	4006
1699530	-36.97	-23.06	-25.51		-2087	-3520	4073
1699790	-35.21	-1.38	-26.84		-4028	-2269	3056
1700048	-36.51	-23.90	-14.77		-723	-2388	4202
1700307	-34.32	-17.56	-10.53		-942	-1446	3999
1700567	-33.72	6.41	-5.85		-2768	58	2546
1700718	-33.11	7.00	-5.44		-2814	136	2614
1700972	-30.68	-20.90	8.14		1222	396	3097
1701227	-29.18	-17.45	0.80		307	-248	3036
1701381	-29.34	-16.79	0.46		203	-259	3008
1701635	-32.31	-16.05	-5.53		-586	-1149	3166
1701791	75.09	nan	-46.51		27986	-27180	-3622
1702048	-34.54	1.42	-10.20		-3008	-367	2708
1702305	-30.02	-11.34	-2.70		-786	-215	3228
1702461	56.86	16.16	-4.75		-18512	16178	29982
1702719	-35.88	8.05	-5.33		-3467	938	3063
1702974	-38.01	-4.23	1.82		-829	823	2917
1703126	-37.93	-5.51	2.12		-612	717	2915
1703378	-37.23	-25.07	0.44		1221	-916	3325
1703634	-37.21	-7.94	-6.35		-1476	-475	2514
1703890	-35.52	-14.73	-2.62		-196	-566	2805
1704046	-35.39	-15.14	-2.40		-90	-580	2811
1704301	-31.24	-19.24	1.39		495	-282	2713
1704455	-31.18	-19.05	1.45		453	-250	2704
1704710	-37.17	-15.58	1.28		79	76	2649
1704859	-37.57	-15.48	1.15		53	91	2656
1705110	-53.41	-5.12	-1.82		-1042	481	2510
1705265	-53.21	-4.82	-1.76		-1066	521	2510
1705520	-42.24	-11.35	3.35		-79	526	2739
1705672	-41.73	-11.66	3.41		-152	601	2771
1706027	-37.65	-3.91	3.86		-925	1059	2693
1706180	-37.59	-3.72	3.90		-933	1081	2707
1706434	-36.95	-8.11	0.37		-724	505	2790
1706687	-41.11	-9.87	-2.39		-779	-132	2782
1706842	-41.14	-9.86	-2.34		-768	-125	2781
1707097	-32.62	-8.42	0.38		-836	556	2733
1707249	-32.32	-8.59	0.41		-829	563	2749
1707502	-29.22	-9.39	-0.80		-752	240	2957
1707756	-31.21	-9.57	-0.94		-708	42	2725
1707909	-31.22	-9.56	-0.94		-712	43	2728
1708162	-30.29	-9.03	-1.46		-805	202	2881
1708416	-29.35	-9.28	-1.48		-756	124	2784
1708569	-29.34	-9.30	-1.49		-754	116	2786
1708823	-28.91	-10.48	-0.42		-467	180	2779
1708978	-28.94	-10.51	-0.41		-459	166	2777
1709233	-25.82	-12.84	3.17		-174	517	2876
1709385	-25.74	-12.98	3.26		-155	528	2892
1709741	-29.63	-6.06	-3.11		-773	400	2207
1709894	-29.83	-5.72	-3.51		-867	410	2169
1710148	-20.67	-12.51	-13.39		-5943	1568	-3130
1710408	141.18	-21.54	-174.15		-2708	552	19033
1710668	167.96	18.63	-173.46		-1886	1073	19522
1711030	162.03	37.87	163.80		-3063	-1840	16948
1711290	134.75	48.95	127.33		-5936	-2124	13262
1711550	79.24	46.12	61.69		-6046	-1892	8993
1711706	85.79	25.05	24.67		16073	30595	-24099
1711965	42.05	18.48	3.36		-1286	-2090	4418
1712220	43.03	12.75	-6.49		-803	-2110	4298
1712374	-36.45	5.48	-14.40		16132	17084	-10795
1712634	50.02	20.13	-25.88		2026	-3586	5883
1712891	56.71	49.97	-23.41		-450	-6336	8250
1713147	85.98	41.86	30.15		-4224	-2370	6750
1713303	-15.14	6.70	60.52		-5620	10489	-3026
1713561	92.86	19.11	32.93		-2986	-1415	4718
1713817	92.49	12.85	31.22		-3464	-590	5033
1713972	-49.17	nan	48.31		-16987	2103	-4018
1714228	93.82	13.29	9.66		-448	-889	3792
1714380	93.76	13.45	9.20		-418	-929	3769
1714633	88.87	10.72	9.07		-991	-476	4011
1714786	91.03	9.25	8.65		-1161	-455	4102
1715039	-125.30	-13.39	-23.10		-3225	1054	4318
1715299	-83.94	-28.16	-28.87		-2286	-5178	6358
1715559	-29.61	-3.06	-16.29		-1647	-1653	3373
1715817	35.54	-48.95	-51.57		-1795	2865	12082
1716076	130.70	14.78	177.04		-2959	374	18514
1716334	135.25	21.34	174.33		-4400	758	16571
1716592	125.54	20.94	90.29		-7014	-3039	12535
1716851	122.63	-0.66	8.60		1384	2105	6513
1717005	122.42	-1.25	6.93		1510	1912	6257
1717259	169.50	-36.89	-55.30		-1790	5155	10383
1717519	-103.78	-57.68	-114.62		-5329	2774	12057
1717781	-29.28	-84.33	-153.40		-7431	446	10057
1718041	166.20	-57.48	36.55		-4134	-3934	7068
1718300	149.78	-37.22	4.27		-2858	222	4209
1718455	-52.82	nan	171.78		3031	-4128	-23062
1718712	164.35	-29.33	-50.76		-262	5424	5953
1718970	152.82	1.84	-62.12		4345	4304	6910
1719226	153.40	16.01	-70.13		4586	4644	7369
1719382	153.34	16.29	-70.35		4565	4635	7401
1719639	152.15	44.21	-76.80		5609	4730	9585
1719895	179.78	61.86	-54.31		5195	4760	9272
1720051	-178.47	62.30	-52.71		5184	4767	9237
1720308	-136.48	47.00	-4.39		4392	2849	5958
1720565	-155.56	39.13	-18.61		4068	1776	5269
1720823	-160.06	26.37	-43.61		448	3678	5618
1720979	-159.99	25.95	-44.51		245	3811	5669
1721235	-139.77	23.15	-33.71		819	4020	4160
1721492	-137.34	2.63	-23.14		-725	514	2829
1721647	-137.34	1.70	-23.15		-856	414	2824
1721902	-144.96	-31.19	-16.60		-3919	-1463	4980
1722163	162.84	-32.52	29.57		-4897	-4934	6193
1722422	151.15	-28.27	32.10		-5164	-4007	5077
1722681	152.15	-24.13	3.88		-3319	-697	5121
1722836	151.35	-23.40	2.84		-3121	-585	5117
1723092	179.70	-2.31	17.41		125	-3549	5045
1723247	7.96	-39.98	54.23		-29027	-18391	5971
1723506	156.72	-19.40	48.33		-3290	-4527	6171
1723765	-162.13	-14.23	44.59		1696	-5880	6371
1724024	-101.96	-16.71	59.62		5296	-1471	7280
1724283	-87.71	-31.09	67.64		6742	106	8620
1724538	-78.97	-15.34	19.00		120	-662	3474
1724693	-79.85	-14.70	17.87		51	-630	3270
1724947	-84.89	-9.74	13.35		729	-35	3805
1725100	-84.60	-9.99	14.13		881	-61	3851
1725352	-70.35	-21.71	27.02		2732	-433	4477
1725609	-60.83	-12.51	10.69		443	-298	3575
1725864	-59.69	-8.61	12.47		395	101	3217
1726017	-59.74	-8.69	12.99		476	190	3192
1726270	-61.80	-19.02	21.82		1755	39	3543
1726524	-59.55	-1.88	-4.80		-1802	-499	4008
1726680	-59.68	-0.31	-6.44		-2176	-346	4056
1726937	-55.89	-14.32	12.51		381	-406	5004
1727090	-80.63	9.39	0.97		-17025	21336	26468
1727348	-55.63	-13.29	4.41		-529	-725	2732
1727604	-54.14	-17.68	4.48		-48	-869	3153
1727757	-54.01	-18.26	5.08		74	-868	3215
1728010	-53.74	-11.72	4.14		-479	-379	2915
1728266	-51.51	-10.97	5.61		-346	-157	2848
1728521	-46.85	-12.13	6.24		-140	-106	3109
1728675	-46.76	-12.07	6.17		-161	-117	3111
1728930	-45.58	-2.78	-6.61		-2225	-78	3651
1729085	-45.97	-2.41	-7.48		-2302	-142	3631
1729341	-61.05	-14.85	-52.33		-10222	4778	5633
1729601	-76.44	77.85	81.77		5122	697	15904
1729756	-98.34	84.57	58.24		4582	2167	15776
1730013	78.72	-55.63	67.70		-8437	1470	5998
1730270	118.89	-22.09	42.63		-4680	-1855	3717
1730528	123.59	-3.92	21.43		-1600	-2496	2701
1730684	123.36	-3.36	20.33		13881	6445	-9316
1730942	50.36	4.66	-40.13		1921	-4020	6531
1731197	-26.32	2.27	-91.24		-5474	-6087	11626
1731457	-72.84	23.19	-94.78		-7251	-898	11598
1731716	-70.54	45.69	-82.54		-6823	-477	10154
1731873	13.77	nan	-85.57		13875	20337	15660
1732129	9.49	58.80	-45.77		-3275	-4368	8002
1732386	53.90	69.52	-7.40		-3835	-5032	8758
1732542	-77.70	25.97	-67.04		3917	4640	-10790
1732801	92.66	50.46	14.44		-2515	-4841	6512
1733057	85.86	40.18	1.75		-1084	-3283	4948
1733313	87.28	29.83	1.86		-857	-2120	4129
1733467	87.15	29.60	1.96		-868	-2080	4130
1733721	86.09	27.08	3.18		-1074	-1846	3958
1733977	85.23	20.45	-3.74		-269	-1238	3366
1734232	76.83	12.72	-12.27		606	-904	3594
1734385	76.15	12.25	-12.59		577	-770	3598
1734639	78.56	-0.48	-25.76		2823	993	3838
1734894	91.27	-15.60	-25.56		2562	2978	4460
1735151	79.51	-22.23	-28.15		2899	3149	4802
1735307	78.95	-22.28	-28.16		2845	3100	4817
1735563	59.01	-30.91	-27.63		3653	2347	4993
1735820	53.18	-35.69	-25.23		3870	2204	5008
1735975	52.92	-35.81	-24.93		3852	2217	5011
1736232	21.41	-36.93	-9.50		3867	1693	4936
1736589	18.28	-30.68	4.48		2084	2585	4886
1736742	18.80	-30.84	4.79		2079	2699	4903
1737098	43.51	-11.17	-48.80		3749	-2531	4458
1737254	45.61	-10.32	-51.07		29695	5955	17225
1737513	-46.14	25.42	-170.64		-340	-2320	17026
1737774	-141.97	2.71	106.55		3159	-5459	12876
1738032	-158.74	-5.49	56.94		1992	-5313	7639
1738290	-162.51	-6.35	38.47		1208	-4670	5449
1738548	-158.55	-6.78	21.64		477	-2379	4693
1738905	-166.86	-16.67	11.62		-1066	-1577	4281
1739165	-164.11	-29.76	8.76		-1896	-1763	4857
1739423	-168.90	-49.77	7.27		-4226	-1997	6516
1739784	-128.70	-77.96	33.07		-531	-6976	8407
1740043	-155.10	-60.89	122.38		7298	-4318	9813
1740303	-123.65	-61.47	125.80		7624	362	10536
1740562	-90.26	-76.60	111.56		6930	2646	8940
1740719	-88.12	-76.95	110.09		6864	2808	8870
1740977	-21.68	-71.14	56.52		6026	4700	6773
1741233	-12.52	-57.90	46.82		5552	5041	5182
1741590	-4.81	-43.68	36.76		4091	4921	3664
1741745	-4.57	-43.65	36.42		4106	4915	3633
1742001	10.98	-39.90	17.47		3994	3595	2231
1742155	11.29	-39.62	17.10		3975	3556	2187
1742411	3.73	-21.34	18.79		2164	3031	872
1742563	2.85	-20.35	19.51		2002	3069	908
1742817	-41.08	9.29	30.66		1356	5590	2175
1743071	-24.36	-2.32	12.00		237	1528	1178
1743224	-20.00	-2.94	11.54		86	1405	1153
1743477	87.80	-49.71	-27.69		2743	5823	3911
1743633	87.56	-50.19	-29.95		3454	5755	4159
1743890	81.18	-23.79	-61.22		8635	-618	6465
1744147	72.82	25.70	-41.77		4938	-6092	4905
1744303	72.69	27.69	-40.63		4640	-6278	4932
1744559	121.50	61.56	27.06		321	-11501	6693
1744816	98.14	25.07	21.86		-2981	-5863	3743
1744971	97.11	23.77	21.21		-3035	-5665	3645
1745228	98.89	-22.40	-1.08		-29	2181	1662
1745381	-94.46	12.48	8.64		-5845	618	-21250
1745638	90.14	-39.02	1.04		1052	3765	2682
1745792	-37.97	nan	-41.36		8955	29785	6186
1746046	89.08	-47.71	18.93		-3546	6744	2959
1746304	136.34	-44.76	-2.22		-4223	3394	2536
1746460	52.56	nan	65.93		16046	-13470	-29437
1746717	-129.73	-37.08	-35.47		-6929	358	3726
1746976	-100.87	-22.34	-58.07		-8820	-329	6359
1747236	-118.08	13.98	-67.04		-8857	6329	8230
1747495	-134.79	29.98	-62.11		-4224	8540	8044
1747753	-145.55	23.98	-49.79		-2900	8352	6736
1748013	-143.44	20.28	-39.01		-2394	7031	5264
1748272	-145.14	26.05	-37.81		-999	6951	5892
1748530	-149.59	22.50	-43.83		-2237	6963	7469
1748789	-148.63	14.97	-46.26		-2583	6522	6096
1748945	-63.66	nan	-39.75		-21922	28019	-12477
1749206	172.99	6.30	-16.92		1442	2455	4605
1749462	172.88	7.62	-5.53		1650	1718	3514
1749614	174.72	5.95	-28.37		37	-808	-5163
1749869	-122.03	38.71	36.04		4719	1896	6761
1750025	-0.28	-58.06	169.49		6460	1490	5308
1750282	-96.49	19.09	32.11		2425	1829	4858
1750537	-108.01	15.73	19.75		1275	1400	3146
1750692	-108.15	15.57	19.43		26197	32111	-8276
1750952	-106.81	10.64	13.53		511	1012	3530
1751208	-112.18	4.48	-1.39		-1427	777	3190
1751463	-109.80	4.15	4.31		-876	360	3172
1751616	-109.62	4.19	4.78		-801	348	3166
1751869	-100.10	5.17	18.02		678	355	3581
1752022	-14.58	nan	44.72		-27009	-12279	-5409
1752280	-113.08	-8.54	8.01		-787	-596	2771
1752536	-118.18	-21.72	27.85		-9436	-149	-1472
1752795	-81.32	8.57	174.78		-3653	-1666	18088
1753054	-19.00	22.30	-163.86		-583	-1138	18357
1753314	-37.38	19.20	-155.03		1452	-2928	16451
1753574	-79.87	35.00	-139.82		-2514	-4293	14718
1753835	-64.48	47.09	-108.66		-4135	-4994	12024
1754096	-50.03	44.17	-90.81		-4277	-5330	10393
1754356	-38.60	41.08	-75.34		-4123	-5272	8604
1754615	-20.35	35.47	-52.99		-3227	-4933	6306
1754873	21.99	20.95	-26.36		55	-3786	4154
1755128	65.78	-5.22	-5.57		818	2101	3794
1755280	65.64	-6.05	-5.21		819	2142	3727
1755534	45.75	-3.52	6.97		560	1350	3832
1755684	45.92	-3.02	7.33		-4246	-21315	11459
1755942	41.28	15.02	12.20		-1485	708	3687
1756196	38.94	12.79	15.97		-1097	1064	3816
1756351	39.02	12.77	16.27		-1121	1197	3827
1756607	38.48	21.48	25.48		-2761	1641	4052
1756762	38.53	21.60	25.47		-2833	1532	4046
1757018	32.73	14.75	23.62		-1397	1894	3483
1757172	32.42	14.57	23.54		-1329	1937	3504
1757427	35.07	21.76	18.29		-1879	890	3293
1757581	35.31	22.19	18.06		-1910	855	3262
1757836	40.17	28.53	-0.05		-1373	-2026	2902
1757991	39.92	28.11	-0.47		14274	-5422	30708
1758248	27.87	15.25	-0.91		311	-667	2606
1758401	25.78	nan	34.53		-21307	12055	417
1758655	23.03	20.24	6.90		-1083	-147	2547
1758809	23.08	20.31	7.03		-1109	-154	2552
1759063	22.09	20.09	10.38		-1207	191	2390
1759216	22.13	20.01	10.50		-1198	236	2383
1759571	20.17	15.46	9.71		-555	404	2163
1759723	20.16	15.37	9.68		-534	414	2158
1759975	20.58	11.47	7.41		37	390	2107
1760124	20.55	11.31	7.31		64	397	2091
1760374	17.16	8.34	3.48		783	-19	2110
1760523	17.19	8.39	3.42		765	-30	2106
1760773	19.06	10.00	3.26		522	-96	2138
1760922	19.16	10.05	3.27		528	-107	2136
1761175	36.29	10.02	7.28		-397	416	2248
1761326	-64.13	14.21	-2.68		-16616	2482	-11971
1761586	-7.45	-14.37	4.13		4221	-1353	3299
1761841	35.10	-3.07	2.79		3048	1507	3714
1761993	37.57	-2.20	2.61		2909	1363	3719
1762247	107.15	-0.55	10.16		-322	-2168	2786
1762403	110.63	-2.61	10.42		-611	-1835	3083
1762659	171.49	-41.22	3.23		-6354	1650	5137
1762916	153.78	-32.48	18.02		-5203	353	5245
1763072	152.96	-31.97	18.18		-5295	436	5253
1763329	154.17	-23.38	3.31		-2953	1737	4569
1763585	-170.16	-26.66	-6.38		-4121	915	5276
1763741	-169.38	-26.54	-6.70		-4088	893	5257
1763999	-127.56	-20.24	-21.93		-4149	448	5046
1764258	-126.23	-16.76	-10.57		-2950	-207	4508
1764517	-145.46	-1.32	28.55		238	-3319	5688
1764774	-113.57	38.92	82.10		6112	-1670	10217
1765033	-102.37	47.58	86.23		6553	-530	9270
1765189	-103.85	47.78	84.68		6573	-558	9147
1765446	-164.46	13.95	33.03		456	-2638	3656
1765702	169.63	2.15	22.86		-895	-1814	3032
1765857	168.71	1.71	22.15		-896	-1693	3041
1766113	148.20	-9.78	3.28		-1088	2068	3259
1766266	147.63	-9.69	3.24		-1054	2026	3261
1766522	126.22	-11.76	3.60		-1113	2619	3709
1766678	-45.68	nan	91.53		30088	15432	26873
1766934	142.13	1.43	-6.35		1352	1361	3799
1767189	167.18	-6.41	-7.61		-719	2351	3941
1767343	167.73	-6.55	-7.53		-762	2333	3926
1767599	-173.61	5.82	8.80		-251	271	3470
1767750	-172.94	6.82	9.71		-117	196	3491
1768004	-148.38	21.84	25.03		2986	-307	4100
1768260	-156.61	-1.42	3.54		-1885	37	3228
1768414	-156.34	-1.79	3.17		-1892	16	3237
1768668	-122.52	11.12	20.89		870	500	4244
1768821	-122.22	11.46	21.67		961	488	4301
1769076	-136.42	1.72	11.45		-627	-366	3047
1769230	-136.87	1.55	11.35		-665	-376	3017
1769486	-140.51	-2.90	18.32		-228	-1171	3065
1769643	-140.34	-3.22	18.20		10943	21527	19387
1769903	-137.01	-4.09	13.66		-769	-851	3450
1770159	-134.54	0.77	16.82		-46	-565	3277
1770312	-142.67	5.87	38.91		14820	-30586	32068
1770572	-52.13	28.83	68.83		2865	4447	7146
1770827	3.89	40.55	115.59		1080	8135	11466
1771083	26.20	53.82	114.14		-1908	7619	10735
1771240	-77.30	nan	-174.41		4492	5594	-30847
1771498	49.28	42.21	83.10		-7334	4018	7591
1771753	41.07	41.21	63.92		-7501	3174	5688
1771908	41.04	41.14	63.19		-7551	3070	5602
1772164	11.36	31.98	40.89		-4682	3989	3109
1772318	11.07	31.89	40.50		8580	27295	3106
1772573	3.16	27.72	32.90		-4175	3659	2383
1772727	2.53	27.61	32.71		22721	-12837	22486
1772985	-4.70	18.49	26.55		-2793	3195	1475
1773241	-8.20	13.55	22.02		-2041	2760	939
1773393	-8.43	13.40	21.83		-2013	2720	930
1773749	-11.26	5.99	16.49		-1214	1933	586
1773902	-11.62	5.70	16.40		-1159	1888	577
1774258	-40.03	-0.46	10.35		43	689	437
1774407	-41.11	-0.54	10.20		-146	657	435
1774661	-99.75	-19.32	-35.12		-6949	-1809	1632
1774921	-106.36	-22.16	-68.52		-9445	1938	8030
1775181	-108.18	-16.12	-46.44		-8193	1215	5674
1775440	-104.06	-26.10	-22.72		-5678	-1818	4046
1775702	-95.09	-38.93	-33.97		-7342	-3819	5574
1775962	-100.35	-30.77	-21.71		-5525	-3060	4088
1776223	-100.46	-22.15	-13.53		-4348	-2268	3813
1776484	-99.47	-14.84	-12.02		-3814	-900	3162
1776642	96.77	nan	41.09		-6330	-31959	5539
1776897	-109.22	-7.97	-14.36		-6172	-301	1650
1777156	-25.25	30.84	138.63		3553	4798	20309
1777414	75.29	53.27	-97.81		7563	-418	14593
1777569	78.87	51.77	-92.63		7547	-169	14217
1777825	99.43	10.11	-33.45		4895	583	5216
1777979	98.93	9.95	-32.97		-10337	13601	19114
1778238	101.82	5.33	-16.41		2851	629	4030
1778492	87.25	7.48	-12.54		1652	-842	3787
1778646	82.76	7.69	-12.68		1503	-1070	3784
1778902	2.42	7.16	-17.47		-262	-2903	4397
1779054	0.57	7.17	-17.32		-420	-2830	4370
1779409	-10.33	1.22	-10.24		12	-1701	4212
1779563	-10.66	1.09	-10.11		-20	-1701	4201
1779919	-31.23	-13.22	-24.64		505	-3176	5118
1780076	-56.36	-25.16	-13.12		-17069	-8409	-11095
1780339	-57.83	-19.67	-68.91		-5052	-4086	8379
1780599	-61.39	-24.53	-50.43		-3050	-3661	6158
1780859	-72.00	-26.43	-34.19		-1884	-3045	4900
1781118	-80.75	-26.95	-24.43		-1320	-2813	4304
1781379	-84.97	-24.71	-18.09		-792	-2358	3933
1781638	-92.99	-24.68	-11.49		-482	-1970	3916
1781897	-104.27	-29.85	6.88		1459	-3315	4255
1782052	98.34	nan	-34.08		13551	-29572	-23963
1782311	-80.34	-23.46	26.02		4709	-265	4303
1782568	-51.68	-18.36	6.23		2248	330	3749
1782721	-51.03	-17.84	5.13		-12784	-24619	-12550
1782983	-28.47	4.31	-28.39		-2527	-1324	4170
1783140	-27.58	4.63	-29.21		-2581	-1446	4229
1783398	42.29	-7.34	-60.63		2654	-4074	5519
1783654	68.42	-5.77	-55.18		5500	-2171	5015
1783810	16.59	-27.55	-76.27		-20154	-28001	14039
1784072	62.11	-1.37	-24.60		662	-1914	2790
1784226	61.71	-1.60	-24.19		619	-1828	2782
1784482	53.33	-10.44	-15.69		551	-124	2326
1784637	53.12	-10.63	-15.52		550	-76	2329
1784891	50.19	-12.12	-12.48		114	740	2257
1785044	50.39	-11.99	-12.61		120	728	2268
1785298	34.95	13.37	-14.39		-1829	-1706	3077
1785556	-2.05	30.28	-44.63		-4422	-3658	5065
1785814	-29.67	7.57	-74.64		-4930	-4907	6872
1786072	-33.02	-14.99	-85.29		-4965	-6530	7686
1786332	-43.24	-13.25	-68.94		-4530	-5665	5597
1786591	-52.73	2.82	-53.91		-6149	-2436	3621
1786849	-47.92	2.50	-44.36		-4965	-2937	2669
1787005	105.32	44.48	-33.98		-26219	-15072	20443
1787268	-40.71	-2.84	-30.85		-2791	-2538	1475
1787526	-42.10	-1.27	-26.70		-2819	-1816	1257
1787683	65.13	nan	-50.37		28425	-8266	24702
1787940	-45.12	2.15	-21.62		-2808	-826	995
1788195	-47.82	1.68	-20.25		-2770	-636	906
1788350	-47.91	1.62	-20.21		-2761	-647	900
1788605	-51.51	2.38	-21.58		-3063	-407	690
1788760	-51.51	2.37	-21.73		-3092	-449	664
1789015	-62.26	0.75	-23.26		-3432	8	1416
1789167	-62.43	0.56	-23.36		-3440	-59	1399
1789422	-84.36	-1.43	-32.75		-5588	715	2343
1789678	-50.78	-5.72	-27.39		-2626	-1316	916
1789936	-77.01	-12.83	-34.53		-4057	-1389	1903
1790196	-109.14	-41.14	-37.11		-7482	-726	3685
1790456	-143.77	-45.38	-14.25		-6374	-1518	2785
1790717	-158.77	-27.78	-12.47		-4844	998	1232
1790976	-156.61	-12.45	-12.43		-2079	2194	510
1791235	-154.98	-15.35	-5.13		-2420	390	843
1791492	-155.21	-20.24	1.42		-2754	-798	544
1791646	-155.47	-20.39	1.64		-2835	-841	582
1791903	-158.27	-15.90	0.85		-3235	-750	299
1792159	-153.66	-0.52	-7.98		-1075	1936	644
1792315	-153.28	-0.04	-8.12		-1016	1966	638
1792572	-146.19	6.58	0.85		1043	1697	100
1792723	-145.61	6.25	1.22		1021	1686	110
1793079	-153.90	-17.26	11.23		-1926	-2194	547
1793337	-157.40	-11.73	7.53		-1481	-1311	284
1793494	-157.63	-11.41	7.35		-1439	-1270	270
1793752	-140.76	1.77	4.45		135	200	141
1793901	-140.02	2.05	4.54		182	224	167
1794152	-127.40	5.81	7.01		626	718	158
1794302	-127.74	5.90	7.09		638	825	164
1794553	-136.80	27.74	-48.36		-2868	7787	5010
1794812	-127.77	17.52	-97.93		-8044	5267	12692
1795072	-90.85	-2.49	-98.75		-9358	831	12993
1795330	-93.40	-30.79	-61.02		-8059	-1405	9361
1795590	-95.41	-30.85	34.45		5028	-4293	2710
1795848	-80.86	-10.79	50.00		4777	-492	2958
1796104	-75.55	10.93	41.13		3791	2972	2466
1796258	-75.44	11.59	40.56		3670	3138	2402
1796514	-81.92	9.79	26.86		2693	2506	1446
1796667	-82.17	9.22	26.54		2689	2423	1392
1796922	-90.42	-15.41	18.53		1676	-2186	789
1797078	-91.26	-15.70	18.37		1674	-2243	765
1797334	-125.76	-8.68	-25.26		-4670	2300	2316
1797593	-105.40	-1.67	-70.85		-8968	2238	9212
1797852	-101.93	9.86	-70.32		-9131	2360	8755
1798110	-63.33	15.59	-24.91		-5854	771	5310
1798265	-64.05	14.95	-22.63		-5558	813	5138
1798521	-80.72	3.85	1.15		-1887	157	3277
1798674	-80.93	3.96	-0.09		-2089	152	3309
1798928	-64.08	-9.10	-60.69		-7130	-4146	7698
1799086	-31.11	13.17	-88.24		-28541	-4139	25765
1799448	5.34	-61.43	-55.63		3210	-5489	8497
1799603	4.62	-59.91	-54.91		3152	-5549	8421
1799860	-9.34	-10.86	-35.64		-1586	-4478	4691
1800119	-6.28	-26.80	-26.35		1284	-3379	5330
1800376	-5.16	-19.55	-20.94		545	-2896	4338
1800531	-5.33	-18.96	-20.62		472	-2843	4279
1800788	-6.02	-14.04	-8.08		-4	-1250	3643
1800941	-5.90	-14.32	-7.83		40	-1207	3654
1801196	-7.93	-15.89	-3.34		396	-427	3799
1801349	-8.31	-15.57	-3.32		349	-419	3759
1801704	-44.70	-37.57	18.35		-10179	-2086	5909
1801964	53.81	85.72	-40.02		-789	-10658	14159
1802223	91.85	10.89	33.46		-3975	-1775	5494
1802379	91.85	11.09	34.33		-4190	-1922	5471
1802635	55.34	7.46	0.81		-1143	-877	3852
1802787	53.33	7.12	-0.61		-915	-893	3918
1803142	-65.77	6.76	-65.30		-6348	-1612	8185
1803298	-66.90	7.19	-65.63		-12990	-8201	-7023
1803558	-64.23	28.95	-61.10		-5712	-663	7313
1803815	-14.59	46.21	-48.98		-4428	-3604	7032
1804075	33.63	56.79	-13.93		-4429	-3572	6768
1804333	54.13	41.71	1.23		-3274	-2653	5201
1804487	-24.24	30.60	-35.49		9267	672	-9832
1804743	29.72	8.09	-12.73		-107	-440	3480
1804897	-63.89	nan	-44.54		-25820	10276	-4188
1805155	27.73	12.48	-16.62		-526	-1402	3837
1805412	27.52	17.89	-10.77		-1477	-586	3585
1805668	75.30	4.45	14.42		-3662	596	4687
1805820	77.93	3.31	15.38		-3814	663	4694
1806073	179.43	-35.98	29.50		-4453	-3756	6146
1806332	-176.88	-39.76	48.57		-2189	-4604	8442
1806593	-168.78	-32.71	44.64		-1294	-5164	6475
1806853	-145.14	-23.14	19.31		-369	-2691	4498
1807112	-116.63	-18.26	15.55		552	-1965	4046
1807370	-94.79	-24.29	46.40		4205	-1260	6316
1807627	-71.98	-27.84	27.38		2964	-990	5510
1807884	-61.67	-20.23	9.03		621	-1444	3589
1808038	-61.45	-20.06	8.95		648	-1402	3576
1808293	-47.34	-9.87	0.80		-575	-718	3626
1808447	-47.26	-9.70	0.72		-612	-716	3606
1808701	-53.46	-17.52	7.37		547	-1043	3792
1808956	-54.82	-25.87	21.08		2531	-139	3513
1809213	-49.43	-23.31	17.43		2092	-3	3595
1809367	-49.24	-22.95	17.06		2026	19	3567
1809722	-47.26	-5.87	-4.65		-1796	-353	3261
1809876	-46.88	-5.83	-4.69		-1839	-272	3316
1810134	-59.31	13.53	-18.16		-4223	757	4802
1810390	-66.16	22.53	-18.12		-4224	2524	4658
1810547	-66.23	22.22	-17.74		6512	26059	-21381
1810806	-115.39	-8.69	16.75		1827	-1503	4472
1811064	-135.74	-5.58	-1.81		-220	330	3654
1811319	-110.39	-2.18	-20.90		-2520	1601	4422
1811578	-76.40	2.55	-18.62		-3129	529	3879
1811733	-75.09	2.65	-18.01		-3079	514	3820
1811988	-49.37	-31.86	38.90		3916	881	6146
1812143	-49.21	-32.80	40.53		3938	1101	6275
1812400	-52.70	-41.13	12.46		2193	-2240	4522
1812658	-55.89	-3.28	-16.69		-3272	-1042	2983
1812916	-37.34	1.15	-8.07		-2893	-157	3403
1813070	-36.34	-0.07	-6.77		-2683	-121	3425
1813326	-22.86	-31.79	21.30		2829	1276	4804
1813482	-21.00	-31.16	20.49		-15133	-15395	26833
1813744	-20.45	-11.13	5.11		-308	-113	2852
1813899	-20.12	-10.78	4.89		-393	-99	2862
1814254	-20.43	-8.02	0.41		-592	-135	2564
1814407	-20.27	-7.74	0.28		-644	-173	2563
1814662	-18.71	-8.94	1.55		-448	-237	3131
1814916	-20.12	-9.73	6.56		-332	395	2998
1815067	-20.13	-9.73	6.71		-329	415	2993
1815421	-16.67	-12.51	11.10		111	752	3013
1815575	-16.62	-12.54	11.18		122	756	3017
1815829	-17.23	-2.89	7.72		-1244	1157	2996
1816085	-31.70	5.62	-1.57		-4458	602	-132
1816238	-59.60	4.92	-1.81		29009	18785	-5516
1816496	140.21	44.09	-35.50		5038	1157	10008
1816754	146.60	-6.36	-10.39		286	1598	2854
1817009	117.17	16.23	0.72		2253	-3792	3945
1817164	115.90	16.69	0.70		2159	-3875	3925
1817419	14.61	30.16	-16.60		-4398	-2175	5954
1817576	-73.24	-35.42	42.65		-26939	28864	-11470
1817838	-18.81	32.20	-38.10		-4165	-3334	6416
1818097	17.62	30.85	-26.91		-1958	-3819	5772
1818254	19.04	30.64	-26.12		-1858	-3709	5767
1818512	91.98	10.30	-10.90		1386	-1085	4025
1818768	126.43	0.31	4.27		-198	-416	4235
1818920	127.26	0.11	5.12		-239	-409	4233
1819173	133.69	10.61	56.32		-4684	-2929	7758
1819431	-154.26	36.95	99.95		2452	-6258	11341
1819691	-154.32	25.88	61.54		3647	-3984	7664
1819949	-157.55	-9.43	25.97		-2578	-2915	4206
1820208	-101.89	-24.23	-14.84		-3397	-1443	4657
1820469	-80.30	-22.08	-29.79		-3583	-2526	5009
1820728	-86.44	-10.81	-12.60		-1398	-691	4059
1820987	-89.44	-11.41	7.96		-2366	990	4453
1821242	-142.47	-20.88	118.69		4086	-7531	16250
1821504	177.99	23.27	26.07		1783	-1304	7465
1821660	176.59	21.37	22.98		-9044	20526	13229
1821919	-171.61	35.34	21.47		3690	-848	4989
1822175	-155.94	11.04	43.81		2636	-3272	5944
1822433	-129.82	-24.94	38.84		1114	-4740	4694
1822692	-99.42	-47.99	34.69		1409	-5289	6190
1823050	-80.62	-45.48	15.33		757	-4648	4817
1823206	-80.11	-44.85	15.11		787	-4528	4670
1823463	-69.86	-33.64	10.57		688	-3151	3941
1823719	-62.97	-26.64	7.08		491	-2532	3558
1823874	-62.97	-26.30	6.93		476	-2495	3548
1824130	-67.99	-17.44	6.44		-222	-1535	3023
1824285	-67.97	-17.27	6.45		-27098	8255	19564
1824543	-67.75	-9.88	2.65		-1001	-752	3008
1824799	-67.94	-6.29	0.72		-1390	-437	2996
1824953	-67.80	-6.20	0.76		-1386	-409	3003
1825209	-71.82	0.13	-2.21		-2222	973	3087
1825361	-72.33	0.29	-2.38		-2255	1012	3068
1825617	-118.94	9.94	100.44		-5546	-8729	17449
1825878	47.57	23.09	-23.20		-2406	-4287	8145
1826135	55.41	44.91	43.53		-6524	-2505	6732
1826291	55.12	46.61	43.37		-6445	-2632	6829
1826547	-29.85	53.66	-38.02		-5886	-3221	7173
1826806	-20.91	34.36	-27.82		-3818	-2769	5431
1827065	-14.44	21.15	-14.14		-1900	-1759	4570
1827323	-12.37	20.18	-5.99		-2281	-612	4405
1827479	-12.58	19.88	-6.16		-2262	-651	4352
1827736	-19.11	12.48	-14.78		-902	-2323	4190
1827994	-20.67	14.42	-17.85		-1619	-1298	4522
1828252	-22.71	16.69	-20.34		-1335	-1965	4233
1828511	-28.06	38.92	-20.99		-3598	-1367	5883
1828871	7.94	79.19	-4.84		-6559	-1453	7981
1829025	9.07	79.92	-4.34		-6519	-1417	8048
1829281	-49.85	73.28	-66.70		-7607	-2768	7404
1829540	-25.24	47.77	-49.82		-3645	-3109	5237
1829798	-3.78	46.43	-35.57		-4096	-4861	4692
1829955	-2.31	46.53	-34.59		-4021	-4866	4649
1830213	-45.62	63.14	-63.98		-8798	-4067	7046
1830472	35.46	48.43	-22.52		-2298	-4815	3195
1830729	26.23	32.25	-31.75		-1249	-6406	3048
1830987	48.85	7.66	-30.50		4087	-2104	2113
1831142	48.80	7.16	-30.42		4066	-1902	2059
1831398	34.57	14.42	-68.81		6992	-6724	6797
1831554	34.88	15.34	-68.78		3685	2898	-22721
1831811	58.75	50.63	-58.65		6479	-6730	7021
1832068	99.07	57.98	-31.57		5916	-5279	5342
1832425	117.99	53.54	-14.60		5089	-4754	3425
1832583	120.59	-30.37	-29.94		28008	14982	-24713
1832845	44.16	50.13	-21.24		-2664	-8206	4799
1833001	-14.53	34.04	-54.43		-1649	-11188	25713
1833364	-162.14	-18.18	60.40		-393	-9783	5789
1833723	52.11	37.61	106.43		-7877	7180	12185
1833880	105.11	17.12	-11.68		-26188	-25235	8819
1834243	-2.05	58.54	166.74		8563	2642	15806
1834398	-0.41	58.70	168.12		8372	2668	15842
1834655	20.37	79.29	-158.40		9664	-665	13315
1834913	117.93	75.39	-45.79		9135	-2275	10329
1835172	128.13	64.54	-53.64		8885	22	9819
1835325	128.94	63.95	-54.25		8875	324	9866
1835581	165.91	36.56	-60.79		5569	6317	8451
1835737	166.72	35.84	-61.00		31310	30470	-28028
1836099	-156.75	34.35	-32.81		2792	4652	6191
1836256	-154.61	34.74	-32.32		-18176	-21473	-6955
1836519	-76.29	19.39	6.71		-130	4344	4432
1836673	-75.33	18.11	7.94		14	4212	4369
1836925	-54.34	-34.12	31.61		4111	454	4539
1837180	-39.12	-18.90	2.82		383	-204	3201
1837334	-39.23	-18.17	1.95		3264	9505	-27641
1837592	-38.51	-20.86	-3.79		141	-1041	3372
1837848	-35.04	-9.83	-3.64		-526	-493	2862
1838003	-34.86	-8.82	-3.75		-722	-433	2900
1838258	-33.31	-9.93	-4.86		-932	-332	3053
1838411	-33.10	-10.33	-4.89		-885	-339	3055
1838668	-30.38	-7.74	-0.41		-843	229	2894
1838821	-30.17	-7.73	-0.16		-25842	9678	19715
1839080	-25.25	-6.91	5.22		-473	991	3373
1839333	-35.56	4.26	5.67		-1645	2188	2510
1839486	-36.05	4.68	5.71		-1692	2266	2474
1839741	-122.01	-21.85	134.53		-4876	-6244	21492
1840003	122.34	-3.76	4.66		-2644	512	6738
1840156	123.72	-7.78	7.59		-3189	639	6498
1840512	100.39	25.19	37.41		-3099	-5439	5598
1840668	99.28	25.64	35.96		-6083	7885	-25840
1840926	1.51	25.71	-20.37		-3251	-4055	5696
1841183	-17.93	17.72	-36.24		-3551	-2625	5687
1841442	-35.74	15.72	-52.79		-3206	-3478	7618
1841700	-53.42	30.12	-74.37		-6345	-2387	9313
1841959	-38.31	45.56	-68.53		-5167	-2924	8738
1842319	34.30	58.60	1.68		-4669	-2239	6657
1842473	36.61	58.28	3.86		-4669	-2202	6649
1842729	79.11	35.71	23.96		-4271	-2229	5966
1842885	79.98	35.07	23.76		7478	23515	-27894
1843143	168.35	-16.69	11.92		-2965	-943	4671
1843401	135.31	-37.59	20.07		-4582	2135	6151
1843659	122.57	-32.54	27.89		-5100	708	5925
1843814	-21.74	nan	-45.78		6717	-28946	9102
1844071	172.47	-20.73	4.24		-2101	-283	4447
1844327	-160.33	-14.56	-1.29		-1185	-192	4184
1844586	-143.03	-8.41	-8.35		-812	382	4162
1844741	-142.20	-8.29	-8.70		-826	450	4168
1844996	-110.32	-10.40	-14.53		-1781	-128	4274
1845256	-103.64	-7.52	-10.11		-945	547	3953
1845411	-103.56	-7.66	-9.82		-17784	-12741	19351
1845673	-98.27	-14.89	-7.86		-750	-619	3950
1845829	-98.07	-15.05	-7.91		-787	-638	3978
1846085	-93.70	-13.80	-6.14		-387	-959	4027
1846240	-51.87	nan	60.34		13334	14392	14303
1846497	-89.39	-5.78	-9.38		-660	130	3876
1846649	-26.65	nan	22.22		24660	24923	-9160
1846906	-77.92	-7.54	-12.91		-1068	-130	3296
1847163	-52.26	-16.63	7.16		795	837	3897
1847316	-51.38	-17.83	8.40		1101	772	3981
1847571	-21.52	-56.00	28.22		4845	2104	6743
1847727	-20.67	-55.48	27.21		4877	2031	6692
1847983	-9.83	-29.25	5.96		1930	399	3331
1848135	-9.53	-29.17	5.78		1908	413	3332
1848489	-1.39	-14.55	-0.84		-123	113	2824
1848643	-1.26	-14.52	-0.91		-102	86	2819
1848896	3.22	-16.59	-3.47		-200	-141	3191
1849150	1.36	-11.52	-2.72		-333	-110	3002
1849303	1.22	-11.10	-2.53		-353	-33	2978
1849657	-3.69	-2.55	-4.63		-2114	-54	2966
1849810	-3.39	-2.66	-4.82		-2108	-79	3056
1850064	1.99	-5.87	-5.23		-763	-515	3207
1850317	3.18	-8.51	-0.57		-693	97	2933
1850467	3.35	-8.64	-0.27		-677	142	2931
1850719	4.55	-10.61	5.58		-419	1100	3538
1850871	4.46	-10.27	5.67		-486	1103	3535
1851124	-20.93	5.08	6.46		-2539	1999	2270
1851278	-22.20	5.09	6.22		-2649	2047	2161
1851532	111.02	70.83	-34.51		3044	-1944	14145
1851791	144.81	-41.63	46.35		-7541	-3353	5954
1852050	124.92	0.02	71.99		-4787	-6518	7115
1852307	117.47	22.98	32.14		-1278	-5139	5364
1852564	16.21	25.92	-11.30		-2990	-1836	5490
1852822	-0.63	20.59	-37.84		-2290	-3942	6396
1852979	-0.42	20.39	-38.32		-5345	11370	3625
1853237	10.65	21.13	-38.12		-1713	-4111	5580
1853495	32.33	19.54	-41.77		429	-4088	5086
1853648	23.35	nan	-19.11		-23364	-18336	-6964
1853907	-34.38	19.39	-164.46		-872	-2533	17681
1854168	-142.71	-28.17	102.64		3481	-3942	11306
1854529	-171.58	-13.09	19.83		-194	-2241	4468
1854687	-6.63	nan	22.89		-24438	-9684	8215
1854942	164.37	-12.46	-0.77		-549	358	3783
1855298	155.55	-12.79	-0.67		-1398	72	4194
1855453	155.55	-12.42	-0.58		-1353	10	4192
1855709	171.22	-2.55	-5.36		465	222	4003
1855860	171.57	-2.61	-5.58		464	249	4010
1856114	-176.09	-6.52	-12.50		-225	1192	3942
1856371	-164.77	-2.71	-11.01		39	802	4066
1856625	-148.59	3.75	-8.05		561	1025	4064
1856779	-147.75	3.96	-7.90		573	1037	4073
1857033	-100.07	6.07	-1.79		886	1534	3954
1857288	-88.75	-6.30	-1.02		765	-674	4323
1857440	-88.35	-6.41	-1.20		767	-652	4262
1857694	-54.45	5.62	-9.03		-1271	911	4164
1857848	-54.16	5.63	-8.92		-1250	856	4188
1858102	-48.80	5.74	-2.80		-556	842	3973
1858356	-47.16	1.41	-3.43		-54	199	3545
1858506	-46.64	1.13	-3.45		13	128	3463
1858757	0.39	-52.37	-3.02		4428	704	7631
1858910	2.65	-54.75	-3.48		9302	27894	-16575
1859168	35.99	-31.00	-23.95		2958	-239	4706
1859424	15.95	14.19	1.17		-3852	-335	3333
1859577	16.23	14.53	2.05		-3885	-281	3345
1859831	19.13	-35.38	0.93		2576	1462	5152
1859985	20.10	-37.36	0.17		2811	1481	5293
1860340	19.90	-9.87	-7.14		-530	-455	3495
1860494	18.70	-8.34	-6.70		-743	-522	3447
1860748	2.74	10.72	3.71		-3218	995	3535
1861000	19.45	-25.24	-5.70		1549	835	3931
1861153	20.54	-26.57	-6.46		1681	894	3996
1861408	14.69	7.21	-9.28		-2436	-1551	3714
1861562	14.43	8.21	-8.81		-2590	-1570	3646
1861818	23.37	-0.54	0.47		-1434	387	3737
1861969	23.85	-1.23	0.45		-1377	439	3746
1862223	25.50	-5.12	-3.05		-778	-80	3637
1862577	23.49	-5.71	-3.59		-585	45	3407
1862728	23.47	-5.72	-3.61		-584	28	3410
1862980	28.39	-12.66	-2.47		-43	618	3655
1863132	28.62	-12.94	-2.36		-10	671	3676
1863385	15.37	-12.88	3.05		-665	1358	2703
1863538	14.55	-12.81	3.30		-660	1371	2652
1863793	-146.14	-45.96	156.64		-4465	-2046	21170
1864055	129.59	20.39	31.62		-2007	-3438	6695
1864212	-61.81	nan	-69.31		15023	4323	23126
1864468	90.90	30.14	48.54		-3797	-4525	7559
1864725	65.72	38.67	29.19		-4099	-3344	5334
1864881	-49.35	nan	-77.91		-23362	-11856	32022
1865140	48.28	-3.11	14.86		-2255	447	4376
1865395	35.21	-43.85	6.87		4627	1778	6858
1865548	35.22	-44.83	6.76		4804	1688	6931
1865802	68.58	-21.62	30.30		-2893	2288	4533
1865958	69.76	-20.94	30.76		-4655	14817	-26436
1866218	101.37	-16.37	25.84		-2614	-968	4198
1866476	89.84	-16.69	2.32		1501	1553	3474
1866730	52.12	-2.57	3.21		-536	-1707	4733
1866884	50.01	-2.33	3.34		-689	-1700	4677
1867138	5.39	-5.91	19.40		-1611	1880	3300
1867393	24.47	-12.01	10.21		1194	482	2829
1867545	25.30	-12.11	9.97		-8992	-4551	19308
1867803	-1.91	18.53	23.04		-2562	2874	5055
1868059	-37.01	49.35	6.36		-5426	5022	7756
1868214	-37.95	49.84	4.15		-5884	5029	7870
1868469	-52.91	-0.90	-48.34		-5020	-3893	7535
1868728	-29.51	-25.78	-56.06		-494	-5930	7740
1868986	-6.53	-19.28	-63.06		709	-6151	7210
1869142	-5.69	-18.16	-63.11		632	-6209	7160
1869399	27.59	23.48	-25.99		-1805	-3465	6094
1869657	101.15	36.02	-6.39		1135	-4232	6555
1869812	103.93	36.54	-5.77		17578	13719	25857
1870071	160.99	31.58	25.19		2198	-4828	6030
1870327	157.75	4.95	25.05		-1082	-2579	5097
1870584	165.65	-12.02	23.59		-2984	-2760	4501
1870843	147.59	-11.35	8.07		-1298	-648	4620
1870999	147.09	-11.41	7.36		-1260	-511	4653
1871255	164.69	-8.22	-27.76		-1380	3098	5823
1871513	157.80	14.49	-44.01		3207	4502	6813
1871669	156.66	15.27	-44.06		3330	4392	6774
1871926	167.23	32.91	-29.90		3680	2120	5004
1872183	-174.32	40.01	16.96		3368	-1684	6219
1872541	-129.56	17.96	46.63		4368	-3445	6547
1872698	-158.18	-0.12	158.99		4862	3270	-17653
1872958	-126.33	31.48	89.55		4939	-4711	9450
1873216	-118.95	27.04	110.77		4661	-4756	11234
1873476	-140.57	19.42	109.29		2749	-6894	12050
1873736	-149.31	21.18	98.20		3464	-7350	9269
1873994	-165.65	14.13	85.37		1255	-7285	7877
1874252	-172.77	15.11	86.42		-225	-8093	8100
1874509	-171.56	23.36	78.74		1197	-7947	6852
1874767	-176.21	23.90	63.53		1246	-7183	4928
1874924	149.35	22.27	-40.90		8466	10004	-22627
1875184	178.60	17.95	47.12		710	-5819	3054
1875440	177.02	15.14	40.42		420	-5166	2430
1875696	172.47	12.48	34.76		-38	-4695	1747
1875850	172.42	12.38	34.53		-52	-4654	1725
1876106	170.53	12.45	26.16		22	-3603	1307
1876259	170.52	12.51	25.96		32	-3578	1293
1876615	166.13	11.76	15.59		276	-2294	578
1876768	166.12	11.74	15.46		292	-2277	574
1877124	166.19	10.02	11.30		175	-1673	483
1877277	166.21	9.99	11.20		157	-1659	502
1877530	-179.24	-29.32	-22.11		-5237	4940	3227
1877790	-154.59	-75.80	-44.11		-9472	2619	9899
1878050	150.65	-79.24	72.55		-6702	-6056	10921
1878310	170.57	-31.06	55.36		-5059	-5835	7926
1878569	162.72	-20.62	53.98		-5419	-4947	6858
1878828	170.19	-46.88	35.18		-7657	-3153	5936
1879087	170.85	-25.14	26.38		-5299	-2221	4578
1879346	-161.92	-4.33	22.61		-1323	-2746	3498
1879605	-162.23	-11.72	15.69		-2968	-2546	3238
1879864	-156.82	0.39	16.00		-1103	-1777	3425
1880122	-164.04	-5.92	12.10		-2152	-1135	3067
1880381	-173.41	-8.10	6.54		-3185	-156	2311
1880637	-150.52	79.01	43.08		-5004	-6070	13993
1880897	9.44	-42.64	-30.38		4261	-1246	9455
1881053	6.02	-39.16	-25.36		3921	-1179	8669
1881310	-6.96	-0.37	-15.70		1266	-2807	3874
1881566	-25.55	-12.55	-15.99		1007	-3252	4203
1881723	64.90	nan	-19.14		8709	13611	-7125
1881978	-81.09	-35.30	-9.12		-622	-4835	5779
1882236	-96.12	-43.41	-12.35		-2013	-4401	6392
1882497	-94.96	-37.74	-8.06		-1313	-3954	5550
1882756	-47.31	-33.15	-1.16		1956	-2095	4269
1882911	-65.55	-2.80	8.80		11455	4625	-14458
1883169	86.42	-20.12	-145.91		467	-511	19608
1883427	-165.25	52.22	80.90		-452	-4819	10377
1883686	104.76	5.90	52.93		-5615	-1900	6325
1883942	94.89	-25.85	43.09		-3861	2233	5930
1884098	94.48	-26.51	43.08		-3867	2412	5894
1884355	89.60	3.87	39.82		-4154	81	5331
1884507	87.46	5.83	38.85		-4076	-34	5344
1884760	22.05	44.95	-14.30		-3496	-5185	6519
1885018	48.42	31.94	-16.77		-4	-4435	5401
1885272	89.46	11.74	-9.41		1801	-1673	4732
1885426	90.67	10.75	-9.13		1791	-1519	4687
1885681	122.59	-13.55	-1.48		-534	2452	4150
1885837	20.37	nan	20.64		13788	-1191	5545
1886091	146.72	-10.64	0.79		-725	1320	4130
1886245	147.24	-10.55	0.79		15658	22167	30332
1886504	-174.92	9.03	6.21		-256	737	3565
1886757	-111.93	51.54	75.09		5005	-348	10987
1886915	-107.66	51.79	80.26		9084	10651	-20719
1887175	-31.85	43.05	-132.23		475	-8057	15855
1887433	45.70	18.11	-34.17		2742	-2587	5840
1887690	58.97	9.62	-8.33		752	-628	3782
1887841	59.24	9.60	-7.91		721	-628	3786
1888094	84.53	-6.55	13.82		-1261	1911	4395
1888349	105.59	-15.19	25.18		-3012	2217	4401
1888607	111.85	-10.04	22.52		-1935	499	3926
1888762	-171.22	-4.89	156.20		-14237	-20285	11811
1889026	50.03	4.41	2.94		453	-152	3639
1889175	48.62	4.90	2.35		461	-366	3609
1889426	54.02	6.31	-0.24		295	-695	3940
1889577	54.48	6.03	-0.17		322	-672	3935
1889829	156.11	4.28	-1.23		158	1609	4091
1890083	-162.28	34.56	33.96		3102	-1629	6046
1890240	-167.76	-1.40	177.38		27674	-6067	-7840
1890601	-141.74	-1.82	11.55		-1687	-869	2974
1890758	-142.00	-3.07	10.17		26064	24877	-19571
1891019	-132.22	1.59	7.88		-1438	-368	3991
1891275	-122.77	27.26	39.84		4521	138	4925
1891530	-128.91	4.29	11.79		-740	-759	3144
1891685	-128.90	3.89	11.13		-830	-753	3039
1891940	-117.64	2.72	13.53		132	-319	3764
1892093	-117.51	2.26	13.19		68	-332	3741
1892346	-115.59	-4.34	1.78		-1949	-925	3000
1892603	-114.36	3.69	13.57		307	-245	3499
1892959	-114.83	2.28	9.11		-619	-481	3048
1893111	-114.70	2.47	9.09		-608	-443	3047
1893366	-110.34	7.30	7.69		-201	438	3641
1893619	-114.42	0.67	-0.60		-2611	603	2845
1893774	-115.13	0.29	-0.88		18405	27729	-20620
1894034	46.85	41.38	-148.35		2941	-10027	21544
1894293	13.69	2.90	7.17		-2497	325	5591
1894546	-48.35	52.91	-76.16		-6071	-6180	8697
1894804	-47.97	3.27	-56.64		-3857	-5760	6978
1894961	-48.37	1.66	-55.53		-3727	-5703	6889
1895219	-150.74	-30.72	-14.37		-3672	699	5844
1895478	-140.41	-31.68	0.34		-1555	-1918	5020
1895737	-102.51	-36.39	-3.91		-1976	-3393	5358
1895996	-30.21	-58.49	-0.38		5017	-2659	5984
1896254	93.94	-7.91	-144.51		2381	-626	20702
1896612	159.20	2.06	64.89		-5010	-5898	7623
1896768	156.08	-0.28	64.41		-5338	-5731	7452
1897026	111.07	-14.60	25.61		-2539	-422	4388
1897284	107.59	-6.32	10.71		-659	-10	3989
1897437	107.01	-6.17	10.42		-561	294	3950
1897692	113.19	10.54	6.56		978	-2110	4035
1897844	113.52	10.80	6.50		1050	-2163	4013
1898100	140.63	1.54	6.36		422	535	3556
1898250	141.13	1.06	6.33		342	643	3526
1898502	165.28	-6.39	-7.13		-236	1954	3626
1898655	165.51	-5.88	-7.25		28382	-2329	17437
1898914	165.83	11.58	-9.16		2004	1283	4637
1899170	165.66	1.52	-3.86		344	926	3838
1899321	165.93	1.21	-3.54		292	920	3796
1899574	-163.84	17.38	24.16		2399	-1297	4926
1899832	-118.12	27.53	57.30		5927	-407	6786
1900088	-122.55	5.73	28.89		1337	-782	4165
1900242	-122.72	5.44	28.26		1218	-860	4012
1900498	-107.88	15.36	41.47		2925	398	5030
1900653	-106.71	15.75	42.84		27796	-13473	-32670
1900915	-126.44	1.51	18.90		32	-719	3083
1901067	-127.27	1.11	17.72		-125	-726	2969
1901323	-127.91	3.71	7.24		-683	855	3151
1901576	-117.91	8.26	26.64		1272	67	3657
1901728	-117.84	8.11	26.66		1266	21	3662
1901981	-124.97	1.08	10.20		-508	17	2644
1902234	-125.60	0.25	11.08		-515	-267	2771
1902389	-125.35	0.29	11.27		-499	-266	2786
1902644	-117.80	4.75	18.07		538	55	3077
1902795	-117.74	4.87	18.08		550	64	3091
1903047	-130.07	-0.20	4.00		-1263	1061	2417
1903304	-145.24	-0.90	11.52		-8545	1645	-1862
1903562	23.24	-14.06	-119.38		-2515	-7160	19750
1903823	-40.67	26.12	-19.09		-5503	-1094	4866
1904082	-73.28	51.76	-77.58		-7830	-3036	9624
1904342	-63.06	31.77	-71.47		-6442	-3665	8390
1904600	-44.96	36.04	-51.20		-4948	-3025	6702
1904859	-24.97	32.75	-25.89		-3527	-1834	4595
1905016	-55.40	32.82	-104.31		-14759	-2165	-30232
1905280	-15.83	0.95	-1.18		888	-762	3597
1905432	-15.85	0.38	-0.73		969	-737	3607
1905685	-37.80	-19.92	29.74		3651	606	6002
1905941	-52.88	-32.11	56.70		6764	493	7728
1906196	-27.72	-34.04	40.75		4476	1604	6092
1906352	-26.31	-34.28	39.68		4416	1546	6059
1906609	25.71	-33.27	5.93		2948	1043	5396
1906762	26.09	-33.34	5.60		2960	1081	5381
1907017	42.82	-35.74	-21.06		4013	-89	5904
1907171	43.41	-35.62	-21.97		4061	-157	5956
1907428	65.67	-28.80	-40.29		4482	-355	5813
1907685	79.64	-17.95	-48.74		4887	-488	6507
1907841	80.31	-17.30	-48.86		4854	-496	6510
1908097	114.05	-4.40	-83.28		6100	2414	9444
1908354	89.59	-2.99	-110.23		5692	-845	11667
1908510	88.50	-2.79	-111.03		21972	-27189	24105
1908771	69.41	-6.39	-122.74		5413	-3834	13070
1909030	82.83	-14.27	-106.49		6500	-2314	10836
1909291	103.15	-25.56	-82.92		6617	1940	7217
1909548	104.06	-19.59	-60.75		5780	3458	4860
1909806	95.51	-3.52	-46.28		4508	-329	3121
1910062	95.01	-15.86	-48.30		4571	1411	3475
1910217	94.96	-16.51	-48.65		4602	1498	3495
1910473	107.01	-22.12	-30.24		2372	2928	1989
1910731	101.35	-10.51	32.59		-6930	-372	4660
1910989	98.78	12.47	79.42		-9452	-1942	10829
1911146	98.47	13.20	80.53		-20574	-27292	-18203
1911407	86.60	33.09	96.11		-7186	909	13316
1911663	69.84	35.89	85.91		-7135	2374	11262
1911919	76.31	22.46	68.30		-7147	323	9432
1912073	77.04	21.57	67.61		-7137	245	9310
1912328	123.51	-1.79	39.05		-2533	-1762	5819
1912484	123.45	-1.74	38.58		-24231	20904	-20673
