75
2493352	-177.42	-4.31	-4.10		-478	817	32
2493504	-40.97	nan	-33.65		7175	-10757	-6490
2493762	-177.83	-5.44	-3.99		-473	494	98
2493914	15.37	nan	-34.62		-29643	29852	-3720
2494171	-132.48	-8.98	-32.47		-5887	3911	2081
2494430	-118.92	-17.67	-89.61		-9391	5526	10874
2494691	-75.96	-39.22	-133.86		-7272	1954	16011
2494952	-62.07	-59.50	-144.42		-7501	3580	15037
2495213	-140.16	-66.59	-4.82		-8468	-3767	8192
2495473	-132.65	-56.82	3.57		-6014	-4986	6646
2495631	8.28	7.01	-16.00		13710	-7421	-16369
2495889	-112.57	-59.77	-23.91		-6837	-5066	7294
2496150	-126.65	-32.44	-0.06		-4497	-3288	4813
2496410	-126.17	-23.63	3.13		-3308	-2900	3945
2496668	-128.44	-24.96	-2.34		-4243	-2516	3823
2496928	-128.62	-14.15	3.77		-2609	-1800	3350
2497187	-124.71	-8.21	6.95		-1761	-1397	3284
2497444	-120.63	-2.35	10.06		-839	-911	3505
2497701	-122.94	-8.46	7.17		-1896	-1178	3669
2498060	-148.52	-42.89	3.55		-6074	-2160	5193
2498319	-118.61	65.31	97.92		1852	-7753	16575
2498678	69.04	-6.83	79.50		-8673	1747	10956
2498834	70.20	-2.37	80.89		-9010	1367	10583
2499091	38.56	26.96	4.58		-1772	-3239	3559
2499447	-47.32	-36.53	-24.78		206	-5623	6397
2499604	-49.24	-38.05	-24.61		-19543	-7845	2460
2499966	-91.11	-59.30	-73.11		-6984	-244	10215
2500227	-101.23	-42.28	-77.30		-6492	1119	9630
2500486	-67.39	-24.93	-78.85		-5542	-2322	9209
2500746	-45.79	-4.59	-59.32		-4647	-3090	6583
2501005	6.13	8.21	-38.77		-1056	-2370	5448
2501158	7.91	9.02	-38.36		-1127	-2339	5503
2501414	43.13	31.83	-14.66		-2160	-3804	5492
2501571	-71.39	-57.19	2.22		-8357	-26727	-17922
2501934	68.84	33.66	-15.30		-353	-3673	5195
2502089	69.22	33.56	-15.67		-269	-3652	5223
2502345	34.35	26.24	-20.83		-1317	-2750	4491
2502603	34.19	22.16	-15.70		-1102	-1657	3953
2502962	29.32	23.70	-13.42		-1966	-1416	4149
2503118	14.51	1.39	-22.66		17433	11485	19901
2503376	111.10	0.23	25.17		-3862	97	4193
2503731	121.42	-3.93	55.48		-5839	-2546	7657
2503887	-144.31	nan	-158.24		13338	-11916	-14609
2504150	114.44	-2.94	33.71		-3592	-526	5106
2504305	114.36	-3.03	32.63		-3477	-398	4994
2504561	92.87	5.85	8.11		-540	-21	4076
2504711	92.37	6.04	7.87		-517	-47	4087
2504963	79.84	11.09	-1.22		212	-799	4190
2505114	79.67	11.08	-1.49		289	-810	4218
2505367	88.70	5.98	8.29		-860	261	4058
2505518	88.67	5.93	8.56		-849	262	4064
2505768	86.78	7.50	24.12		-2439	-107	4252
2505922	86.89	7.32	24.41		-2462	-88	4249
2506276	92.65	-10.12	26.00		-2221	1868	4398
2506432	92.70	-10.32	26.01		-2227	1909	4421
2506688	95.01	-4.00	25.50		-2236	1035	3859
2506843	120.25	8.07	118.36		18273	-6326	10612
2507102	86.15	6.87	10.57		-9	-562	3700
2507251	86.03	6.91	10.47		1319	23536	-19974
2507508	89.92	3.02	12.52		-168	-61	3483
2507659	90.18	2.84	12.61		-213	-19	3479
2507912	92.92	0.48	8.93		270	162	3564
2508060	92.96	0.50	8.86		12287	31905	19254
2508316	90.31	5.09	6.20		402	283	3497
2508465	90.14	5.30	6.09		393	259	3519
2508715	84.98	13.53	5.65		395	-1062	3552
2508867	84.89	13.68	5.73		376	-1086	3561
2509120	93.26	10.84	6.36		464	-571	3271
2509372	109.81	16.91	-6.30		1946	-594	3281
2509527	110.96	17.59	-6.98		2049	-574	3313
2509783	-166.68	70.03	3.45		5217	2620	7218
2509937	-162.96	70.48	6.04		11699	4831	-9119
2510195	-175.86	20.07	3.46		124	734	4163
2510348	72.52	39.35	-124.25		-17883	6913	-27206
2510709	146.34	-27.46	-1.36		-3849	3224	3844
2510866	-168.20	68.75	-58.13		23672	-11493	-31400
2511130	-156.64	49.41	14.87		3342	1871	5087
2511286	176.74	-9.55	173.08		28644	-31419	-7274
2511647	-169.99	13.42	1.74		-57	477	2564
2511800	-170.12	13.13	1.82		-95	460	2565
2512053	-167.50	13.84	7.78		309	86	3091
2512204	-170.55	9.34	97.42		-528	278	12289
2512459	-168.35	12.82	6.83		98	57	2861
2512610	-168.32	12.80	6.74		85	64	2857
2512861	-163.93	16.29	5.64		463	451	3036
2513012	70.19	nan	59.07		22594	14999	-14530
2513269	-167.09	3.45	6.69		-1355	-344	2947
2513524	-165.50	-17.96	10.68		-4289	-1845	1228
2513784	-57.89	11.43	-177.10		-3267	-1211	18650
2514045	-41.07	-23.82	-127.70		-6760	-3941	18058
2514308	-55.47	-18.05	-53.49		-3476	-4590	8720
2514568	-46.56	-14.71	-18.21		95	-3180	4631
2514825	-34.16	-17.56	-12.28		1266	-3085	4638
2515083	-25.89	-22.01	-10.17		2231	-3016	4467
2515342	-12.58	-41.08	1.66		2680	-245	5308
2515496	-12.25	-42.69	2.37		2785	69	5457
2515851	5.18	-74.84	-136.30		-5736	-6319	11701
2516111	-85.09	-58.05	-48.07		-4321	-3321	7256
2516371	-91.79	-35.32	-37.63		-3887	-1911	5351
2516630	-79.02	-24.02	-37.53		-3160	-1745	4531
2516890	-8.76	-14.17	-64.30		-1072	-5779	6369
2517149	26.40	-9.37	-130.08		-152	-3985	15215
2517509	-123.42	-30.73	109.72		4597	-67	12094
2517768	-160.11	-38.28	39.07		-1849	-4910	5445
2518028	-160.34	-42.78	3.65		-3117	-2084	3648
2518287	165.23	-46.07	36.19		-4229	-2802	5846
2518445	178.69	-7.33	165.77		-9773	-24691	5776
2518705	107.57	3.70	73.24		-6420	-3974	9043
2518961	75.62	29.52	55.76		-7178	-2727	8030
2519218	60.46	20.36	42.07		-5678	-811	6092
2519372	59.89	19.72	41.72		6012	-18911	-26979
2519631	37.34	4.68	25.03		-3211	673	4062
2519884	35.72	2.31	19.42		-2300	371	3743
2520037	35.40	2.14	19.31		-2248	387	3727
2520290	32.73	0.45	15.76		-1848	259	3691
2520543	34.61	-0.39	11.20		-1471	-341	3507
2520697	34.58	-0.56	11.00		-1425	-349	3505
2520952	28.40	-5.57	6.74		-392	-175	3380
2521105	28.31	-5.50	6.71		-362	-180	3392
2521358	39.77	3.74	2.11		-798	-1246	3702
2521611	68.44	7.62	-0.61		-191	-2200	4027
2521764	69.37	7.70	-0.59		-140	-2205	3997
2522018	111.64	13.07	5.19		1264	-1975	4357
2522274	107.66	11.45	1.50		1340	-1476	3911
2522530	98.74	2.50	1.08		652	-779	4091
2522680	98.36	2.28	1.09		701	-700	4035
2522931	109.53	-5.61	8.35		-375	-35	3874
2523083	109.73	-5.64	8.55		-387	-37	3874
2523336	116.97	-4.00	13.55		-655	-656	3837
2523591	124.91	-2.11	16.56		-592	-1203	3943
2523848	121.78	-2.87	13.42		-428	-618	3722
2524003	121.71	-2.87	13.30		-399	-617	3716
2524258	122.78	-3.74	9.86		109	-187	3617
2524410	122.80	-3.79	9.88		99	-191	3617
2524662	127.08	-5.20	8.53		30	-37	3561
2524812	127.24	-5.20	8.41		53	-28	3559
2525063	129.75	-5.31	6.02		308	213	3558
2525416	130.28	-4.82	6.12		330	159	3542
2525566	130.29	-4.82	6.11		333	166	3541
2525818	130.41	-4.80	5.84		362	141	3563
2525970	130.43	-4.82	5.83		365	141	3560
2526222	131.41	-5.98	5.51		397	174	3601
2526474	129.41	-8.67	6.34		-58	490	3503
2526625	129.36	-8.70	6.38		-50	481	3480
2526877	128.61	-7.97	7.93		-83	218	3444
2527029	128.61	-7.92	7.92		-85	212	3437
2527281	130.71	-5.25	7.23		187	131	3450
2527533	132.60	-3.95	6.03		523	65	3469
2527682	132.65	-3.93	6.01		525	64	3467
2527933	134.95	-3.94	6.69		424	-12	3475
2528084	134.99	-3.94	6.75		416	-30	3472
2528336	136.07	-4.99	6.79		354	112	3457
2528488	136.16	-5.02	6.81		10385	-20070	-5103
2528746	146.99	-3.36	5.60		105	99	3271
2528897	148.15	-2.98	5.54		126	140	3215
2529250	-123.51	51.82	51.96		5889	901	8000
2529404	-119.36	52.09	54.47		5811	1315	8105
2529660	-118.56	26.00	17.28		1538	2630	5843
2530019	-133.50	-4.38	-12.37		-2892	1991	3215
2530277	-126.75	17.35	26.74		2067	518	4773
2530432	-125.43	18.47	29.17		2401	497	4908
2530688	-108.66	11.29	42.90		4092	-483	4819
2530843	-108.87	10.73	41.29		3779	-452	4639
2531100	-106.81	-2.81	17.40		143	-728	2860
2531457	-110.95	-2.42	15.72		-118	-497	3077
2531611	-111.16	-2.41	15.74		-101	-479	3082
2531868	-111.92	-0.86	14.96		-78	-397	2642
2532023	54.93	-42.48	-108.71		28761	-3539	29013
2532384	-106.43	2.59	17.26		423	106	2843
2532537	-106.25	2.54	17.17		412	106	2854
2532790	-101.98	-9.32	2.41		-2437	-1010	2998
2533048	-100.22	-31.34	-18.95		-5412	-2720	3972
2533309	-115.91	47.68	87.29		-907	-7892	14988
2533568	62.43	-44.01	45.79		-9608	2412	10747
2533826	71.52	41.73	44.76		-6211	-4829	4914
2534082	60.94	32.08	6.37		-2129	-5126	4076
2534237	61.47	30.56	5.35		-1917	-5006	4039
2534493	103.23	-21.29	-43.43		5093	2717	6199
2534751	137.49	-33.42	-108.17		3149	2739	13412
2535011	53.97	36.00	139.67		-4727	3697	15036
2535166	-74.52	nan	9.45		-18060	29512	19002
2535424	-167.28	-22.83	20.16		-2711	-2889	3403
2535684	-152.85	-70.41	-18.56		-6012	1766	9385
2535944	3.14	-62.63	156.49		-7011	3429	12425
2536202	-9.16	-42.11	157.40		-4904	4573	13720
2536461	-39.25	-52.09	-176.79		-5033	5239	13653
2536722	-124.88	-76.00	-98.00		-4600	6969	9750
2536981	142.73	-46.89	3.13		-3268	3610	4454
2537238	144.41	-13.75	1.13		222	721	2408
2537391	144.88	-12.89	0.43		414	802	2403
2537644	146.19	9.38	-3.09		3066	69	3737
2537895	139.96	17.57	2.49		3197	-1882	3585
2538050	139.92	17.82	2.47		3188	-1831	3611
2538306	123.27	33.60	2.86		3109	-3612	5324
2538461	122.19	33.98	2.93		3029	-3738	5377
2538717	101.18	32.09	0.26		1875	-3901	5073
2538871	101.26	31.80	0.28		27496	-1516	20389
2539128	101.62	13.84	6.51		516	-2346	4103
2539383	113.28	3.17	6.27		798	-260	3552
2539534	113.63	2.91	6.34		780	-213	3549
2539787	106.53	11.96	4.05		741	-847	4053
2539938	105.59	12.83	3.57		801	-1002	4121
2540193	81.27	25.40	-4.37		1090	-3298	4705
2540348	81.54	25.31	-4.22		1070	-3271	4718
2540603	95.50	13.92	6.12		252	-1796	4035
2540755	96.77	13.40	6.55		241	-1731	4027
2541008	135.00	-7.28	11.27		-1254	914	3562
2541264	145.75	-6.79	9.25		-592	66	3969
2541415	146.23	-6.72	9.14		-547	-21	4025
2541769	-147.71	-22.11	-20.86		-3790	2127	4658
2542029	-149.33	-28.70	-5.77		-3245	1020	3921
2542288	-133.19	26.75	80.12		255	-4539	14053
2542445	-127.35	33.07	84.98		-30421	21311	-6012
2542706	76.60	3.96	52.91		-8826	-2956	5336
2542961	76.82	41.22	49.87		-6176	-4030	5719
2543218	57.52	-8.37	22.47		-1925	843	3509
2543372	56.60	-11.29	21.22		-1240	931	3615
2543627	58.70	25.84	-173.80		-2732	-290	22126
2543886	-133.06	10.75	62.53		2323	-6461	5145
2544043	-138.05	9.10	60.96		-22710	-880	-7395
2544302	-175.91	-40.22	-4.76		-4481	2476	4519
2544561	-173.63	-28.45	-12.67		-2872	2636	4228
2544820	173.02	-9.54	-2.17		-419	1549	3493
2545076	150.76	10.56	-3.66		2201	429	4320
2545229	150.14	11.05	-3.68		2208	328	4328
2545483	166.01	10.86	0.83		2166	683	3622
2545636	166.51	10.70	0.80		2159	657	3610
2545889	176.93	4.20	-2.76		886	1765	3678
2546143	177.49	2.94	-0.38		530	993	3318
2546293	177.75	3.14	-0.17		509	954	3293
2546545	-126.64	54.29	40.20		5306	1732	8141
2546802	-110.69	51.78	43.16		4737	3435	8077
2546958	-112.66	51.02	41.32		29027	-14935	-9158
2547320	-163.92	-29.69	0.20		-4675	-645	3876
2547477	-163.58	-30.46	-0.23		12876	-12538	20083
2547739	-163.28	-1.96	7.11		-482	683	3731
2547893	-163.02	-0.86	7.58		-325	657	3687
2548147	-172.83	8.36	9.07		524	-29	3969
2548399	-162.89	0.93	4.09		-140	502	4351
2548551	-162.22	0.37	3.83		-246	535	4360
2548804	-144.28	-24.48	-12.89		-3977	369	4717
2549063	-132.89	-33.20	-23.64		-4479	1924	3975
2549323	-131.21	34.77	93.84		-4755	-2609	16533
2549583	111.24	43.35	-111.27		8252	7501	6820
2549841	63.31	-7.74	55.46		-2917	983	-779
2550197	-90.72	49.42	-30.34		-8678	3344	8134
2550353	-52.13	-18.32	48.85		4615	-7773	16758
2550611	52.55	11.63	33.21		-3722	141	2761
2550866	9.60	26.71	31.59		-4700	1872	3628
2551020	8.77	26.58	31.80		-4682	1988	3593
2551274	1.85	17.48	24.85		-3356	1568	2625
2551428	1.75	17.28	24.71		-3328	1552	2611
2551783	-1.67	9.27	19.19		-2183	927	2082
2551936	-1.72	9.14	19.10		-2164	916	2075
2552188	-3.15	4.89	16.49		-1555	560	1892
2552441	-3.78	2.78	15.25		-1255	376	1824
2552594	-3.80	2.71	15.21		-1245	369	1824
2552847	-4.46	0.38	13.88		-915	163	1764
2552998	-4.47	0.33	13.85		20407	-26411	8299
2553254	-4.92	-1.32	12.93		-679	11	1738
2553406	-4.92	-1.36	12.90		-672	7	1735
2553657	-6.73	-1.94	18.79		-1714	-739	1656
2553912	-60.97	-2.17	32.58		2549	1109	2323
2554066	-61.55	-0.66	31.17		2978	9240	-15111
2554323	-61.78	6.59	-18.62		-4617	-437	2711
2554580	-58.71	-4.83	-18.57		-3701	-2507	3408
2554840	-53.29	-10.65	-22.42		-3218	-3322	4088
2555099	-53.87	-4.84	-14.65		-3987	-2281	3224
2555358	-79.29	5.45	-19.79		-3806	386	3872
2555512	-79.45	5.91	-20.07		-3806	475	3908
2555767	-105.38	36.12	16.62		1109	3833	4432
2555923	-108.27	34.58	15.26		1258	3654	4290
2556180	143.57	28.11	-25.09		4152	1807	5119
2556437	138.71	25.95	-18.07		4284	448	4810
2556592	138.87	25.78	-17.38		4185	430	4740
2556847	140.54	14.32	-2.12		1980	402	4075
2557000	140.59	13.67	-1.98		1923	542	3974
2557255	148.50	1.58	-1.78		823	1018	4072
2557407	148.81	2.25	-1.99		928	960	4101
2557660	151.67	19.29	3.14		1937	-750	3635
2557914	151.12	15.78	6.76		1060	-102	4047
2558067	150.92	14.90	6.74		987	42	4056
2558318	154.65	-1.95	1.53		-436	768	3801
2558672	148.65	1.24	0.86		566	662	3935
2558823	148.07	1.60	0.81		580	654	3860
2559074	129.99	-6.44	0.64		863	1719	4332
2559225	129.73	-7.21	0.29		849	1711	4326
2559479	127.01	-17.77	-1.84		-855	2311	4334
2559735	126.45	-12.43	-0.03		270	1292	4537
2559991	118.44	2.52	0.32		544	170	3548
2560141	118.43	2.77	0.13		543	151	3552
2560392	152.25	1.29	10.70		-254	-628	3651
2560545	153.10	0.97	11.10		-331	-669	3630
2560800	170.55	-7.31	55.71		-726	-4073	6060
2560956	169.98	-7.62	56.67		-11935	-6973	-5249
2561215	176.90	-22.43	89.64		-927	-6759	8471
2561473	167.40	-30.78	86.94		-2700	-6753	8100
2561732	167.66	-32.34	75.08		-3293	-6351	6701
2561991	113.47	-32.96	10.90		-992	3789	3383
2562247	145.16	-7.86	43.94		-2678	-2980	3438
2562607	165.70	-13.42	57.23		-2549	-5561	4174
2562866	169.51	-12.93	47.50		-2322	-4843	3082
2563023	76.11	46.75	-36.67		-30864	6890	-11342
2563283	-168.29	-22.01	25.51		-2750	-2666	2284
2563644	-137.80	-25.68	6.87		-3083	-1940	1973
2563802	-12.15	nan	10.88		-2027	26042	-24828
2564060	-138.85	-25.71	5.52		-3712	-2072	1362
2564318	-129.46	-25.82	3.25		-3505	-2089	1912
2564577	-107.53	-4.73	-28.65		-6058	1096	3459
2564836	-100.80	5.95	-25.29		-5151	1386	3731
2565093	-92.96	9.26	-7.16		-3069	1169	2662
2565248	-92.69	9.27	-6.22		-2893	1130	2568
2565502	-97.30	0.53	8.74		-1076	31	2076
2565654	-97.61	0.77	9.03		-992	35	2116
2565905	-104.77	4.43	21.24		1114	90	1720
2566057	-104.70	4.68	21.00		3239	9183	-27484
2566315	-104.58	18.76	32.44		3015	1416	2793
2566572	-110.18	20.86	40.63		4860	1392	2508
2566829	-118.34	-0.94	32.93		2517	-1947	1892
2566985	-118.69	-1.37	32.31		2447	-1922	1804
2567242	-112.68	2.95	10.44		-31	250	967
2567394	-112.45	2.86	9.89		-180	187	1081
2567748	-108.11	3.16	-1.30		-1928	1186	1539
2567904	-107.84	2.80	-1.46		-1943	1208	1495
2568160	-115.59	-5.82	36.51		3027	-2619	2110
2568418	-121.48	-8.19	48.26		4083	-3830	2718
2568776	-108.72	0.45	26.94		2917	-803	1490
2568931	-108.74	1.15	25.82		2865	-657	1477
2569186	-105.95	-9.55	-3.09		-2724	-1138	1283
2569445	-104.06	-7.76	-7.90		-3250	-1009	1505
2569804	-97.85	-2.65	2.33		-1411	-579	1144
2569959	-97.45	-2.30	1.82		-1460	-547	1242
2570214	-102.92	4.40	16.62		662	60	1369
2570365	-102.97	4.77	16.55		633	217	1230
2570618	-97.78	0.29	38.64		4084	-841	1835
2570872	-98.64	1.45	44.35		5168	-898	2404
2571026	-98.68	1.07	44.30		5194	-941	2410
2571381	-99.54	-3.52	39.89		4790	-1775	1967
2571537	-99.56	-3.55	39.57		4772	-1774	1938
2571794	-89.74	-19.92	32.53		4285	-3436	2013
2572051	-84.69	-10.91	19.93		2630	-2363	964
2572207	-84.78	-9.88	19.47		2510	-2197	904
2572463	-101.88	12.54	11.91		1362	1139	511
2572617	-102.32	13.07	11.00		-21714	28617	-18594
2572879	-116.65	23.61	-10.73		-1025	4344	1293
2573037	-43.82	nan	-36.28		24076	-13667	-19418
2573296	-105.16	4.97	3.33		-431	729	292
2573548	-100.32	-3.59	-7.34		-2524	-443	192
2573704	-100.22	-4.37	-8.31		-2660	-606	352
2573961	-92.56	-2.21	-27.27		-5205	-629	2950
2574218	-86.60	2.75	-18.01		-4782	-513	1815
2574373	-86.62	2.58	-17.74		-4721	-338	1793
2574629	-84.52	7.90	-9.12		-3400	480	1476
2574783	-84.37	8.02	-9.37		19873	20678	-31068
2575042	-73.39	7.47	-11.46		-3901	-158	1818
2575298	-66.99	0.14	-4.78		-2345	-1496	2148
2575555	-78.69	-3.53	23.18		1865	-585	1466
2575709	-78.69	-3.45	23.23		1876	-579	1497
2575965	-61.03	-2.54	-4.01		-2202	-1961	1366
2576121	-60.95	-2.60	-4.68		15090	-9702	5934
2576378	-63.78	-7.33	-6.10		-2073	-2586	2372
2576636	-58.44	-2.52	-3.70		-1946	-2075	2231
2576893	-56.79	-2.32	0.61		-1121	-1775	2052
2577049	-56.79	-2.30	0.60		-1223	-1796	2039
2577305	-55.59	-5.85	7.47		-185	-1489	1964
2577460	-10.72	nan	32.31		14615	-19110	-12524
2577718	-63.64	-5.67	18.57		692	-715	1823
2577973	-82.15	3.55	61.38		6253	599	4849
2578124	-82.19	3.78	61.65		6337	651	4787
2578378	-73.88	7.08	61.51		6403	2289	4302
2578632	-88.14	7.28	51.13		5899	633	3156
2578785	-89.01	7.71	50.56		5851	548	3098
2579139	-103.50	11.56	35.24		4348	468	1732
2579294	-103.69	11.38	35.11		4376	460	1713
2579549	-112.77	5.44	26.86		3217	-605	976
2579702	-112.92	5.31	26.58		3167	-599	958
2580058	-114.68	4.04	20.13		2418	-438	575
2580211	-114.75	3.97	19.99		2435	-476	564
2580465	-114.57	2.89	15.38		1557	-356	379
2580719	-116.21	1.83	12.90		1194	-297	287
2580873	-116.21	1.78	12.84		1229	-316	282
2581128	-115.66	1.96	9.77		914	-264	189
2581278	-115.74	1.94	9.70		808	-291	195
2581530	-115.40	3.02	7.69		714	237	157
2581681	-115.42	2.93	7.66		684	243	157
2581932	-115.48	1.43	6.87		486	-80	139
2582081	-115.51	1.37	6.85		410	-114	141
2582434	-118.24	-0.69	5.48		31	-39	149
2582584	-118.40	-0.77	5.52		17	-63	104
2582835	-120.97	-0.67	5.78		172	-362	96
2582985	-120.99	-0.67	5.76		151	-402	98
2583237	-123.34	-0.43	4.55		15	-135	95
2583388	-123.35	-0.40	4.54		30	-34	96
2583636	-123.13	0.40	4.47		139	-257	91
2583787	-123.16	0.47	4.40		126	-202	94
2584038	-123.12	0.21	3.84		-213	-216	113
2584291	-123.98	0.52	3.77		-33	-35	86
2584439	-123.98	0.53	3.77		-43	-68	86
2584791	-123.54	1.26	3.69		111	78	87
2584938	-123.58	1.26	3.69		141	120	85
2585188	-123.47	1.50	3.54		109	180	90
2585336	-123.44	1.46	3.53		-15394	7646	-8591
2585594	-123.46	2.53	3.76		189	129	92
2585743	-123.53	2.59	3.73		184	146	88
2585993	-122.69	1.63	4.04		180	106	96
2586141	-122.71	1.63	4.02		184	80	92
2586390	-124.67	0.74	3.95		100	13	87
2586537	-124.71	0.71	3.93		91	-6	90
2586785	-126.08	0.12	3.89		-135	-24	88
2587137	-126.02	0.30	4.15		122	55	84
2587284	-126.03	0.24	4.17		120	4	75
2587532	-125.83	-0.59	4.26		-161	-203	101
2587786	-126.61	0.63	4.07		104	16	84
2587934	-126.64	0.61	4.06		97	-11	83
2588182	-129.83	0.32	4.45		-41	132	-289
2588434	-148.27	-6.96	12.50		-645	-2187	1366
2588591	-149.12	-7.06	12.94		23997	9047	19229
2588850	-169.06	-6.36	16.65		-749	-2892	405
2589107	-164.25	-2.71	9.97		-364	-2545	161
2589260	-172.46	2.31	-172.45		-7671	-5756	14793
2589623	143.26	3.08	3.25		384	-179	-48
2589772	141.50	3.19	3.39		389	-270	-25
2590023	119.08	5.00	4.75		-326	-1131	69
2590175	118.90	5.00	4.75		-321	-1116	64
2590427	115.63	2.21	2.65		-267	-497	6
2590575	115.69	1.87	2.47		-226	-452	-1
2590826	115.86	1.17	0.77		-160	-252	4
2590974	115.86	1.16	0.71		-120	-229	7
2591224	116.37	2.68	2.03		-128	-567	32
2591375	116.38	2.68	2.14		-133	-546	14
2591626	116.98	1.12	2.17		-279	-350	10
2591775	117.03	1.10	2.16		-297	-385	6
2592025	116.86	-0.14	0.05		-40	137	23
2592174	116.84	-0.14	0.08		-61	84	23
2592422	116.77	-0.51	0.12		-163	-79	3
2592571	116.77	-0.53	0.09		-147	-111	2
2592822	116.65	-0.85	-0.26		-60	81	-4
2592970	116.64	-0.85	-0.27		-31	83	-3
2593220	111.77	-0.70	0.02		-173	253	20
2593370	111.40	-0.68	0.02		-171	250	21
2593620	75.98	1.00	2.63		-513	-13	8
2593767	74.81	1.25	2.65		-528	-37	7
2594115	47.95	3.86	2.67		-1045	-212	84
2594266	47.78	3.85	2.65		-1017	-232	71
2594516	41.38	1.91	2.99		-758	-66	12
2594664	41.31	1.81	3.10		-759	49	40
2594911	42.61	0.46	2.14		-549	104	6
2595058	42.63	0.41	2.10		-553	80	3
2595304	42.75	0.06	0.61		-325	-5	7
2595449	42.73	0.04	0.60		-311	-3	5
2595696	43.06	-1.01	0.53		-415	211	29
2595845	43.08	-1.06	0.48		-427	188	20
2596094	38.29	-3.60	-1.62		-4	668	103
2596243	37.45	-3.58	-1.80		3	584	120
2596492	33.22	-3.62	-2.79		535	-271	-38
2596642	33.24	-3.61	-2.77		615	-222	30
2596893	32.28	-3.43	-2.35		467	-244	18
2597043	32.09	-3.44	-2.31		644	-198	-48
2597295	28.98	-2.53	-1.35		449	33	6
2597441	28.97	-2.49	-1.32		434	73	14
2597690	27.81	-1.48	-0.29		130	-72	31
2597838	27.86	-1.47	-0.27		104	-24	21
2598189	32.59	-1.22	-0.97		27	15	25
2598335	32.59	-1.27	-1.03		37	-32	10
2598584	53.70	-4.91	-3.55		1091	412	66
2598733	55.42	-4.99	-3.68		1039	482	64
2598984	71.23	-4.81	-3.59		953	704	82
2599134	71.27	-4.75	-3.56		946	733	90
2599384	71.62	-2.24	-0.20		318	431	37
2599532	71.65	-2.18	-0.08		281	387	39
2599782	74.86	-0.37	2.13		-557	469	69
2599930	75.03	-0.22	2.05		-532	431	49
2600180	74.74	-1.28	0.21		398	-219	3
2600328	74.64	-1.53	0.34		365	-149	10
2600578	81.20	-3.05	6.56		-930	86	-2719
2600728	83.96	-3.08	6.68		-1242	316	-3050
2601083	57.01	4.14	3.65		-528	387	804
2601233	55.63	4.48	3.78		-671	385	474
2601583	88.96	-3.74	-15.69		2988	627	47
2601735	89.43	-3.55	-16.11		3146	545	119
2601988	77.00	-2.47	11.20		-761	951	-398
2602140	80.92	49.53	32.06		26758	23480	-20635
2602398	9.53	-0.22	23.64		-193	4209	408
2602752	-9.57	-5.13	12.36		1359	1836	1179
2602905	-10.13	-5.14	12.14		1366	1785	1256
2603160	15.21	-3.43	6.97		94	1629	-126
2603311	14.50	-3.65	7.00		28	1754	-130
2603561	8.92	-10.24	4.76		2028	1219	1667
2603713	9.32	-10.05	4.68		2037	1202	1620
2603967	-15.63	4.85	5.76		1137	2747	120
2604219	-25.77	13.97	-9.19		-1656	-259	1435
2604375	-25.03	14.06	-9.49		-1633	-359	1381
2604631	-20.74	20.93	-9.70		-4014	479	1665
2604785	49.89	25.00	4.39		3232	-15120	-9653
2605042	6.17	-0.78	-7.79		1798	-482	-1607
2605195	-5.85	-20.69	-106.18		894	-6336	-222
2605453	71.90	3.38	-11.80		2166	-261	-422
2605707	85.61	6.85	-15.72		2170	-1110	122
2605860	85.39	6.79	-15.83		2237	-1098	84
2606113	74.34	5.75	-4.89		442	-1111	421
2606365	79.83	6.54	-6.07		449	-1321	342
2606517	79.74	6.51	-6.22		407	-1259	322
2606769	76.08	3.59	-4.76		428	-606	50
2606917	75.56	3.43	-4.64		422	-556	63
2607167	66.58	1.08	-2.51		347	-124	18
2607315	66.77	1.07	-2.48		358	-70	19
2607564	65.35	0.01	-2.20		256	-115	7
2607712	65.44	-0.05	-2.16		116	-183	8
2608063	36.56	3.43	-2.49		-355	-587	66
2608212	35.88	3.51	-2.61		-309	-695	-29
2608464	20.50	1.13	-1.17		-220	-1006	-26
2608616	20.31	1.01	-1.12		-210	-915	-20
2608868	10.62	0.28	-1.06		118	26	13
2609014	10.57	0.29	-1.11		117	40	14
2609262	7.53	-0.30	-0.84		176	-157	2
2609410	7.46	-0.33	-0.79		198	-158	3
2609658	6.65	-0.59	-0.01		269	64	12
2609805	6.65	-0.56	-0.00		217	68	12
2610052	6.59	0.47	-0.14		24	36	5
2610195	6.58	0.48	-0.14		37	51	6
2610439	6.09	0.08	-0.14		165	75	9
2610583	6.08	0.08	-0.14		154	94	9
2610829	6.05	0.26	-0.04		70	70	6
2610971	6.04	0.27	-0.01		52	85	9
2611216	5.98	0.08	-0.23		73	52	14
2611360	5.98	0.05	-0.24		101	69	14
2611707	5.92	0.54	-0.28		0	10	14
2611850	5.91	0.55	-0.27		-14	21	14
2612097	5.65	0.59	-0.54		8	-29	10
2612241	5.65	0.59	-0.53		11	-29	10
2612487	5.70	0.50	-0.47		45	-36	10
2612632	5.69	0.50	-0.46		59	-40	9
2612878	5.61	0.85	-0.50		-55	30	13
2613022	5.58	0.85	-0.52		-69	23	14
2613269	5.29	0.62	-0.62		-20	-64	10
2613415	5.28	0.61	-0.62		-4	-68	10
2613661	5.32	0.56	-0.52		2	10	14
2613805	5.30	0.55	-0.53		-1	5	12
2614048	5.16	0.32	-0.55		90	-13	13
2614194	5.13	0.32	-0.55		110	-20	15
2614543	4.80	0.35	-0.48		40	7	15
2614685	4.80	0.33	-0.47		46	16	16
2615031	4.76	0.64	-0.53		-20	-40	12
2615178	4.76	0.62	-0.53		-31	-43	12
2615426	4.81	0.76	-0.44		2	-16	10
2615570	4.81	0.77	-0.44		-6	-15	11
2615816	3.98	0.60	-0.64		57	-109	10
2615962	3.96	0.60	-0.63		64	-98	10
2616309	3.61	0.34	-0.60		103	-47	12
2616456	3.60	0.35	-0.60		104	-47	13
2616704	3.45	0.31	-0.40		152	6	15
2616848	3.45	0.32	-0.40		162	13	13
2617094	3.38	0.66	-0.41		49	-19	13
2617239	3.37	0.67	-0.41		50	-14	15
2617486	3.34	0.72	-0.38		31	-18	13
2617630	3.35	0.72	-0.38		42	-21	12
2617877	3.53	0.93	-0.28		44	25	15
2618021	3.54	0.96	-0.29		28	16	14
2618266	3.38	0.94	-0.15		18	60	18
2618411	3.38	0.94	-0.15		13	56	17
2618655	3.26	1.06	-0.33		-13	11	15
2618801	3.27	1.07	-0.35		-28	0	14
2619046	2.93	0.61	-0.36		147	-9	12
2619192	2.94	0.62	-0.35		128	-15	13
2619439	2.66	0.73	-0.42		96	-52	13
2619584	2.65	0.76	-0.42		85	-54	13
2619831	2.47	1.10	-0.26		-14	13	15
2619975	2.47	1.12	-0.26		-21	16	14
2620323	1.66	1.83	-0.41		-205	-11	12
2620471	1.65	1.84	-0.42		-198	0	14
2620717	-56.40	7.55	0.87		-716	1010	-37
2620868	-57.91	7.72	0.92		-657	1052	-47
2621120	-82.11	5.63	-0.31		-120	829	36
2621471	-94.30	4.44	-2.34		-111	847	-255
2621624	-95.00	4.41	-2.53		-174	729	-328
2621877	-112.57	1.37	-4.81		-470	417	463
2622130	-110.57	1.04	-3.51		-374	320	18
2622280	-110.31	1.02	-3.49		-544	280	22
2622532	-101.52	1.00	-1.49		-15	248	95
2622683	-101.35	0.94	-1.50		46	64	44
2622930	-131.44	-0.09	-0.43		-52	-266	-179
2623085	-132.30	-0.05	-0.50		-76	-234	-143
2623340	-147.40	-2.83	-1.55		-653	-464	-150
2623496	54.60	nan	-37.88		22745	12622	1443
2623751	-148.25	-3.66	-0.52		-943	-311	38
2623904	-148.19	-3.63	-0.47		-949	-280	39
2624158	-146.88	-0.31	0.26		-363	-99	24
2624309	-146.88	-0.21	0.28		-373	31	7
2624559	-147.01	0.81	0.30		-93	1	5
2624704	-147.05	0.77	0.32		-67	9	3
2624950	-146.95	0.89	0.33		-10	-38	6
2625097	-146.98	0.88	0.31		-1	-30	7
2625345	-147.67	0.63	0.37		-121	-89	6
2625494	-147.65	0.64	0.37		-110	-88	5
2625844	-147.26	0.84	0.45		-69	-67	10
2625993	-147.24	0.83	0.45		-91	-81	10
2626343	-147.41	0.75	0.24		-181	-78	11
2626493	-147.42	0.75	0.23		-182	-75	10
2626744	-148.76	0.12	0.46		-407	-236	18
2626895	-148.73	0.15	0.49		-399	-274	16
2627147	-148.11	-0.65	2.18		-245	-692	18
2627299	147.21	-0.63	-1.97		-4408	328	-9060
2627556	-147.15	0.55	1.46		-187	-339	21
2627706	-147.14	0.60	1.47		-176	-354	22
2627958	-148.13	1.86	0.87		-3	-168	17
2628107	-148.23	1.89	0.84		18	-190	17
2628357	-152.90	2.81	0.86		-149	-336	-4
2628508	-90.29	27.99	-53.43		20248	-16615	7072
2628767	-177.19	5.32	-1.25		541	175	53
2629018	-171.25	5.41	-2.44		463	567	57
2629169	-170.91	5.43	-2.48		445	626	60
2629420	178.83	4.37	-2.17		618	383	31
2629568	178.65	4.33	-2.16		625	351	28
2629818	-179.68	2.47	-2.01		181	362	22
2629968	179.76	2.38	-2.01		138	365	24
2630218	168.88	1.04	-0.68		159	363	14
2630367	168.26	0.95	-0.59		148	318	13
2630617	168.71	1.80	0.76		120	-41	-16
2630765	168.70	1.82	0.81		153	-146	-9
2631116	150.23	0.98	2.66		-623	-1152	21
2631267	150.48	0.99	2.56		-550	-869	28
2631518	165.29	1.94	-0.19		297	-390	-15
2631669	165.49	1.90	-0.27		266	-309	-13
2631921	162.76	0.89	-1.00		-5	342	19
2632069	162.62	0.90	-0.99		31	367	21
2632317	170.89	1.14	-0.61		-164	242	29
2632467	170.83	1.16	-0.56		-118	165	21
2632718	135.53	0.41	2.52		-295	-168	20
2632867	133.70	0.42	2.67		-321	-247	21
2633118	131.20	0.65	1.68		-304	284	33
2633268	130.99	0.77	1.71		-317	366	36
2633518	106.03	0.53	2.24		-351	-101	8
2633666	104.71	0.54	2.27		-354	-118	7
2633916	96.24	-0.50	2.19		-369	17	10
2634063	96.87	-0.58	2.16		-362	17	11
2634312	98.13	-0.48	1.97		-335	138	12
2634461	98.39	-0.47	1.96		-316	102	10
2634711	109.09	-0.14	0.46		-149	-21	-1
2634860	109.06	-0.13	0.46		-116	-63	-2
2635111	107.86	-0.94	0.73		-331	168	9
2635259	107.76	-0.96	0.73		-390	195	13
2635510	92.82	0.28	1.65		-696	-11	21
2635658	92.81	0.25	1.54		-755	-58	23
2636008	94.74	-0.41	0.04		-54	115	7
2636154	95.58	-0.49	-0.01		-49	159	16
2636403	91.78	0.75	-0.37		-192	-56	10
2636553	91.85	0.79	-0.42		-200	-93	12
2636802	96.82	-0.26	-0.51		-182	273	26
2636952	96.79	-0.29	-0.52		-184	307	25
2637203	96.15	-0.18	-0.45		-78	258	20
2637351	96.18	-0.16	-0.43		-139	240	19
2637602	95.86	0.57	-1.20		219	51	11
2637749	95.92	0.56	-1.19		273	46	11
2637997	93.52	0.84	-0.16		-191	259	25
2638145	93.23	0.89	-0.17		-203	288	28
2638395	61.05	3.30	2.99		-693	-64	37
2638542	60.46	3.33	3.06		-780	-38	42
2638790	42.73	3.23	1.37		-410	149	35
2638939	41.70	3.30	1.33		-255	161	39
2639187	33.25	3.68	0.59		-554	-332	15
2639336	33.21	3.64	0.60		-586	-306	13
2639586	32.41	2.75	-0.50		-457	-267	10
2639735	32.52	2.71	-0.54		-445	-266	10
2639986	32.56	1.27	-1.48		-65	-408	-3
2640135	32.63	1.23	-1.50		-57	-373	3
2640384	35.91	1.08	-3.16		112	-519	22
2640532	35.96	1.09	-3.24		104	-563	23
2640782	37.60	0.51	-2.85		779	102	25
2640929	37.53	0.67	-2.85		735	85	26
2641177	38.84	1.55	-5.89		462	-908	70
2641326	38.85	1.53	-5.95		538	-879	72
2641575	45.43	2.26	-3.68		609	-907	44
2641724	45.63	2.31	-3.46		493	-872	45
2641974	36.58	-1.76	6.81		-230	1080	-116
2642328	37.61	-1.65	5.52		-671	1411	603
2642479	40.12	-1.63	5.00		-618	1297	577
2642731	-3.74	1.49	-0.87		-129	-451	-176
2642883	-6.18	1.50	-0.71		-197	-330	-162
2643136	34.00	-4.45	4.66		240	1205	177
2643286	35.95	-4.45	4.64		222	1131	193
2643536	26.06	-0.48	-11.04		1293	-1973	485
2643691	25.59	-0.35	-11.50		1400	-2116	469
2643946	37.50	-5.59	7.73		-662	1801	185
2644098	37.77	-5.98	8.19		-665	1928	210
2644349	42.22	-2.66	0.20		1511	605	367
2644499	42.71	-1.97	0.08		1321	436	326
2644750	50.53	2.07	1.67		-374	338	146
2644899	50.64	1.87	1.65		-320	371	164
2645149	55.02	2.24	2.28		-617	-277	-166
2645300	55.39	2.26	2.42		7507	-19931	4731
2645554	74.68	3.02	1.86		-849	-101	-124
2645705	75.48	3.07	1.67		-815	-44	-102
2645956	66.36	7.11	2.09		-1001	-924	75
2646106	66.19	7.08	2.15		-1014	-917	92
2646356	68.87	4.42	4.32		-1277	-393	32
2646507	69.08	4.39	4.31		-1278	-406	22
2646758	60.67	-0.26	1.68		-565	357	80
2646906	60.32	-0.47	1.46		-471	399	103
2647157	59.80	-2.70	-1.45		154	412	-37
2647307	2.76	-2.91	0.00		5598	10584	-8673
2647561	72.37	-2.92	-5.63		922	255	220
2647711	72.60	-2.83	-5.64		941	214	204
2647962	68.43	-1.50	-1.89		123	287	83
2648111	68.21	-1.42	-1.85		86	282	81
2648359	67.80	-0.96	-3.54		435	12	88
2648507	67.84	-0.96	-3.60		437	-5	94
2648756	66.41	-1.91	-3.71		633	27	76
2648903	66.41	-1.92	-3.64		622	16	72
2649151	73.81	-1.72	-2.30		485	196	25
2649300	73.75	-1.69	-2.24		493	186	28
2649550	72.06	-0.48	-2.18		522	-74	-56
2649700	71.51	-0.48	-2.14		517	-77	-44
2649951	66.13	0.77	-2.32		185	-223	50
2650099	66.16	0.79	-2.34		170	-251	54
2650349	64.94	-0.33	-2.01		246	-28	33
2650498	64.42	-0.33	-1.99		259	-22	15
2650747	44.42	0.99	-1.82		281	-316	-23
2650897	43.82	1.14	-1.74		259	-354	-1
2651147	33.68	5.03	-0.78		-645	-659	64
2651296	34.41	5.11	-0.81		-643	-697	80
2651547	47.23	1.86	0.24		-398	-262	143
2651697	48.54	1.63	0.22		-339	-228	137
2651948	84.15	-3.74	-0.43		184	474	49
2652097	84.63	-3.82	-0.37		157	496	55
2652347	92.25	-2.92	-0.74		59	473	19
2652494	92.56	-2.85	-0.78		60	469	19
2652742	114.55	0.60	-0.39		-78	-13	58
2652892	114.37	0.71	-0.31		-79	-56	55
2653140	115.06	2.66	1.35		-150	-598	120
2653292	114.68	2.67	1.33		-113	-606	98
2653543	88.97	1.10	1.14		-360	-61	29
2653690	87.53	1.15	1.15		-369	-82	35
2653939	46.55	1.04	2.80		-495	221	16
2654087	45.23	1.07	2.85		-533	230	19
2654336	29.67	1.02	-0.43		-395	160	-14
2654485	66.10	1.72	-0.05		15837	-67	-16088
2654741	23.53	-0.95	-6.62		544	-1191	77
2654892	23.47	-1.14	-6.58		548	-1169	65
2655143	-16.07	-4.04	-3.03		306	-908	10
2655294	33.19	nan	-112.76		-28500	7365	6259
2655551	-48.51	-2.41	-8.08		-1069	-1257	166
2655807	-35.02	-0.51	-3.81		-90	-931	226
2655959	-34.02	-0.19	-3.54		-104	-908	232
2656212	-36.47	5.88	2.88		-789	859	60
2656362	-36.34	5.82	2.86		-28816	7406	-7062
2656618	-26.81	4.19	3.86		-690	686	-18
2656768	-26.55	4.15	3.91		-678	685	-33
2657018	-14.78	-0.64	6.48		276	815	-55
2657169	-14.58	-0.78	6.57		326	876	-29
2657419	-4.83	-1.39	5.66		93	1162	132
2657568	-6.94	-1.13	5.38		64	1035	135
2657818	-11.24	-0.57	0.99		-102	-118	2
2657968	-11.48	-0.58	0.97		-125	-153	14
2658220	-9.40	-0.09	-0.27		0	183	160
2658367	-9.76	0.04	-0.29		-28	193	150
2658617	3.87	-1.62	6.77		262	1239	47
2658764	3.68	-1.65	7.06		269	1337	48
2659013	6.35	-1.27	7.61		-52	1278	69
2659161	6.36	-1.22	7.60		-84	1276	69
2659510	-9.53	-0.90	5.93		434	1528	85
2659658	-9.47	-0.83	5.72		353	1449	71
2660009	-7.32	1.49	2.20		-340	662	13
2660157	-7.43	1.54	2.20		-346	678	14
2660406	-5.66	0.11	-0.67		-274	199	144
2660555	35.81	0.31	-0.69		-4899	-27071	-4510
2660813	-2.10	-0.00	-7.36		-236	-1117	90
2660965	-32.10	nan	43.59		27935	-12622	13572
2661222	1.05	-0.88	-2.90		-55	-331	2
2661369	1.07	-0.92	-2.80		-39	-311	-4
2661619	1.74	-1.34	-1.29		81	-102	-19
2661768	1.69	-1.31	-1.28		64	-90	-18
2662017	-1.94	-2.17	-1.53		9	-62	-29
2662164	-2.42	-2.27	-1.60		27	-71	-44
2662413	-20.03	-0.32	-1.88		-156	-434	-59
2662667	-56.32	2.23	-0.31		-267	508	-32
2662818	-56.20	2.21	-0.19		-253	493	-59
2663070	-56.35	-0.12	2.99		576	469	78
2663219	-56.19	-0.16	3.01		568	455	62
2663469	-84.09	0.31	5.02		949	171	116
2663617	-84.86	0.43	5.25		1014	184	123
2663868	-124.28	2.66	3.02		1272	-232	97
2664019	-124.81	2.66	2.70		1252	-223	131
2664272	-134.82	-2.76	7.55		468	-1524	412
2664426	-134.80	-2.72	8.37		650	-1660	449
2664680	-155.60	8.70	17.84		2788	-3189	945
2664935	-157.97	20.34	0.08		3430	1043	1018
2665191	-132.64	28.78	-5.19		3086	4444	1406
2665347	-131.25	28.98	-5.06		3004	4501	1407
2665604	-127.19	11.70	4.52		2992	1325	1006
2665758	10.64	-43.39	-17.62		25201	-15715	-29811
2666020	-153.74	-22.06	10.83		-1501	-3649	1421
2666280	-148.49	-24.66	17.30		-229	-5191	2237
2666539	-146.46	-23.35	12.44		-779	-4670	1703
2666798	-149.43	-19.32	6.58		-1193	-4197	1440
2666955	91.18	-46.90	-161.71		6961	12165	16434
2667215	-130.89	4.62	-9.95		277	1039	572
2667469	-129.28	12.02	-14.45		776	2259	961
2667623	-129.53	12.09	-14.61		788	2298	980
2667879	-136.21	19.77	-18.94		1753	4730	1068
2668137	-131.59	16.78	-18.94		532	3736	1494
2668293	-131.08	16.59	-18.75		510	3724	1473
2668549	-113.26	-9.02	-7.91		-297	100	178
2668702	-113.76	-10.20	-7.77		25799	26299	22227
2668963	-127.49	-23.84	-4.79		-1699	-3577	1829
2669324	-147.77	-1.69	-5.91		171	206	650
2669476	-148.63	-1.37	-5.97		101	170	638
2669729	-139.32	0.01	-10.73		506	1225	344
2669983	-116.80	-6.10	-5.85		-680	-540	484
2670138	-115.60	-6.15	-5.54		-619	-652	486
2670393	-89.02	0.78	4.73		2381	315	415
2670543	-89.47	1.14	4.87		2462	481	449
2670794	-104.24	7.69	-4.51		803	1535	798
2670946	-104.11	7.66	-4.74		717	1509	853
2671200	-92.74	-1.86	-4.35		54	725	696
2671451	-82.77	-12.52	3.14		2254	-1625	1191
2671605	-82.45	-12.57	3.29		2364	-1623	1209
2671862	-103.56	6.31	-7.08		1348	2061	1563
2672017	-104.70	6.78	-7.70		17905	19047	-32555
2672277	-132.75	15.76	-28.03		-498	4148	766
2672533	-120.96	8.40	-19.35		-898	3044	1309
2672790	-127.29	6.83	-13.86		831	1799	1151
2672945	-127.45	6.89	-13.79		912	1790	1129
2673200	-129.70	9.39	-19.07		133	3265	1610
2673354	-130.06	9.28	-19.29		51	3250	1648
2673608	-127.81	-0.78	-21.57		-793	3338	948
2673764	-128.75	-1.55	-21.24		6156	-18166	-16113
2674026	-141.76	-0.23	-26.57		-470	2710	2433
2674183	-142.29	0.21	-27.54		-487	3024	2515
2674440	172.77	-0.28	-59.09		1783	8050	4286
2674696	-174.31	-5.55	-61.18		177	8634	5417
2674851	-174.10	-5.75	-60.89		152	8619	5350
2675108	176.89	-22.61	-42.85		-879	7088	3030
2675365	172.17	-22.04	-37.62		-1113	5395	2515
2675624	-152.07	-16.38	-38.61		-4241	4438	2633
2675885	-148.52	-5.48	-43.89		-4883	5688	4545
2676144	-143.80	19.73	-46.86		-1731	8248	6120
2676503	-136.08	27.19	-44.22		-2272	8363	6373
2676762	-142.96	19.32	-39.03		-1762	7559	5754
2677122	-133.60	7.68	-7.72		-677	4832	3423
2677276	-133.67	7.10	-6.13		-724	4580	3330
2677532	-118.82	-25.39	58.25		5277	-3941	5646
2677790	-121.72	-34.92	64.57		4914	-5516	5544
2678049	-119.66	-31.78	56.90		4534	-5234	4659
2678207	36.74	-5.66	95.08		30513	-31204	14750
2678466	-105.95	-24.45	41.06		4073	-3621	2555
2678725	-105.63	-24.93	33.12		3247	-3685	1915
2678984	-108.77	-23.69	28.04		2501	-4304	1494
2679243	-112.65	-14.13	20.06		1841	-2116	762
2679501	-107.69	-10.52	13.22		954	-1377	566
2679757	-108.92	-11.18	11.86		623	-1664	490
2679913	-109.10	-11.24	11.92		625	-1733	487
2680169	-107.19	-8.44	9.28		459	-1093	237
2680323	-107.12	-8.39	9.24		447	-1070	240
2680577	-105.65	-8.34	10.35		549	-1510	409
2680731	-105.69	-8.23	10.39		504	-1468	407
2680987	-103.62	-7.94	4.70		-51	-795	361
2681139	-102.98	-7.93	4.33		-257	-721	362
2681393	-127.98	-9.69	1.47		-1162	-562	136
2681649	-177.09	-8.07	8.32		-1343	-1060	496
2681905	-151.59	0.44	15.56		1414	-2317	331
2682059	-149.87	0.69	15.50		1484	-2250	330
2682314	-122.98	0.42	0.11		-505	591	311
2682466	-123.36	0.17	-0.07		-551	562	320
2682719	-142.09	-8.74	2.21		-1143	-875	-248
2682975	-167.97	-5.97	5.23		-1106	-582	256
2683129	177.74	-28.56	-35.19		23831	-20106	-1942
2683392	157.38	-7.18	10.60		-1638	-999	349
2683546	158.24	-7.23	10.57		-1631	-1048	340
2683803	-166.57	-2.92	3.64		-670	-324	162
2683956	-167.01	-2.60	3.66		-587	-324	145
2684210	-162.14	6.22	2.78		1171	-27	99
2684360	-162.13	6.25	2.78		1162	-20	101
2684612	-105.52	3.02	-2.35		-750	852	256
2684765	-103.37	2.90	-2.60		-850	887	286
2685018	-100.82	11.78	-17.50		-2187	1387	1060
2685277	-156.39	48.06	-60.11		-1270	6840	10893
2685537	145.82	41.89	-171.53		-5232	6304	20549
2685897	148.87	-20.00	-176.62		4469	-3686	20995
2686158	10.88	-46.11	36.00		2432	2346	6474
2686313	11.24	-42.46	36.08		1724	2434	6029
2686569	105.35	-31.16	-17.30		2596	4177	2215
2686827	111.55	-32.24	-35.22		4943	5888	3716
2686984	-16.65	nan	5.28		21705	1831	-15177
2687239	119.62	-26.58	-31.46		3698	6064	3573
2687497	119.91	-21.45	-25.04		3300	5049	2996
2687755	116.79	-19.27	-20.80		2853	4948	2681
2687911	117.02	-18.92	-20.98		24895	-6873	20121
2688173	114.81	-15.91	-55.05		6633	4899	7949
2688431	77.99	-14.11	-95.21		7567	-2411	14034
2688689	72.05	4.88	-109.12		6617	-2221	15218
2688947	108.23	28.60	-77.22		6805	2491	10479
2689205	159.86	21.25	-13.96		2029	871	5019
2689359	149.76	3.09	-82.62		-15298	-30431	16954
2689722	140.07	-35.77	12.49		-4074	2916	5181
2689879	-178.79	0.37	166.59		27481	-13738	25491
2690240	97.17	-29.10	4.47		717	3372	4273
2690393	96.07	-28.56	4.02		811	3294	4183
2690647	76.92	-19.43	12.81		299	2095	3629
2690900	71.95	-18.12	13.65		-82	2279	3826
2691054	71.37	-17.44	13.40		-40	2099	3814
2691308	56.60	4.70	5.25		-200	-1662	3559
2691461	56.50	4.82	5.20		-190	-1689	3556
2691714	55.87	12.16	10.85		-1090	-1668	3800
2691971	56.45	14.72	15.27		-1878	-1659	3735
2692227	55.71	8.89	15.14		-1609	-1021	3515
2692381	55.97	8.45	14.97		-1506	-982	3563
2692737	68.34	-14.21	10.88		1079	1425	3425
2692891	68.34	-14.37	10.95		1062	1449	3432
2693147	65.61	-5.50	19.08		-638	907	3141
2693300	65.59	-4.94	19.20		-707	841	3124
2693553	55.37	10.69	15.47		-1119	-1413	3430
2693809	49.03	10.03	18.58		-1616	-819	3372
2694065	36.19	12.58	27.29		-2404	273	3636
2694218	37.34	12.84	27.84		-2485	276	3668
2694574	54.55	20.55	31.21		-3631	-1139	3550
2694729	55.26	20.11	30.70		-3593	-1247	3495
2694986	101.44	15.02	28.10		-1373	-2538	3098
2695243	152.03	29.94	38.78		1365	-4262	3974
2695400	153.94	30.69	39.82		9461	-9501	-27347
2695658	-157.23	9.50	88.15		2994	-8056	8039
2695915	-145.67	-8.15	79.92		3757	-7414	6549
2696173	-138.58	-0.71	58.68		4408	-5631	3959
2696430	-136.00	12.80	40.91		4155	-2478	2234
2696587	-137.37	13.16	40.60		32045	8333	9225
2696845	-103.08	11.78	41.34		5305	179	2404
2697101	-95.75	6.77	38.38		5252	192	1654
2697252	-95.84	6.66	38.07		5213	167	1649
2697506	-139.50	7.12	17.32		2182	-460	500
2697760	-107.96	5.40	14.67		1585	556	684
2697913	-106.50	5.27	14.87		1589	551	669
2698166	-86.66	0.93	27.77		3684	353	1095
2698419	-80.94	-0.59	29.74		4511	486	1178
2698572	-81.92	-0.62	29.40		4508	398	1173
2698826	-80.45	2.22	8.96		1036	534	-118
2698978	-80.71	2.26	8.54		932	552	-142
2699229	-71.04	-3.00	4.26		584	-362	68
2699378	-71.23	-3.08	4.40		598	-348	76
2699629	-68.99	-1.66	10.05		1567	131	45
2699781	-68.79	-1.48	10.14		1569	171	63
2700033	-65.81	5.22	8.13		854	1508	163
2700182	43.81	nan	42.26		-23627	-7920	-14138
2700439	-54.47	-2.70	-0.12		272	-628	-50
2700592	29.41	nan	-79.49		17516	-16209	26080
2700849	-57.64	-0.39	0.68		166	-139	86
2700998	-59.03	-0.17	0.69		146	-119	58
2701249	-83.72	7.41	-5.04		-1738	1081	509
2701503	-67.53	5.34	2.44		-94	1329	345
2701654	-67.02	5.14	2.64		-49	1301	328
2701904	-59.81	1.17	1.58		-240	556	163
2702054	-59.58	1.09	1.48		-253	557	131
2702305	-63.43	0.04	-0.72		-580	126	-57
2702456	-63.40	-0.02	-0.68		-526	7	-87
2702706	-64.11	2.11	-1.06		-42	137	534
2702857	-65.16	2.33	-1.26		-76	118	566
2703108	-34.83	5.23	5.08		-686	1561	-83
2703360	7.32	-8.30	12.38		561	2108	281
2703509	8.35	-8.78	12.54		570	2205	311
2703760	13.99	-21.93	-6.46		3562	-197	363
2703913	13.35	-21.89	-7.15		3649	-390	319
2704167	-13.49	1.90	22.61		1195	3414	792
2704320	-14.01	3.12	24.25		1097	3716	955
2704573	-34.08	39.17	56.68		2109	8242	6873
2704829	-25.49	29.98	19.79		-3452	6934	3278
2704985	10.36	nan	2.68		27295	15692	-9541
2705239	3.17	-47.02	-44.73		5825	-6566	4605
2705596	-28.54	-30.42	-23.97		3736	-5555	2065
2705855	-120.09	20.20	14.74		3132	1517	2226
2706011	-121.69	21.83	16.61		3612	1427	2430
2706268	-121.16	36.48	33.21		8454	566	4714
2706422	34.55	nan	-67.31		-26111	682	13020
2706677	-103.94	-24.24	-33.95		-6927	-1773	1867
2706938	-97.45	-29.62	-14.34		-2659	-3859	1880
2707198	-102.54	-16.24	7.95		2193	-2953	762
2707456	-96.49	-18.26	24.77		3687	-1451	2863
2707713	-118.31	-53.67	71.72		8835	-7215	10228
2707973	-126.66	-68.79	92.25		8608	-4816	11904
2708233	-118.63	-68.09	80.00		7608	-5055	11323
2708493	-134.60	-58.08	91.64		7091	-5993	11819
2708753	-137.78	-58.93	74.27		4197	-6757	11109
2709013	-122.92	-48.44	49.13		3807	-6703	8705
2709272	-115.62	-31.29	22.98		1858	-5369	5760
2709531	-115.81	-8.87	5.08		713	-2817	4069
2709685	-115.12	-7.89	4.60		684	-2716	4049
2709941	-107.57	22.73	-2.80		1437	1619	3701
2710096	27.41	nan	50.57		-1231	12231	-2856
2710351	-105.19	22.49	-0.47		1501	1310	3398
2710608	-107.86	12.63	-4.59		538	71	3219
2710760	-107.90	12.41	-4.75		486	55	3203
2711014	-111.13	3.81	-5.54		399	-722	3179
2711268	-116.14	-0.64	-7.62		-446	-1477	3355
2711425	-46.41	nan	-26.03		-16133	-20467	-16652
2711786	-111.20	5.45	-6.83		259	-288	3156
2711939	-111.28	5.19	-6.88		240	-301	3177
2712194	-113.94	0.28	-7.14		-153	-1224	3340
2712450	-108.62	5.28	-7.25		-236	-483	3332
2712706	-99.43	9.48	-0.80		1390	-77	3282
2712857	-99.39	9.47	-0.76		1375	-81	3263
2713110	-104.96	4.91	-4.72		230	-825	3323
2713365	-101.64	16.66	-4.41		691	1189	3487
2713520	-101.48	17.06	-4.23		713	1264	3454
2713775	-100.32	14.68	-0.51		934	275	3286
2713928	-100.36	14.48	-0.57		912	251	3270
2714182	-101.06	9.40	-4.28		651	-88	3226
2714335	-101.31	9.17	-4.46		598	-131	3258
2714589	-105.37	-6.23	-5.33		236	-1865	3487
2714846	-113.54	-12.51	-9.52		-818	-2348	3864
2715104	-120.01	-13.66	-12.57		-1951	-2092	3769
2715365	-121.82	-12.25	-11.05		-1364	-2031	3852
2715626	-127.95	-14.40	-12.90		-1977	-1818	3899
2715887	-138.39	-18.80	-8.92		-2111	-1989	3977
2716147	-148.37	-23.62	-3.05		-2151	-2509	4296
2716407	-173.28	-31.82	-0.85		-3340	-1066	4944
2716768	155.31	-35.74	15.00		-4313	-946	5504
2716924	154.77	-35.58	15.51		2984	-26063	-9185
2717185	152.60	-27.83	19.87		-3579	-1721	5033
