107051	-155.88	21.97	0.02		1324	-5146	4504
107305	-141.83	0.47	43.93		988	-8938	6231
107459	-140.02	-0.51	45.74		1155	-9004	6415
107715	-85.46	-33.57	56.44		3550	-5490	7059
107972	-97.50	1.43	25.67		-80	-3946	4208
108124	-98.44	3.34	24.72		-145	-3772	4181
108379	-150.07	46.54	-36.35		-496	1071	7390
108635	-162.64	43.87	-44.80		578	394	7607
108788	-157.74	49.68	-32.35		11429	-12719	25914
109151	-157.34	32.52	-18.61		454	-2830	5854
109306	-156.84	32.53	-18.62		497	-2766	5810
109563	-147.02	30.02	-25.33		-388	-1659	5785
109820	-151.60	19.72	-29.33		-1755	-1474	5625
110080	-166.07	10.80	-30.27		-1746	-2695	4568
110339	-162.15	23.12	-37.69		-558	-1418	6064
110495	-161.85	23.62	-38.13		-560	-1354	6168
110752	-145.44	40.69	-43.26		-1829	236	6909
111009	-129.43	32.39	-19.59		-725	-1147	5688
111266	-147.01	8.09	-8.30		-1609	-4633	4427
111422	-148.24	7.47	-8.29		-1639	-4713	4339
111679	-163.17	16.55	-20.05		-461	-3754	4696
111936	-150.88	31.69	-35.73		-1268	-986	6596
112093	-150.21	32.42	-35.10		27880	31344	19044
112353	-136.89	43.84	-33.49		-1226	2	6706
112608	-127.96	30.72	-16.29		-1054	-1748	5721
112866	-119.95	8.44	3.68		-1234	-5173	3721
113020	-118.97	7.63	4.48		-1196	-5238	3739
113276	-61.30	-25.77	12.21		-618	-5192	4231
113431	50.00	nan	48.64		-22825	-8166	3732
113685	-66.99	13.86	4.31		-3622	-1730	4140
113840	-68.74	15.73	4.28		19519	-27367	5296
114097	-89.21	52.42	9.88		-704	1052	7050
114249	-89.60	51.81	9.67		-720	923	6967
114603	-34.80	-33.51	11.73		478	-4299	4442
114756	-33.41	-34.94	11.24		624	-4265	4486
115012	-54.61	10.10	23.19		-2759	-1025	4598
115168	-55.30	12.49	23.99		-2755	-777	4668
115423	-62.35	61.02	33.23		-1470	1919	8371
115577	-63.39	61.47	31.15		28435	-23604	-28053
115837	-61.03	-13.95	20.05		542	-4078	4877
116092	-63.86	9.52	19.85		-1545	-2365	5756
116449	-58.61	24.81	25.11		-1979	-283	5180
116603	-58.63	23.62	24.84		-1979	-355	5174
116859	-23.72	-39.05	7.53		1155	-5001	4421
117014	-23.68	-38.66	7.49		1091	-5034	4434
117269	-49.32	11.57	30.99		-1574	-627	4686
117424	-49.66	13.21	31.58		-1554	-469	4769
117679	-57.19	10.17	26.24		-1426	-1559	4800
117834	66.20	-61.23	-8.04		10524	7780	-17102
118092	-37.99	-16.78	14.76		-793	-4069	4251
118348	-49.02	-2.22	27.69		-572	-2201	4056
118503	-69.45	17.96	-36.98		-27509	-24331	20265
118865	-36.77	-13.51	21.03		-585	-2896	3934
119020	-36.20	-14.05	20.56		-559	-2945	3900
119277	-38.33	-4.64	22.15		-1576	-2207	3633
119533	-40.35	0.37	25.57		-1530	-1468	3797
119688	-40.32	0.35	25.49		-1525	-1474	3800
119943	-32.18	-3.67	21.45		-1890	-1993	3707
120098	-32.10	-3.50	21.56		-1910	-1962	3723
120355	-33.03	-3.60	24.19		-1685	-1693	3660
120611	-32.53	-3.87	23.74		-1781	-1891	3767
120767	-32.56	-3.82	23.81		-1787	-1879	3774
121023	-30.86	-3.98	26.50		-1700	-1412	3936
121179	-52.80	55.87	3.36		-14829	29868	28867
121437	-31.15	-4.89	26.29		-1618	-1569	3929
121693	-31.22	-4.79	26.87		-1587	-1478	3908
121950	-29.21	-7.01	25.96		-1579	-1671	3865
122105	-29.08	-7.13	25.93		-1575	-1679	3868
122361	-25.33	-8.39	25.94		-1868	-1506	3844
122517	-177.40	nan	-58.12		7349	-19583	12623
122774	-39.01	-1.17	25.23		-1438	-1493	4149
123031	-62.14	28.86	33.44		-687	49	6250
123182	-62.51	30.20	33.72		-671	137	6335
123436	-49.81	50.99	35.32		-2287	1574	8128
123691	-72.77	44.99	16.48		-1287	855	7040
123844	-74.77	44.52	15.41		-17992	16588	11751
124103	-140.27	19.10	-4.50		-625	-4531	3722
124359	-144.53	12.44	7.35		37	-7449	3549
124512	-144.44	12.64	7.03		127	-7420	3462
124766	-147.91	17.72	-7.58		-226	-4996	4470
124921	-148.59	17.89	-8.59		-270	-4887	4499
125178	-143.56	27.36	-42.04		-2750	183	5990
125434	-143.25	25.65	-35.02		-2054	-1069	5468
125693	-147.07	26.23	-17.77		-241	-3013	4937
125850	-146.95	26.30	-17.14		-350	-3168	4907
126108	-112.53	19.17	9.38		232	-3219	4280
126464	-54.09	-30.16	26.40		1745	-4817	5195
126619	-52.69	-30.64	26.19		1802	-4839	5154
126875	-30.79	-5.72	14.11		-2828	-3211	3056
127132	-34.74	1.04	18.20		-2701	-2533	4128
127286	-34.54	0.74	18.58		-2554	-2552	4143
127542	-39.97	-7.14	25.50		-1104	-2273	4026
127697	-39.97	-7.14	25.39		-1124	-2291	4018
127953	-29.33	-11.04	23.07		-1419	-2372	4140
128211	-29.28	-1.36	23.19		-2593	-1743	4620
128366	-29.47	-0.45	23.12		28470	-28710	19663
128625	-71.41	-6.96	-28.16		-16408	8897	7595
128883	-142.53	46.77	66.16		1877	-10034	13872
129142	-176.89	-33.00	-56.48		-7539	1054	5599
129401	167.09	-43.32	-21.67		-7591	-3378	3368
129659	156.94	-9.36	-8.95		-3662	-5978	2518
129815	-47.76	nan	-8.06		1264	-26338	-16788
130071	128.12	45.43	-9.11		355	-9792	7027
130225	54.56	nan	52.26		13258	-11734	9271
130479	175.50	78.13	119.03		-8841	-12532	13307
130739	60.22	63.97	66.67		-9837	-3497	10339
130996	-2.94	42.12	42.56		-5110	-1372	7355
131150	-4.27	41.73	42.66		-4987	-1251	7325
131405	-11.46	35.55	45.11		-4172	-881	7055
131560	-11.39	35.16	45.23		-4128	-871	7067
131815	17.50	7.18	58.47		-3771	-604	7620
131968	18.27	6.56	59.03		-3844	-553	7672
132220	33.47	-17.94	64.99		-4779	327	8498
132475	39.10	-29.83	58.69		-4364	278	8186
132629	39.43	-30.26	58.31		-4312	241	8177
132883	60.54	-39.46	40.47		-4413	-618	7096
133038	61.62	-39.59	40.19		-4447	-660	7070
133293	76.92	-47.83	26.45		-4082	56	7213
133445	76.78	-47.93	25.83		-4028	44	7222
133698	96.06	-43.13	10.14		-4106	-452	6226
133954	130.88	-30.41	-12.13		-3332	-1508	5823
134213	165.02	-23.66	-27.54		-4103	-1045	6318
134471	-144.01	-19.47	-43.82		-8228	-1826	7093
134731	-172.90	-17.17	-37.66		-6259	-1823	7587
134991	-147.14	24.13	-48.77		-4536	413	7402
135349	-125.77	-36.03	-46.21		-7337	-2617	10628
135610	143.11	0.37	67.49		-9294	-11208	9936
135766	-35.62	nan	8.92		-13577	-22335	22665
136022	145.80	-26.41	-55.98		-741	573	7278
136278	145.72	-24.90	-52.40		-1035	-663	6625
136434	145.99	-24.16	-52.24		-10729	-31650	-15838
136697	148.80	55.27	-56.27		1283	-1923	10454
136854	-63.20	nan	49.19		16565	31068	3298
137108	-148.71	-56.56	113.67		506	-8137	13542
137367	-66.30	-18.97	-66.97		-10407	-7342	8721
137627	-108.20	31.08	-96.70		-9784	-4372	13168
137887	-81.08	30.41	-126.49		-9967	-6942	14695
138147	44.03	-24.31	-130.14		1300	-10793	11871
138407	-172.41	-58.70	-148.73		1283	-1487	12799
138669	-73.67	-79.44	137.00		-1033	5	10581
138924	-42.05	-81.99	114.12		-2716	274	9533
139079	-45.86	-81.88	117.74		-2664	256	9647
139336	-97.06	-38.89	-135.83		-8249	673	14045
139594	152.31	-63.28	-105.73		1928	2030	9663
139852	10.82	-55.31	-21.21		2501	-7100	5087
140008	8.52	-54.61	-19.97		16030	-21698	-27257
140268	5.10	-42.34	31.60		-635	-392	3952
140521	38.80	-34.38	70.54		-9486	1034	7651
140676	40.16	-33.92	71.80		-9869	841	7845
140931	112.56	-37.42	70.05		-11880	-9184	8114
141190	140.17	-38.35	35.42		-8573	-8070	5085
141346	140.43	-37.80	34.58		-2524	-30724	-7644
141605	146.67	-26.76	20.74		-7161	-9111	3681
141863	161.10	-16.26	6.81		-4957	-7986	2578
142120	167.27	1.61	-16.04		-1226	-5623	3449
142376	155.69	13.73	-38.44		1500	-4335	4957
142532	154.78	13.88	-39.39		1517	-4343	5027
142789	110.41	14.17	-75.37		4058	-6027	8455
143046	63.66	23.54	-77.09		1489	-11106	9306
143202	59.07	23.86	-77.39		1034	-11466	9331
143458	-24.49	23.69	-115.39		-6793	-11783	12474
143719	-46.93	46.04	-135.95		-5676	-11886	14975
143980	136.60	67.30	51.76		-5693	-12209	10515
144239	121.79	13.35	35.64		-7161	-8838	5911
144496	113.95	-12.73	28.88		-7166	-6254	5382
144753	132.50	-28.68	21.38		-6973	-5724	6091
144910	132.05	-29.04	21.07		14193	19863	-15022
145170	131.01	-31.51	0.87		-4952	-3877	5216
145427	139.35	-32.10	-12.80		-3725	-2081	5461
145686	135.59	-24.74	-17.55		-2689	-2411	5144
145945	145.70	-19.25	-26.92		-1949	-2502	5460
146203	159.19	-21.69	-38.50		-2531	-1297	6626
146462	177.12	-16.34	-44.90		-3393	-475	6212
146720	-167.91	-8.07	-35.58		-3693	-1537	5402
146877	-12.39	nan	94.16		22974	12660	31506
147133	-135.31	-3.92	42.15		-37	-7843	6058
147287	-0.21	nan	16.41		1223	1811	-4014
147538	-135.81	-4.83	21.49		-1492	-6147	3097
147695	-135.63	-3.96	19.22		-187	12111	-814
147952	-136.14	21.50	-54.86		-6411	1109	7293
148209	-120.03	8.95	-32.21		-6435	-1015	4814
148467	-99.15	-11.01	22.96		-830	-6086	3208
148623	-98.90	-10.84	23.32		-763	-6087	3195
148879	-105.63	13.44	-1.24		-3308	-2417	2828
149137	-104.50	11.42	-11.46		-5257	-2377	3982
149395	-95.17	8.89	-6.14		-4607	-2988	3508
149550	-94.94	9.06	-6.06		-4616	-2942	3510
149806	-94.61	17.74	5.24		-3070	-1549	3488
149959	-94.54	18.03	5.49		-2947	-1550	3439
150215	-98.97	41.69	-6.84		-4347	570	6271
150369	-98.36	41.86	-6.38		-4362	539	6315
150724	-77.06	6.30	32.05		-775	-2765	4414
150877	-77.23	6.20	32.05		-697	-2851	4349
151132	-85.22	13.32	24.11		-1164	-2526	3723
151388	-84.91	15.26	22.21		-1523	-2243	3777
151645	-82.27	14.98	24.44		-1271	-2037	4069
151799	15.69	nan	-2.26		16713	28313	-14767
152055	-115.52	45.56	-2.74		-1406	362	6568
152412	-137.21	43.80	-15.58		-926	63	7009
152565	-136.01	43.16	-14.23		-907	-77	6947
152820	-119.83	28.90	-0.19		-1609	-1478	4627
152977	-119.67	28.80	-0.09		28802	-29544	-4184
153237	-89.61	14.25	25.72		-629	-2524	5399
153492	-94.92	22.08	13.64		-1924	-1831	5122
153749	-111.43	27.71	-12.32		-4313	-525	4518
153906	-111.92	27.59	-13.15		15308	31479	15465
154166	174.02	-32.00	152.28		-3502	672	22181
154424	-161.54	75.69	-107.01		-10485	-305	15381
154685	-8.54	62.72	45.84		-7714	-957	10414
154940	-31.53	37.04	24.91		-6064	-1447	6280
155197	-82.14	8.78	5.65		-2336	-4139	4904
155350	-83.99	7.84	4.76		-2358	-4205	4932
155604	-137.27	-14.42	-28.13		-6088	-3276	4823
155965	175.54	-11.92	-39.18		-2301	-1786	5187
156123	10.71	nan	-27.74		23841	8848	-13219
156378	174.91	-8.42	-38.07		-2027	-2123	4669
156636	173.47	-6.39	-36.14		-1652	-2239	4529
156894	172.63	-5.33	-34.76		-1495	-2268	4415
157050	172.70	-5.26	-34.66		-1481	-2262	4419
157307	178.36	0.38	-8.76		-1341	-5417	3980
157563	-172.11	8.34	20.37		-192	-9560	4228
157717	-171.95	8.75	21.08		-171	-9640	4264
157973	-160.71	13.42	9.90		964	-6684	3532
158126	-160.23	12.75	8.49		776	-6519	3489
158482	-119.12	-79.48	-53.25		-11373	-4794	7834
158743	148.13	-33.70	95.58		-6007	-14163	11308
159002	158.94	-9.75	85.29		-4346	-14620	9200
159260	-170.63	-48.08	66.82		-3606	-14823	6752
159520	-100.18	-36.55	-14.12		-4970	-11578	2442
159781	-150.84	36.92	-53.08		-2408	3149	8021
160039	137.66	60.80	-105.16		2242	1662	13674
160196	156.21	nan	-31.07		-29273	9960	19598
160452	124.45	66.97	-106.47		2071	-505	13280
160710	136.38	66.48	-81.16		2925	-1959	11930
160968	130.55	49.20	-61.15		3961	-4578	10200
161125	-164.91	23.31	-72.15		-21728	-14921	19622
161387	97.19	3.68	-32.66		694	-6736	5549
161540	96.58	2.85	-32.13		590	-6704	5494
161793	72.03	-17.47	-11.43		-1364	-5270	4779
162050	66.58	-21.42	4.08		-2985	-3991	4900
162306	76.08	-16.66	11.36		-3901	-4459	4794
162461	76.41	-16.39	11.59		-3951	-4474	4799
162717	73.66	10.66	27.25		-6319	-5085	5107
162872	90.78	nan	-47.28		26564	21852	-4575
163128	-134.15	70.50	149.41		-3617	-11507	11347
163389	-63.43	37.15	-173.49		-1179	-9966	16058
163649	-18.00	22.28	-170.73		560	-6964	17063
163906	8.63	36.98	-178.61		2052	-4525	15548
164163	33.15	42.76	-173.94		2816	-1968	15606
164320	-4.48	nan	25.37		-3377	25810	-14837
164575	52.09	48.92	-138.33		4268	-3841	14362
164833	74.25	17.18	-97.27		5157	-5998	12507
164988	-77.63	nan	62.91		-17710	4742	-4700
165243	67.52	-39.60	-46.74		5203	-4730	7825
165500	34.55	-42.28	-9.66		2924	-4639	6048
165654	34.33	-42.21	-9.06		3008	-4720	6016
165910	44.08	-44.56	2.31		1936	-2139	6309
166064	45.04	-44.50	2.37		1964	-2040	6377
166419	55.29	-40.85	1.53		529	-2044	6325
166571	55.39	-41.04	1.44		545	-2017	6347
166824	61.99	-46.92	2.12		208	-1387	6762
167077	65.75	-42.08	7.02		-674	-1855	6314
167231	65.76	-41.77	7.06		-706	-1868	6301
167485	62.83	-34.16	7.83		-810	-2164	5351
167740	52.17	-26.07	8.44		-726	-3319	4953
167892	51.88	-25.71	8.58		-769	-3351	4960
168147	41.91	-17.58	6.47		-1194	-4815	4753
168301	41.89	-17.62	6.49		-1192	-4808	4748
168557	34.16	-22.28	14.20		-822	-3631	4689
168712	34.36	-22.44	14.38		-857	-3623	4717
168967	39.80	-26.11	18.12		-1025	-2907	5127
169224	42.05	-25.00	19.67		-1582	-2782	5061
169379	42.24	-24.99	19.67		-1586	-2768	5022
169635	37.45	-22.28	20.56		-1411	-2979	5031
169994	26.64	-19.79	30.46		-1691	-2394	5079
170149	26.50	-19.71	30.75		-1748	-2366	5082
170405	37.61	-22.83	32.94		-2158	-1808	5151
170662	38.21	-24.84	29.93		-1584	-1791	5011
170818	38.32	-24.76	29.74		-1583	-1804	5002
171074	46.07	-20.34	21.77		-1849	-2698	4310
171331	42.62	-20.96	18.70		-1222	-2974	4286
171487	42.56	-21.02	18.64		-1208	-2970	4290
171743	38.33	-25.42	18.67		-525	-2702	4586
171897	-46.29	nan	-1.94		2447	27980	14507
172151	39.68	-28.72	18.19		-319	-2553	4822
172306	39.78	-28.74	18.12		28355	-15057	-25336
172566	62.48	-36.82	9.28		-519	-1611	5599
172820	85.91	-39.98	-1.84		-1381	-1086	5805
172976	-64.91	nan	55.35		15439	-25129	8402
173231	126.91	-20.51	-22.20		-1486	-1042	5507
173490	112.64	-19.52	-15.83		-1232	-1934	5177
173749	86.11	-27.38	-4.80		-1171	-2099	5015
173904	31.45	nan	-89.16		31345	2856	-26397
174159	77.75	-49.86	1.85		-745	-458	7105
174312	78.27	-50.71	1.68		-746	-352	7182
174666	134.53	-60.06	-37.64		-2668	577	8855
174822	136.08	-59.70	-38.57		-2721	577	8856
175078	157.92	-38.31	-48.01		-2376	153	7611
175335	141.76	-34.77	-30.44		-2839	-1205	6496
175593	140.71	-30.27	-28.59		-2359	-1488	5742
175752	-152.56	1.99	149.65		-28104	22541	5400
176010	170.82	-16.39	-45.58		-2713	-268	6902
176268	-176.68	-2.70	-37.15		-3123	-884	5736
176525	-175.95	3.16	-11.57		-2105	-4061	5105
176783	-176.87	5.49	-27.74		-1815	-1826	5837
176940	-83.47	nan	-74.45		16084	30805	-17292
177197	-166.63	0.69	-36.54		-3375	-678	5678
177454	-152.27	-4.61	1.75		-3028	-5158	4015
177811	-123.99	-7.48	29.86		-281	-7352	4377
177966	-123.61	-6.90	29.30		-233	-7200	4354
178223	-142.77	17.65	-6.10		-1778	-2092	3595
178481	-167.50	30.03	-34.39		-384	105	6438
178635	-168.15	30.17	-35.09		-365	130	6478
178890	-155.38	20.93	-14.90		-1188	-1678	4843
179149	-122.10	6.88	17.60		-648	-4375	3849
179303	-121.27	6.59	18.08		-614	-4366	3870
179559	-123.45	11.55	2.57		-2450	-3174	3065
179715	-123.30	11.89	2.04		12254	-18612	7075
179973	-111.17	15.04	-0.16		-2814	-2319	3886
180230	-113.59	22.74	-8.95		-3462	-778	4634
180487	-136.81	28.20	-30.48		-3662	672	5952
180642	-137.76	28.27	-31.39		-3637	722	6003
180898	177.40	-27.70	84.98		-7739	-7741	15469
181157	-57.82	80.87	-96.45		-12429	-10814	15446
181419	43.80	-6.66	24.08		-4937	-4767	4670
181673	46.33	-10.93	18.47		-4586	-4909	3339
181829	46.66	-10.74	17.15		-4461	-5058	3301
182086	69.14	-1.67	-37.02		352	-7312	6003
182239	71.77	-1.48	-38.28		523	-7455	6077
182494	156.81	-10.48	-87.48		32	-1328	11885
182649	158.65	-11.17	-88.55		5	-1178	11872
182904	-152.76	-41.50	-109.75		-4713	829	11827
183164	-165.07	-52.25	-98.00		-4433	1065	9855
183424	168.09	-38.47	-73.21		-2410	575	7349
183579	-76.03	58.82	-19.89		24741	-521	32722
183837	157.11	-16.93	-49.29		-828	-1578	4893
184094	160.08	-16.39	-44.09		-1252	-1816	4591
184353	170.62	-23.51	-29.55		-4243	-2571	2980
184612	165.27	-23.06	-16.53		-4429	-4855	2578
184870	153.82	-18.10	-25.58		-2789	-3644	2650
185129	146.19	-14.15	-41.66		-198	-2376	4027
185286	-46.08	nan	-50.17		19052	-30676	22977
185543	142.34	-15.79	-45.69		109	-2033	4240
185800	140.57	-17.08	-43.49		-153	-2313	3877
186058	137.55	-19.42	-42.62		-231	-2142	3880
186214	2.49	nan	36.79		-21872	-16562	5657
186469	134.44	-19.77	-41.52		-58	-2430	3774
186624	48.03	nan	-51.60		8370	-15799	31696
186880	128.93	-31.37	-34.75		-1680	-1896	3484
187138	126.04	-28.08	-32.12		-1275	-2221	3386
187397	110.13	-27.51	-26.58		-1049	-3615	2962
187656	102.40	-30.71	-18.13		-1977	-3366	2831
187915	96.35	-31.07	-10.42		-3171	-3757	2756
188071	96.41	-30.96	-10.45		28388	-18765	-23439
188433	95.19	-33.27	-19.90		-1508	-3339	3697
188590	95.10	-33.28	-20.02		-5386	14567	-26296
188850	84.04	-33.36	-15.76		-1470	-3173	2743
189108	63.72	-42.67	-23.20		-90	-4688	4076
189363	66.50	-54.64	-28.88		1244	-2750	4733
189518	66.44	-54.71	-28.80		-8778	31134	-30512
189778	59.97	-46.39	-18.68		632	-3183	3666
190034	57.51	-42.34	-13.24		61	-3204	3199
190187	57.37	-42.31	-13.09		-13653	-30589	21436
190448	46.49	-38.13	-13.92		1038	-2392	3089
190705	-2.14	-2.43	-43.96		-6832	-11123	5621
190963	-12.71	40.09	-64.83		-9364	-12711	9595
191221	21.82	80.28	-22.98		-9930	-11192	11169
191480	133.97	69.47	72.26		-6872	-13163	11299
191739	-159.26	53.57	110.01		-2298	-12735	13790
192001	-127.98	34.23	109.82		1945	-10218	13302
192261	-160.99	39.69	45.15		1961	-8663	7574
192518	164.78	29.48	7.91		460	-7483	4877
192670	164.11	29.14	7.26		360	-7403	4882
192923	178.35	34.76	15.61		1464	-6970	5806
193179	172.84	31.75	2.32		1270	-5563	4853
193333	172.71	31.38	1.53		-510	11051	-26852
193589	-169.38	18.84	5.06		-804	-4512	4768
193845	-162.53	17.01	-2.01		-1230	-3298	4588
194001	-162.77	16.87	-3.07		-2089	13552	-27689
194262	172.93	-13.68	-41.31		-3408	412	5688
194518	159.83	42.33	90.38		-10955	-11178	14865
194778	34.43	-30.20	-46.96		-615	-9707	11546
195036	18.51	-4.23	74.01		-7343	1891	5811
195189	19.67	-2.30	73.38		-7565	1615	5696
195443	16.99	-6.46	38.53		-4757	-3179	4278
195598	17.19	-7.80	38.62		-4536	-3159	4326
195853	16.05	-24.73	43.66		-1557	-1392	4383
196008	-65.82	nan	-40.38		6354	1734	1465
196261	24.06	-20.50	19.99		-2029	-4392	3191
196417	24.64	-21.08	19.15		-1941	-4460	3205
196674	72.05	-43.46	-24.73		1968	-4590	6591
196930	111.40	-63.73	-56.20		2080	-2686	9912
197087	79.57	-13.91	54.40		15182	-20280	-360
197345	175.51	-74.71	-132.39		2536	-1351	11283
197605	124.87	-60.12	-55.83		1225	-991	8314
197862	117.95	-53.40	-31.72		-644	-545	6430
198118	102.17	-41.31	-6.58		-2251	-2744	4611
198275	101.88	-40.91	-5.95		-9298	32749	-13310
198535	97.99	-34.39	-1.06		-2600	-3176	3650
198791	96.63	-34.76	-6.31		-1509	-3211	3895
199048	97.67	-36.69	-10.10		-1150	-2721	4115
199306	97.10	-34.62	-10.41		-742	-2029	4002
199461	96.73	-34.09	-10.12		-699	-2053	3996
199717	66.37	-6.72	9.56		-4587	-6903	2946
199871	65.95	-6.50	9.54		-4553	-6901	2898
200125	34.76	-19.31	-5.10		-2269	-6425	3812
200281	32.81	-20.44	-6.11		-2124	-6493	3936
200538	27.09	-23.83	-58.75		-39	-11427	8448
200794	64.66	6.97	-54.33		1641	-9656	7686
200947	65.96	8.16	-53.44		1602	-9647	7612
201201	109.89	6.79	-17.13		-1003	-6616	5078
201458	105.41	-9.53	-11.24		-1535	-4026	5214
201715	85.10	-6.40	16.12		-5067	-4236	5638
201870	-8.67	nan	40.60		28137	1968	-6363
202123	63.25	16.59	18.69		-6078	-7712	5115
202277	62.81	15.91	17.99		-5555	-7210	5079
202532	69.77	-25.08	4.61		-1999	-2409	5295
202687	70.29	-25.88	4.40		-2011	-2347	5302
202943	94.77	-34.47	-6.29		-1960	-1816	5657
203199	86.96	-36.58	0.06		-2123	-1194	6034
203354	86.24	-36.49	0.36		-2143	-1205	6016
203610	74.25	-34.43	-2.75		-680	-2346	5778
203763	74.49	-34.55	-3.02		-642	-2348	5784
204019	82.27	-40.66	-3.62		-1734	-1548	6421
204175	82.60	-40.78	-3.63		-1772	-1545	6406
204431	100.74	-40.50	-6.56		-2348	-1391	6202
204689	93.61	-35.07	-5.43		-1925	-2093	5666
204845	96.29	-27.25	22.66		16616	-8783	-24527
205104	80.70	-29.68	-3.26		-1309	-2930	5263
205360	79.04	-25.98	-2.57		-1228	-3405	5041
205617	72.67	-27.08	-0.58		-1070	-3237	5023
205772	72.42	-27.10	-0.49		-1069	-3240	5014
206028	68.49	-23.31	-3.15		-910	-4018	4933
206183	23.54	nan	42.86		25749	-22680	1523
206437	99.31	-8.45	-4.97		-1910	-4140	3956
206592	100.49	-7.53	-4.77		8817	2305	19257
206846	165.90	40.88	23.44		755	-8004	5140
207000	167.11	40.70	23.91		762	-7980	5126
207254	161.44	4.08	3.78		-3685	-4904	2461
207408	161.31	3.22	3.08		-3763	-4782	2417
207663	176.91	-3.56	-9.33		-4377	-3073	3050
207817	177.14	-2.90	-8.86		-4277	-3208	3051
208074	171.12	-3.64	-11.84		-4379	-2733	4298
208331	171.07	2.52	-23.47		-2874	-1283	4349
208487	170.82	2.87	-23.55		-2849	-1265	4333
208744	170.45	7.76	-25.40		-2275	-1075	4474
209000	166.70	7.43	-22.66		-2237	-1712	4167
209156	166.69	7.53	-22.49		-2217	-1734	4156
209413	171.60	12.82	-19.95		-1911	-1920	4129
209671	175.34	17.96	-18.31		-1359	-2050	4652
209826	16.24	nan	-32.07		-12134	20268	-1573
210083	179.49	-16.49	-30.41		-5554	-827	4557
210341	-176.28	49.59	72.90		-6772	-6206	14458
210599	57.19	-40.37	-51.60		2927	-5373	12040
210857	43.69	7.38	45.25		-7734	-2170	3312
211011	44.20	9.43	43.78		-7703	-2548	3264
211265	-34.73	32.45	-60.13		-8765	-11328	10089
211627	-155.95	-24.81	-62.03		-7053	-23	10226
211783	-18.86	nan	13.69		-18193	26739	32697
212040	160.14	-47.74	-3.35		-6529	-2681	6410
212298	126.00	-47.37	10.92		-6573	-1035	5819
212555	106.62	-43.48	-3.02		-2000	-1148	5414
212712	18.98	nan	61.76		-15511	-32371	19668
212968	95.29	-28.94	-3.77		-1298	-3239	4111
213225	105.23	-17.65	-7.22		-1130	-4136	3563
213483	119.65	-18.97	-12.87		-1096	-3272	3977
213641	138.50	13.43	-144.65		32238	-27775	30411
214003	164.71	-25.48	-44.09		-2195	290	6814
214159	166.62	-25.19	-44.69		-2435	360	6882
214415	-144.00	-18.89	-60.51		-7419	-375	8456
214674	-110.08	-41.75	-79.97		-10305	-2648	11204
214936	5.99	-82.48	177.61		-10077	-4489	9793
215194	51.22	-57.05	103.65		-9869	-1579	10043
215452	0.94	-59.87	119.57		-5677	1895	11631
215709	-113.49	-51.49	165.72		3288	882	15327
215866	-116.88	-51.16	166.72		3493	714	15365
216124	-179.58	-53.72	-169.36		4087	-5286	15576
216385	166.98	-44.69	-140.57		3520	-3990	16271
216645	169.68	-44.35	-125.77		2204	-1493	15396
216905	158.28	-44.54	-102.27		2014	-400	13086
217164	143.35	-42.30	-76.86		1671	-239	10508
217422	131.09	-40.07	-57.87		1245	-819	8510
217678	127.98	-38.71	-47.78		493	-935	7418
217833	127.86	-38.63	-47.51		-8773	2460	12189
218092	128.28	-27.62	-42.47		496	-1932	6694
218349	136.27	-24.51	-37.81		-606	-1748	6099
218606	142.19	-19.10	-34.46		-906	-1916	5771
218964	148.98	-12.15	-30.88		-1156	-2437	5314
219224	154.16	-8.32	-30.14		-1159	-2274	5349
219380	154.38	-8.19	-30.04		-1172	-2274	5343
219638	179.17	11.96	-16.31		-530	-3726	5047
219894	-177.90	18.34	-11.55		62	-3522	4790
220049	-178.15	18.47	-11.38		-12	-3599	4803
220306	167.69	15.00	-7.81		67	-4779	4034
220457	167.66	14.42	-7.72		13	-4775	3985
220812	-166.99	-57.21	47.19		-4964	-10955	7956
221072	9.44	-32.38	171.14		-8171	-4203	17161
221229	54.55	48.67	108.46		-20092	3712	-22086
221488	-17.21	54.65	-101.18		-3521	-12490	13572
221850	9.63	46.08	-9.66		-8052	-8967	6681
222003	9.82	45.58	-8.72		-8110	-8922	6590
222258	43.96	16.49	14.63		-5291	-6950	4476
222513	39.40	2.76	21.54		-3988	-5225	4274
222666	-66.06	-51.69	48.80		22	30562	728
222919	21.24	-6.92	24.41		-2420	-4124	4413
223074	20.78	-6.94	24.49		-2432	-4131	4393
223329	8.06	-10.69	25.96		-1522	-3868	4565
223483	7.93	-10.73	25.96		-1478	-3882	4559
223739	3.05	-8.05	22.55		-1451	-4462	4503
223892	2.80	-8.05	22.50		-1373	-4536	4477
224147	-1.80	-6.63	23.41		-1524	-4228	4572
224301	-2.20	-6.57	23.37		-1526	-4245	4568
224557	-12.96	4.85	13.78		-2403	-4973	4252
224710	-14.07	5.17	13.39		-2453	-5011	4259
224966	-33.30	10.91	6.47		-3333	-5632	4127
225121	-33.20	11.06	6.32		-3348	-5613	4114
225376	-26.45	-16.83	-26.77		-2466	-9210	5541
225635	-0.17	-42.95	-55.72		253	-10876	8633
225790	0.35	-43.88	-56.13		360	-10897	8721
226045	-81.32	-52.50	9.90		-7	-10538	6747
226199	-83.40	-51.00	11.15		-78	-10472	6606
226455	-115.71	-4.49	12.00		-1058	-7361	4639
226713	-135.16	1.39	0.87		-2030	-6613	4228
226868	-135.85	1.51	0.44		-2078	-6571	4223
227123	-153.39	8.34	-14.12		-2140	-4719	4337
227481	-155.63	13.78	-20.53		-1464	-3422	4468
227740	-159.37	11.16	-17.60		-1158	-4311	4350
227898	157.59	-0.72	-77.69		19121	-23603	-27259
228259	-168.70	7.95	-26.34		-1527	-3345	4524
228416	-168.83	8.06	-26.43		4320	2016	-6868
228673	-170.05	11.13	-30.35		-1362	-3060	4898
228932	-171.43	13.81	-33.62		-992	-2623	5150
229189	-170.21	15.13	-33.59		-958	-2551	5111
229549	-173.15	16.34	-34.02		-530	-2614	5229
229705	-160.36	-23.06	-132.13		-29007	14312	2624
229967	-172.59	14.44	-34.58		-817	-2605	5049
230124	-172.61	14.40	-34.55		-12579	-12340	20675
230386	-172.24	14.56	-31.82		-882	-2967	4853
230543	-172.19	14.68	-31.74		9581	-16692	-3489
230803	-163.44	21.41	-32.43		-891	-2453	5292
231060	-152.01	32.02	-33.33		-746	-1393	6086
231318	-135.29	43.91	-28.97		-1111	-781	6902
231576	-116.48	55.13	-22.93		-2249	-153	7726
231833	-80.20	57.48	-6.19		-3528	530	7313
231987	-79.18	56.95	-5.76		-3558	520	7257
232241	-47.69	9.88	-13.94		-4556	-5371	3615
232498	-13.62	-1.04	-17.79		-3084	-5658	3603
232755	-9.82	12.04	0.59		-5226	-4002	3535
232908	-9.85	12.31	1.24		-5241	-3933	3537
233162	-2.17	4.73	4.40		-4068	-3551	3175
233315	-1.99	4.53	4.51		-4021	-3511	3152
233568	-4.44	5.25	17.83		-4056	-1636	3877
233822	-7.98	2.91	22.34		-3233	-1282	4066
233975	-8.07	2.88	22.47		-3225	-1272	4074
234229	-8.69	-1.95	21.86		-2604	-1571	4190
234384	-8.71	-2.09	21.83		-2589	-1599	4180
234639	-3.91	-7.33	20.42		-2146	-1720	4706
234793	-3.82	-7.21	20.55		-2161	-1706	4714
235048	-5.83	18.41	35.72		-4609	-43	5658
235201	-5.79	19.42	36.38		-4682	30	5672
235453	-114.53	-13.30	117.99		1670	5270	20103
235712	-169.43	-17.36	-59.31		-9060	1352	4564
235971	154.90	-37.83	-9.71		-9460	-5117	4033
236228	165.15	12.98	5.82		-2392	-8343	4381
236383	165.09	14.51	6.35		-2072	-8355	4465
236639	86.04	38.78	73.53		-9726	-5818	11985
236895	30.56	21.42	97.13		-5777	804	12032
237048	29.57	20.76	96.66		-5707	669	11974
237303	30.30	-1.96	74.05		-5394	-74	9052
237556	21.56	-16.84	60.62		-3010	-307	7910
237711	21.94	-17.23	60.21		-3054	-328	7884
237966	26.24	-20.15	49.30		-1916	-624	6796
238120	25.86	-19.67	49.28		10724	-13490	-30187
238381	16.66	-10.52	50.27		-2749	-776	6034
238637	18.46	-13.98	44.47		-1897	-1234	5398
238893	19.22	-16.43	40.15		-1673	-1651	5191
239048	19.28	-16.57	40.04		-1675	-1663	5192
239305	45.63	-37.19	54.54		-4760	869	7503
239459	48.35	-37.62	55.64		9492	32359	8348
239714	13.20	22.00	133.38		48	3697	16818
239866	8.82	25.73	135.48		914	3549	17045
240221	104.41	8.16	-17.21		-1288	-4452	2757
240376	103.16	7.64	-16.47		-1349	-4446	2684
240633	-136.99	48.14	51.82		4549	-5744	6737
240889	33.96	8.74	119.88		-6494	882	14702
241043	43.75	7.27	121.41		-7846	258	15056
241398	-22.21	-22.89	131.28		-1600	2318	16931
241556	-62.19	nan	11.62		8241	7460	-15574
241810	-47.02	-47.58	131.08		-428	1475	15708
242068	-52.30	-67.10	147.02		-2858	2005	14781
242327	-25.09	-76.15	110.28		-1777	1067	13355
242485	-73.75	nan	51.65		20113	26701	8365
242739	-18.38	-47.41	72.70		1958	-401	10798
243096	-32.73	3.51	69.93		510	-735	8041
243248	-32.55	3.42	69.94		602	-838	7990
243500	-52.43	10.55	73.04		1613	-1496	7681
243755	-46.10	2.74	68.90		2363	-2147	6953
243908	-46.72	2.31	68.73		2329	-2115	6874
244162	14.61	-20.69	41.57		-56	-3790	5361
244417	-8.36	-18.98	48.35		936	-2378	5987
244570	-9.51	-18.63	48.83		1010	-2442	6005
244826	-23.96	-5.61	54.51		68	-2085	5613
244977	-23.65	-5.58	54.41		149	-2163	5607
245232	-1.71	-2.69	50.28		-1430	-1545	4592
245386	-1.88	-2.53	50.20		-1498	-1512	4554
245642	3.10	-3.29	43.79		-1896	-1949	4255
245794	3.04	-3.38	43.67		-1875	-1954	4252
246048	-3.74	-5.56	40.98		-1146	-2377	4016
246304	2.78	-6.29	39.31		-1716	-2009	3905
246457	3.72	-6.36	39.07		10565	-14664	-28041
246715	51.56	-1.14	28.55		-3648	-3656	2731
246970	51.54	8.63	34.33		-5586	-3991	2948
247123	51.70	8.65	34.50		-5639	-3990	2971
247479	21.90	-34.94	35.68		870	-275	4637
247631	21.04	-36.38	35.59		1118	-296	4759
247885	-24.06	-50.89	53.47		4570	-2477	7553
248142	-4.42	-37.19	46.99		2136	-1883	6221
248397	16.81	-31.57	40.28		368	-856	5245
248550	17.61	-31.45	39.99		307	-838	5219
248803	54.03	-30.67	23.17		-2329	-504	4138
249059	100.45	-21.34	-10.26		-1134	-1158	4289
249318	132.85	8.55	-37.05		1101	-1462	4647
249472	131.48	9.79	-37.40		1183	-1634	4724
249728	109.30	19.88	-36.00		2831	-4493	4513
250085	122.04	33.71	-47.37		3769	-3705	6453
250241	122.28	33.78	-47.58		3780	-3650	6460
250498	134.02	23.67	-39.47		2546	-2414	5311
250754	121.74	-2.54	-31.97		531	-2385	4462
250908	120.12	-4.29	-32.12		573	-2373	4561
251164	123.56	-56.54	-59.33		2676	1070	9448
251320	123.86	-56.75	-59.70		15685	-13050	6815
251580	109.62	-45.59	-29.40		147	153	7340
251834	119.38	-21.41	-11.87		-2475	-1334	4495
252093	173.82	21.17	9.76		-1051	-5058	4112
252248	175.15	22.26	10.65		-876	-5211	4109
252503	153.36	-8.87	-29.59		-3311	1441	4755
252861	133.87	-26.74	-45.93		298	998	6835
253014	133.33	-26.67	-45.48		239	910	6840
253369	156.63	28.98	-4.61		395	-4684	4940
253522	157.90	30.46	-2.89		491	-4917	5020
253777	167.81	26.76	-3.52		521	-4289	4352
254031	143.47	-6.66	-33.10		-1677	-96	4416
254186	-4.38	nan	-40.36		22145	23290	9978
254440	139.10	-14.98	-32.51		-1456	-362	5548
254697	149.96	1.76	-25.15		-1375	-1574	4310
254853	150.34	2.34	-24.83		-1441	-1634	4277
255110	172.19	20.43	-6.09		-843	-3763	3862
255263	-10.38	nan	-5.64		31717	3316	-14870
255519	162.28	-12.15	-30.82		-3851	163	4861
255775	114.09	-24.74	9.20		-4232	11787	4939
255931	109.79	-18.36	13.52		-5441	11943	5810
256189	-16.76	14.54	48.41		-10788	1460	8573
256446	-30.15	49.72	-16.13		-11445	-7777	4803
256704	-8.73	0.21	-21.92		-3627	-9458	5060
256859	-8.58	-1.44	-22.48		-3376	-9435	5130
257116	-61.87	-25.45	-56.48		-6597	-10630	9652
257375	-89.44	-11.80	-68.83		-9734	-6909	9342
257634	-113.88	1.40	-68.15		-8298	-3306	8612
257892	-126.29	9.05	-58.19		-6899	-2697	7368
258049	-126.41	9.47	-57.72		-6853	-2699	7308
258306	-117.89	35.53	-37.07		-4036	-1354	6351
258565	-65.55	43.55	-20.26		-6011	-1833	5982
258823	-39.08	35.61	7.19		-5155	-1457	5602
258976	-37.48	35.02	8.56		-4971	-1419	5600
259232	-20.88	20.62	26.97		-3565	-1580	5852
259590	-24.65	31.26	21.82		-4815	-1483	6136
259745	-25.50	31.26	22.09		-4771	-1396	6149
260002	-35.46	8.87	29.17		-752	-2119	5441
260155	-35.30	8.22	29.17		-20041	-20830	-12454
260415	-57.20	3.26	17.88		-122	-4066	4621
260669	-70.76	5.89	10.07		-920	-4469	4131
260823	-71.32	5.90	9.90		-808	-4480	4127
261177	-56.03	4.88	-14.98		-4190	-6224	3516
261332	-55.13	4.94	-15.33		-4259	-6277	3489
261588	-64.59	12.60	-3.87		-2755	-3705	2887
261946	-70.81	18.47	4.47		-1668	-2894	3363
262100	-70.88	18.62	4.63		-1656	-2862	3372
262355	-81.07	24.18	12.54		119	-2510	4029
262509	-81.33	24.31	12.77		179	-2524	4069
262764	-76.20	26.08	14.00		-268	-1956	4214
262919	-76.28	26.02	13.84		-303	-1937	4214
263174	-83.26	20.37	15.56		448	-2940	4116
263327	-83.22	20.27	15.65		506	-3010	4112
263581	-85.37	24.99	12.62		-255	-2767	4322
263837	-67.12	24.48	40.35		2918	-1486	7124
264092	-25.92	5.84	65.00		644	1279	9165
264244	-24.93	5.36	65.44		525	1364	9204
264496	-8.08	1.55	57.38		-1793	348	8112
264646	-8.55	1.94	56.60		-1966	350	8104
264899	33.37	-6.42	37.74		-5203	-1745	6250
265154	31.79	-13.84	39.72		-4539	-1362	6558
265411	40.32	-17.04	37.71		-4420	-1718	6279
265566	41.09	-17.04	37.62		-4462	-1792	6289
265823	59.75	-18.60	35.65		-5963	-2410	6349
266080	71.52	-21.38	25.64		-4586	-1990	5572
266235	71.03	-21.18	25.46		-4570	-1905	5535
266491	67.09	-17.68	18.07		-3865	-3532	5075
266748	69.70	-25.71	9.47		-2559	-2580	5300
266903	69.99	-26.02	9.15		-2496	-2584	5299
267158	79.71	-22.18	2.90		-1991	-2594	4321
267313	79.88	-21.46	2.84		-2038	-2688	4244
267569	113.17	35.80	12.50		-2989	-9700	4152
267724	123.93	-60.56	-74.33		12270	-2360	22989
267983	132.66	6.51	-4.14		-1895	-3902	4064
268239	119.15	-28.77	-21.08		-2763	104	4840
268496	120.35	-16.50	-20.96		-1659	-808	4653
268652	-32.53	nan	-33.66		22859	30681	10475
268909	133.99	-2.88	-6.35		-2623	-3249	5032
269165	128.40	-49.83	-43.80		-1260	2774	8152
269524	109.97	-37.29	-29.20		-471	-562	7289
269679	109.29	-36.75	-28.54		-476	-691	7191
269936	104.90	-26.63	-21.72		-634	-1572	5834
270194	106.75	-21.95	-22.62		-657	-1957	5548
270451	116.30	-13.30	-20.12		-1363	-2233	4830
270609	116.57	nan	63.20		-13077	1449	450
270862	135.68	8.49	-13.55		-1121	-4088	4572
271017	135.71	8.08	-13.58		-1153	-4072	4557
271275	123.66	-19.15	-12.87		-3148	-640	3841
271532	-172.65	62.59	78.37		-32	-8251	15390
271687	91.87	nan	-58.48		-5370	-31365	22420
271944	-100.62	24.99	114.45		5174	-9010	11681
272203	-100.65	31.91	91.76		4820	-8178	8811
272459	-108.46	36.71	73.15		4444	-7095	6361
272615	-108.82	36.94	72.69		4500	-7054	6330
272872	-124.47	33.72	61.17		3533	-7938	5575
273129	-108.58	8.36	80.17		5097	-9807	8624
273283	-108.29	7.05	80.91		5140	-9917	8794
273539	-99.81	-28.08	98.54		5617	-9359	12554
273797	-60.33	-40.64	92.40		5224	-3775	12009
273953	-60.14	-40.96	92.17		5250	-3735	11994
274211	-47.92	-38.86	82.14		4310	-2876	10539
274468	-30.57	-27.42	69.20		2777	-1856	8582
274725	-21.51	-25.31	57.91		2068	-2074	7362
274881	-21.16	-25.40	57.46		2061	-2100	7354
275137	4.15	-25.80	39.73		321	-1701	5729
275290	3.70	-25.59	39.43		300	-1781	5672
275644	11.07	-34.61	27.88		1003	-2846	5903
275799	12.26	-34.94	27.61		989	-2784	5920
276052	44.51	-45.13	14.35		10	-1902	6650
276205	45.72	-45.35	13.99		-60	-1881	6630
276460	101.98	-45.65	-14.24		-1698	-586	7116
276717	128.24	-46.75	-28.57		-2762	-297	7681
276975	158.20	-43.67	-43.78		-4266	-197	8022
277232	-164.97	-18.81	-49.07		-5531	-680	7363
277491	-139.52	4.99	-43.13		-4881	-1795	6417
277648	145.68	19.44	35.07		-1795	1613	-19832
277906	-172.34	-10.00	-25.65		-3792	-2133	5335
278166	121.18	-18.80	0.48		-3922	-4578	4771
278422	89.81	-17.85	10.35		-4390	-5121	4574
278679	90.28	-17.67	9.21		-3588	-4585	4310
278834	90.35	-17.56	9.05		-3567	-4590	4310
279089	87.70	-14.49	-1.21		-1990	-5114	4401
279244	87.97	-14.57	-1.39		-1966	-5096	4396
279501	85.75	-20.11	-3.22		-1531	-4220	4553
279757	76.45	-22.36	-1.32		-1451	-4039	4721
279913	76.12	-22.41	-1.25		-1461	-4035	4723
280170	73.51	-24.80	-1.93		-1159	-4000	4870
280426	74.43	-27.88	-2.12		-1158	-3455	5094
280582	74.52	-27.96	-2.15		-1167	-3440	5113
280839	112.61	-31.03	-14.86		-2594	-2409	5703
281097	161.06	-19.39	-33.23		-2916	-1045	6202
281356	-170.10	-5.57	-40.01		-4294	-1011	6448
281615	-150.91	5.31	-40.58		-4862	-1049	6417
281772	-135.49	2.06	-14.99		-6933	8120	-14641
282030	-144.47	9.44	-35.97		-4213	-2010	6129
282288	-142.89	13.76	-25.43		-3042	-2419	5222
282546	-133.42	9.91	-16.57		-3018	-2856	4400
282804	-106.91	-11.46	6.47		-2783	-5918	4523
283062	-91.07	-41.80	30.90		372	-8735	5554
283216	-90.40	-42.06	30.61		412	-8779	5549
283471	-81.97	-14.52	3.85		-3062	-6056	2713
283627	-82.21	-13.41	3.66		-3114	-5914	2683
283883	-89.24	18.52	3.96		-2788	-1701	3850
284038	-28.01	nan	39.40		32587	22192	-1952
284293	-81.21	13.41	11.88		-2264	-2308	3772
284550	-71.98	6.20	17.63		-1642	-2835	3715
284704	-71.82	6.10	17.75		-1622	-2868	3731
284959	-85.84	30.49	3.77		-2959	-1342	4879
285114	-86.80	31.99	2.73		-3121	-1096	4966
285369	-155.06	-8.40	110.25		-7304	-8073	19133
285629	129.79	-16.01	-52.22		115	219	9164
285783	130.21	-21.52	-51.07		-499	629	8813
286039	93.09	-45.37	18.14		-6028	-2800	4145
286194	93.06	-44.72	17.99		26913	11916	-32493
286452	96.15	10.04	-6.65		-2020	-8926	3934
286708	34.21	42.92	-19.92		-6463	-9686	7242
287066	-121.69	68.55	-77.16		-7844	-1026	11880
287326	-163.72	73.30	-89.80		-4455	1432	11403
287585	-96.32	68.35	-20.96		-2916	-443	8522
287740	-95.76	68.07	-20.15		-2867	-448	8462
287996	-125.10	64.27	-36.54		-3042	504	7686
288253	-106.13	63.78	-18.67		-2594	-317	7310
288410	-105.03	63.89	-17.49		27865	3158	-31190
288670	-70.35	62.39	21.59		-897	254	7630
288923	-68.58	56.70	24.22		-733	-100	7015
289077	-68.66	56.40	24.19		-722	-133	6983
289432	-71.96	46.88	20.24		-714	-1239	5687
289587	-71.87	46.82	20.29		-716	-1245	5679
289842	-53.60	47.07	35.99		-1053	-787	6100
289996	-52.28	47.16	37.23		-1075	-672	6196
290251	-2.63	39.42	86.67		-1157	1714	11123
290406	-1.14	38.35	86.88		-1297	1772	11215
290662	7.85	10.11	54.08		-3656	1327	7882
290814	7.14	9.80	52.35		-3541	1138	7701
291066	-20.32	-5.67	3.11		-887	-6376	3343
291320	-17.01	-14.15	5.03		700	-5265	3632
291474	-17.35	-14.13	5.35		783	-5172	3674
291728	-14.18	-12.07	17.39		68	-3325	4436
291881	-14.47	-12.33	17.47		87	-3314	4407
292135	-31.09	-23.75	-0.14		738	-7324	4459
292390	-42.80	-40.03	4.29		2722	-8891	6107
292646	-52.75	-40.44	9.23		1728	-9679	5983
292801	-53.91	-40.25	9.81		1677	-9662	6024
293056	-83.42	-49.82	23.06		1628	-10820	7673
293213	-44.53	nan	88.91		23691	22505	23178
293469	-105.08	-45.90	35.66		1401	-10692	7045
293728	-97.31	-28.65	24.13		436	-9095	5348
293881	-118.71	-24.85	135.88		11147	-11632	-515
294244	-84.93	3.48	14.34		-284	-4535	4502
294397	-84.85	3.87	14.26		-292	-4476	4507
294651	-82.27	5.62	9.93		-884	-4346	4075
294904	-87.18	5.98	6.58		-1359	-4054	4013
295058	-87.45	5.94	6.54		-1310	-4037	4012
295312	-100.07	3.58	0.86		-1615	-4969	3371
295467	-100.01	3.70	1.17		-1568	-4967	3386
295721	-114.88	0.88	14.99		63	-6231	4037
295874	-115.99	0.63	15.30		56	-6342	4038
296127	-127.41	8.49	39.87		2787	-9242	6899
296383	-133.63	33.42	38.70		3952	-7345	7731
296538	56.40	nan	-75.84		-20233	-1453	23267
296795	163.79	52.67	-8.56		3437	-7929	7744
297050	135.76	43.15	-26.95		2058	-6925	6832
297205	136.56	42.82	-26.85		1995	-6832	6754
297462	179.08	24.71	-19.80		-426	-3900	5625
297719	-159.97	14.35	-18.04		-2377	-3984	4780
297977	-146.46	10.82	-19.06		-3396	-3782	5133
298135	34.63	-1.16	-60.69		28301	-10352	-888
298393	-129.24	24.10	-13.09		-2512	-3123	5419
298652	-86.30	36.39	-5.63		-3314	-1245	5780
298908	-91.65	28.93	-8.95		-3605	-2184	5669
299064	0.68	nan	-22.31		-27802	8699	8359
299317	-121.02	10.54	-9.50		-2821	-4471	4554
299473	-31.77	nan	78.17		-27607	10259	18473
299729	-121.93	18.90	-9.02		-1782	-3499	4742
299987	-120.53	25.47	-11.41		-1606	-2597	5065
300247	-123.52	24.03	-14.80		-1826	-2701	4854
300505	-127.34	20.31	-13.93		-2011	-2956	4570
300764	-115.77	7.97	1.31		-1619	-4586	4122
300918	-114.95	7.02	2.14		-1574	-4683	4194
301173	-102.29	-60.52	53.12		1228	-9986	6244
301330	53.05	nan	-48.81		7527	11981	3910
301584	-128.54	-24.26	-166.51		-3048	-443	17110
301844	-130.66	9.55	-150.78		-7661	-2307	17886
302104	-105.59	32.41	-133.75		-9792	-5595	16924
302365	-112.44	44.05	-135.95		-10085	-6082	15807
302627	-143.26	43.29	-160.42		-7701	-5079	18132
302990	174.91	48.35	148.92		-7856	-8955	17152
303350	127.06	41.32	97.43		-9266	-10773	13080
303608	117.03	27.79	54.96		-6857	-11291	8242
303766	117.08	27.23	53.76		22054	18237	17223
304024	103.35	14.24	27.20		-5445	-9194	5360
304280	94.55	7.60	18.95		-4635	-7781	4865
304434	94.08	7.27	18.83		-4643	-7729	4849
304688	81.14	-10.31	19.16		-4121	-4774	4766
304843	80.77	-10.73	19.34		-4238	-4701	4793
305100	72.36	-24.36	22.49		-3826	-2811	4479
305356	78.13	-20.35	11.99		-2301	-3600	4206
305512	77.79	-20.15	11.68		-2321	-3677	4194
305769	72.01	-21.71	4.59		-1284	-3830	4226
306024	65.03	-19.77	3.90		-1266	-4290	4359
306179	64.89	-19.69	3.86		-1240	-4285	4349
306435	58.08	-17.05	4.36		-1340	-4570	4317
306589	58.03	-17.04	4.31		-1328	-4576	4318
306844	51.32	-12.64	7.22		-1319	-4881	4046
306999	50.78	-12.31	7.45		-1434	-4911	4019
307254	20.61	10.70	-2.91		-2931	-7175	3923
307408	19.38	11.41	-3.52		-3020	-7259	3948
307663	-30.98	20.05	-23.58		-5936	-8276	5177
307921	-48.26	15.87	-26.78		-6518	-8069	5091
308078	-48.52	15.62	-26.53		-6523	-8108	5045
308336	-43.69	2.50	-5.19		-2754	-7061	4128
308591	-45.47	-0.48	0.99		-2108	-6657	4223
308746	-45.41	-0.41	1.16		-2118	-6593	4250
309001	-32.65	-17.10	-12.60		-1049	-7259	4917
309260	20.51	-31.24	-59.04		1640	-10088	7095
309416	21.95	-31.30	-59.48		-20763	14567	-30721
309678	-9.14	-30.85	1.67		946	-4512	4613
309931	-22.28	-3.70	36.75		-470	37	5366
310081	-22.61	-3.48	36.50		-477	-60	5340
310335	18.10	-28.03	-23.52		1060	-6410	4714
310591	25.91	-27.41	-20.59		1803	-4648	5354
310848	-9.32	-18.28	14.29		-239	-2783	2973
311003	-10.71	-17.44	16.11		-315	-2654	3070
311259	-6.07	-13.30	28.84		-541	-331	4961
311412	-4.72	-13.85	26.99		-542	-493	4883
311666	28.58	-21.15	3.59		-1771	-2108	5115
311821	27.65	-21.26	5.34		-1867	-1957	5120
312076	-8.98	-7.65	44.44		-1497	1003	5659
312229	-9.18	-7.75	43.51		-1445	891	5563
312482	20.70	-14.23	-17.23		-788	-4626	3326
312739	11.74	-19.88	9.64		-998	-2006	3927
312993	3.39	-20.14	22.88		-1012	-713	4302
313147	3.70	-20.13	22.52		-1006	-752	4313
313401	9.15	-12.58	23.35		-1840	-1007	5151
313656	-11.45	6.20	49.94		-1705	1460	6247
313809	-11.52	6.84	50.56		-22138	-31879	-16404
314070	-24.98	1.39	-74.44		-11227	-2120	13554
314329	-150.66	20.42	63.83		-804	-12344	12897
314587	-171.99	7.05	-74.06		-5465	3585	7119
314844	167.05	-34.68	-12.38		-8755	-5869	5635
315103	145.83	-43.36	14.50		-8787	-7154	6232
315361	-177.38	-40.77	-30.69		-7285	-4234	6147
315620	-144.90	-59.79	-52.96		-9427	-5104	9352
315880	117.36	-75.92	35.41		-10346	-4511	9212
316139	94.48	-59.16	53.54		-9328	-5366	8207
316295	93.06	-58.69	53.50		-9247	-5325	8143
316552	35.06	-48.83	56.56		-4290	-347	7497
316705	-29.24	nan	34.15		7229	15823	-5114
316959	-174.15	-78.70	151.15		3068	-9680	9802
317218	155.34	-56.47	-174.00		3341	-8025	13489
317478	150.73	-49.29	-147.10		5592	-5440	13383
317739	119.32	-46.71	-88.77		4934	-3227	9412
317997	69.71	-56.71	-27.55		-88	-1797	5192
318151	67.64	-56.88	-26.29		-314	-1929	5119
318407	15.69	-64.74	43.26		-262	858	6601
318560	13.61	-64.02	44.60		-289	742	6650
318813	16.74	-55.78	20.54		1529	-2423	3611
319069	2.33	-49.56	34.78		1261	31	5571
319218	1.80	-49.18	34.94		1244	19	5565
319469	14.87	-42.82	25.58		70	-1063	2968
319723	17.33	-43.61	40.84		-1037	1415	4566
319878	16.99	-43.57	41.36		-1061	1459	4606
320133	3.79	-44.40	47.52		-510	1167	5182
320285	3.67	-44.53	47.58		-506	1231	5261
320538	41.58	-55.90	36.54		-4087	2201	6114
320794	43.15	-86.20	76.14		-9353	2264	10012
321051	-14.05	-67.35	-150.88		-12559	-9425	13161
321313	-2.45	-67.01	-120.11		-7405	-14228	11972
321574	10.24	-74.03	-125.45		-5484	-15090	12110
321836	24.01	-71.79	-147.40		-7652	-14948	14120
322097	25.45	-71.51	-164.15		-8494	-13296	14193
322358	38.67	-71.50	166.40		-10815	-10252	15168
322619	71.48	-51.73	105.85		-9823	-5942	14673
322978	36.14	9.66	100.83		-6198	1890	14520
323133	34.79	12.00	100.24		-5882	2083	14395
323390	-110.33	43.37	24.39		2295	-2353	5900
323646	-131.63	-8.04	14.15		-1700	-9754	5362
323803	-129.58	-9.95	13.54		-1757	-9754	5566
324061	-129.32	-72.59	24.37		-4192	-13256	10602
324322	-157.49	-46.08	35.68		-3921	-11818	7512
324582	-169.76	-30.61	16.40		-5287	-8872	4992
324840	-168.99	-30.17	-0.29		-5916	-7065	5083
325099	-162.13	-28.33	7.87		-5688	-8228	4403
325357	-129.57	-39.55	15.09		-3016	-9506	5188
325616	-103.75	-30.14	-18.11		-6547	-6977	4053
325875	-105.15	-2.68	-18.55		-5257	-4236	3053
326134	-103.07	8.98	-17.49		-4944	-2825	3355
326391	-88.53	11.65	-4.61		-3748	-2500	4204
326547	-88.12	12.10	-4.02		-3620	-2419	4211
326804	-96.26	28.74	2.76		-2265	-766	4739
326957	-96.42	29.03	2.92		-2217	-750	4767
327212	-102.41	32.09	5.51		-1117	-694	5142
327366	-102.42	31.91	5.49		-1119	-715	5127
327621	-98.96	21.03	6.18		-1555	-1893	4495
327776	-98.64	20.69	6.33		-1555	-1913	4486
328032	-84.81	14.61	7.03		-1579	-998	3822
328184	-84.56	14.42	6.68		-1604	-1216	3786
328440	-130.76	34.42	-25.40		-151	4264	4509
328596	-131.89	32.92	-26.34		-12288	23494	28682
328857	-169.79	35.17	51.17		240	-10566	9465
329114	133.73	40.23	-41.70		3855	-6226	8455
329370	115.53	35.37	-43.63		2234	-7079	6796
329627	94.63	40.36	-22.01		-889	-11589	7371
329783	96.28	39.89	-21.03		-858	-11453	7367
330039	75.22	10.32	-2.12		-3679	-7338	4717
330193	-55.05	nan	-47.55		-9731	1905	8171
330447	78.55	-3.94	-2.80		-2689	-5521	4632
330602	78.73	-4.32	-2.84		-2652	-5465	4649
330857	77.38	-11.98	2.23		-2505	-4551	4523
331012	77.47	-12.15	2.71		-2596	-4554	4534
331267	72.43	-27.94	22.81		-3904	-1559	5783
331524	50.86	-35.32	32.29		-3295	-1341	6961
331679	49.98	-35.56	32.53		-3232	-1362	6981
331936	51.04	-37.44	33.63		-2838	-1176	6509
332294	76.86	-30.49	13.17		-2863	-2131	5469
332449	77.07	-29.94	12.64		-2783	-2233	5398
332705	67.18	-14.93	7.03		-1246	-4880	4278
333062	67.60	-23.26	7.73		-1055	-3125	4972
333216	67.30	-23.46	8.08		-1090	-3046	5022
333472	52.30	-16.04	4.95		-856	-4796	4204
333626	51.94	-15.63	4.87		-908	-4755	4127
333880	36.43	-1.12	9.54		-2001	-6430	3663
334032	37.05	-1.66	10.00		-1914	-6372	3762
334390	83.36	-31.66	-5.60		-199	-2253	6247
334543	85.26	-31.67	-6.05		-182	-2350	6326
334799	130.54	-31.21	-37.78		-540	-439	7101
334955	132.32	-31.26	-38.73		-613	-352	7158
335211	-172.01	-31.85	-51.73		-6490	-1397	7767
335471	159.34	-40.95	-52.98		-1664	-57	9447
335728	101.49	-45.55	-23.03		-1630	-604	6297
335885	-96.45	-11.06	36.67		-4124	-271	-13375
336143	166.58	-32.82	-31.28		-3964	-1716	5941
336402	-163.01	-24.85	-42.77		-5231	-1608	6496
336662	-175.35	-36.08	-38.88		-5855	-1006	6771
336922	167.99	-30.63	-36.37		-3810	-1826	6325
337180	-143.73	-17.49	-42.52		-6954	-1830	5175
337440	-118.28	-27.51	-31.75		-8056	-4344	4389
337700	-109.33	-26.35	23.15		-2354	-8645	3163
337959	-72.20	-14.56	69.02		2302	-2093	7581
338215	-38.34	-31.28	110.00		-377	2662	12225
338473	-27.33	-54.78	111.55		-1497	3810	10624
338733	-0.02	-49.21	90.70		-4858	3239	9656
338887	-0.33	-49.27	90.35		-5031	3408	9676
339142	83.72	-68.02	2.67		-3597	2154	6086
339296	86.95	-67.74	-0.08		-3631	2111	5951
339551	169.27	-56.06	-41.78		-8459	700	6327
339706	169.92	-55.69	-42.11		-8539	705	6271
339963	-178.96	-32.44	-35.81		-7515	-296	3134
340222	174.03	-21.44	-27.87		-6723	-983	2680
340480	159.99	-12.14	-23.45		-4402	-2114	988
340636	159.75	-12.24	-23.57		-29255	-2341	23718
340897	135.48	-25.44	-28.68		-4176	-78	1999
341154	133.95	-32.67	-29.48		-3703	379	4041
341410	117.24	-32.87	-21.61		-3236	1127	3387
341668	65.40	-31.17	14.44		-4426	-344	4294
341823	63.38	-31.20	16.41		-4500	-282	4452
342078	19.30	-19.89	79.94		-4953	4470	9665
342233	19.16	-19.52	80.33		-5012	4411	9762
342489	8.52	-3.92	78.32		-3639	2376	10882
342642	9.38	-3.39	78.02		-3916	2281	10930
342896	54.57	15.93	43.60		-8148	-2310	5473
343051	54.80	16.66	42.38		-8163	-2439	5393
343307	52.52	24.39	30.52		-8419	-4711	4634
343460	53.00	23.85	31.75		-8487	-4546	4663
343716	65.52	27.22	50.04		-10466	-3627	7557
343872	37.30	nan	98.16		16174	6593	-6235
344125	54.57	9.45	39.74		-8292	-1466	5325
344279	54.16	9.43	39.56		-8268	-1380	5267
344634	54.03	9.07	30.11		-7247	-2743	4262
344786	53.91	8.56	30.23		-7241	-2676	4260
345142	46.33	-10.22	34.11		-6034	-852	5802
345296	46.14	-10.34	33.89		-5974	-892	5748
345552	50.79	-15.66	19.41		-4472	-1062	4418
345708	50.95	-15.83	19.00		-4414	-1108	4400
345964	56.98	-22.58	5.38		-3007	-1472	4456
346119	70.75	11.28	72.28		28889	-14592	18965
346377	54.26	-16.81	-1.04		-2921	-1703	3299
346633	60.97	10.69	-41.53		1521	-6941	2987
346787	-58.95	nan	-165.90		-11194	-9678	18947
347045	89.47	39.76	-55.46		2330	-8721	4996
347301	106.38	30.15	-48.17		2512	-7073	4083
347558	109.79	23.51	-48.96		1935	-5475	4026
347714	108.88	23.63	-49.26		1907	-5567	4087
347970	56.97	23.74	-91.05		4849	-11958	10142
348228	62.09	29.56	-105.16		6304	-10226	11897
348487	81.31	38.21	-91.03		6475	-8549	10244
348643	82.24	38.33	-90.28		6475	-8470	10158
348900	121.97	35.43	-59.83		5679	-5593	6791
349157	147.56	30.93	-43.93		4002	-3632	4894
349313	148.60	31.33	-43.43		3979	-3603	4912
349569	-163.91	73.16	-39.34		3299	788	10539
349826	-120.47	83.64	-13.51		-179	1685	11747
349982	79.50	nan	-28.78		12778	32105	-18293
350238	-97.13	66.55	-0.58		-1080	1293	9271
350494	-99.59	56.99	-25.82		-5361	673	7850
350649	-98.34	56.82	-26.52		-5642	729	7922
350904	-49.74	19.22	-49.74		-8342	-6680	6264
351060	-23.26	nan	35.94		1219	-28072	-3538
351315	-64.15	71.36	-26.51		-9548	194	10611
351572	31.55	62.65	77.14		-7035	1130	11092
351727	32.13	61.98	77.55		-7017	1096	11083
351982	2.01	46.97	47.36		-6401	22	8245
352133	1.03	46.49	46.27		-6352	18	8124
352384	-11.91	0.80	-16.25		-4048	-6958	4744
352641	2.90	-14.23	-31.71		-1588	-8457	4509
352795	3.08	-14.44	-31.12		-1513	-8411	4527
353052	-16.16	-15.97	2.38		-675	-4282	2421
353207	16.50	-15.94	-1.99		17052	21105	974
353462	7.56	-6.79	5.25		-2414	-3319	3019
353614	7.73	-6.37	5.62		-2493	-3360	3011
353969	-4.51	13.37	43.27		-4344	611	6492
354120	-4.63	13.17	43.38		-4307	601	6513
354373	-0.53	-3.00	22.26		-2790	-1758	4326
354629	-6.04	-2.95	21.78		-2622	-1538	4321
354783	-6.23	-3.02	21.81		-2592	-1539	4316
355039	1.71	-5.98	19.85		-3056	-2008	4192
355191	1.88	-6.17	19.74		-3018	-2004	4213
355446	0.82	-14.39	20.78		-1655	-1374	4666
355601	0.72	-14.41	20.92		-1648	-1374	4651
355856	-2.28	-12.00	22.59		-1891	-1477	4608
356012	-2.25	-12.00	22.47		-1882	-1486	4596
356268	-0.42	-12.79	19.41		-1810	-1846	4409
356525	-0.16	-14.39	18.58		-1531	-1772	4348
356680	-0.20	-14.41	18.52		-1528	-1777	4347
356936	0.82	-15.36	18.55		-1620	-1945	4303
357091	-59.95	33.29	-53.94		2093	22196	11253
357349	3.54	-18.85	18.37		-1270	-1648	4680
357604	-0.62	-17.00	14.93		-1106	-2186	4643
357760	-41.74	nan	49.49		-27742	-31194	21005
358018	29.09	-13.37	-85.17		328	-10730	12033
358275	28.87	13.24	-94.35		133	-15127	10411
358532	35.27	3.82	-66.91		503	-11925	5073
358684	35.69	4.01	-66.26		490	-11897	5058
359041	21.60	-14.72	-66.58		-1034	-14320	6269
359400	65.08	-41.22	-118.69		4839	-13365	13641
359660	65.85	-29.24	-105.76		5145	-11443	12279
359920	67.30	-17.84	-82.94		5999	-10257	9514
360178	72.89	-16.15	-63.57		5667	-8429	6816
360334	73.15	-16.14	-62.98		5643	-8360	6742
360590	95.95	-14.43	-47.84		4910	-4802	5180
360847	112.94	-7.01	-63.77		5104	-3383	7704
361003	114.41	-6.74	-64.50		5100	-3165	7844
361259	148.57	8.04	-71.12		2061	387	9612
361411	148.91	8.47	-70.79		1987	392	9587
361664	148.56	17.97	-44.97		2666	-1987	7409
361921	141.09	7.93	-39.64		1919	-2823	6238
362176	140.64	-6.17	-37.33		266	-1735	6622
362331	140.36	-6.68	-37.20		189	-1724	6539
362587	150.87	-15.17	-49.71		-459	-773	7157
362741	173.45	1.06	179.58		30843	17085	28826
362999	-160.08	1.76	-66.20		-4759	637	9218
363255	-144.08	12.75	-58.61		-5599	-465	8089
363512	-124.69	24.41	-49.48		-6113	-728	7766
363669	-124.01	24.83	-48.94		-6120	-766	7717
363927	-85.01	36.15	-21.24		-5591	-1397	6182
364185	-61.76	32.46	-9.40		-5327	-2427	5916
364441	-46.79	26.12	-0.60		-4947	-2680	4769
364597	-46.37	25.85	-0.51		-4957	-2721	4740
364853	-63.43	15.24	-2.00		-3765	-3580	4455
365110	-80.66	12.78	10.29		-1255	-3176	4248
365265	-81.40	12.52	10.83		-1149	-3185	4253
365522	-102.54	-38.53	34.14		-19	-9215	7720
365880	-59.04	-51.23	30.71		3588	-6450	6367
366035	-58.64	-49.75	30.21		3465	-6289	6249
366291	-54.48	6.65	17.84		-2015	-2238	3539
366446	-61.72	nan	56.34		-31195	-10772	4017
366702	-46.64	3.26	-6.89		-3805	-3752	3125
366957	-52.18	6.89	2.61		-3800	-3190	2891
367111	-52.09	7.43	3.33		-3719	-3150	2906
367365	-44.32	33.38	24.45		-3834	878	5775
367620	-38.37	37.78	28.18		-4474	733	6847
367773	-38.26	37.69	28.30		20493	-24343	17860
368032	-47.77	22.20	25.11		-2590	-447	5648
368287	-55.58	12.83	18.35		-1855	-1596	4381
368443	17.34	nan	-40.08		30621	-2131	6824
368697	-53.66	14.32	18.67		-2074	-1475	4482
369054	-52.97	14.71	21.56		-1782	-1467	4972
369210	-53.13	14.65	21.59		-1762	-1463	4983
369466	-52.59	8.66	23.93		-1157	-1718	4773
369620	88.63	25.61	-66.57		31206	-27778	22565
369880	-52.26	6.25	20.61		-1447	-2121	4346
370136	-52.10	4.54	21.96		-1160	-2176	4387
370289	59.64	-25.70	-60.24		-18147	4902	8912
370547	-52.52	4.36	22.15		-1093	-2159	4357
370802	-50.13	6.95	22.76		-1390	-1778	4472
370957	-49.97	7.07	22.81		-1408	-1749	4480
371213	-48.85	9.82	24.48		-1560	-1391	4681
371366	-48.74	9.80	24.54		-1561	-1394	4681
371622	-47.66	8.80	25.45		-1461	-1448	4812
371776	-47.36	8.80	25.46		13944	-16644	-20542
372035	-45.26	7.46	23.65		-1765	-1613	4621
372291	-46.39	6.97	24.14		-1531	-1655	4614
372445	-46.44	6.93	24.15		-1518	-1661	4611
372701	-48.47	5.28	24.60		-1305	-1892	4581
372854	-48.37	5.18	24.67		-7224	29965	2044
373110	-46.31	5.20	25.55		-1226	-1563	4824
373265	39.97	14.08	34.12		-14323	-15285	-16379
373525	-53.83	-1.03	21.09		-1840	-968	3767
373780	34.47	-43.44	-77.23		426	-9228	12716
374037	39.33	-28.75	-76.63		1432	-12061	7679
374194	26.25	21.62	170.45		-7759	-8568	29217
374452	28.97	-36.96	-45.53		1495	-8781	4468
374708	5.53	-50.17	-58.73		594	-13344	6538
374862	-150.55	61.03	97.43		24369	-1128	18326
375121	15.61	-68.28	-54.78		4096	-12319	7592
375379	9.67	-55.75	-22.27		4159	-8663	5315
375634	4.82	-32.48	3.74		2402	-4524	1691
375787	3.06	-31.28	4.54		2060	-4639	1566
376040	-10.45	-20.75	9.37		-611	-4686	1572
376295	2.72	-32.97	-7.42		1138	-7685	2087
376449	3.56	-33.27	-7.92		3984	12733	14943
376705	10.09	-39.84	-11.07		3374	-8136	3453
376961	3.49	-31.47	-17.94		1181	-10054	3747
377116	3.22	-31.12	-18.56		1030	-10169	3788
377373	5.44	-20.06	-60.87		-1374	-15882	8728
377631	13.87	-14.93	-51.54		-635	-13074	7463
377788	-174.89	27.99	-70.72		-1655	-10581	1005
378048	22.94	-18.09	-23.15		184	-9228	5274
378303	32.13	-21.64	-10.00		211	-6780	4639
378558	60.95	-28.32	7.13		-1029	-3082	4853
378713	61.94	-28.43	8.21		-1200	-3081	4901
378969	84.60	-31.58	63.30		-8949	-2877	7309
379124	88.09	-31.72	64.03		-9077	-3147	7350
379380	127.10	-5.69	93.88		-10020	-9645	9647
379638	168.96	21.11	92.12		-4160	-14032	9233
379896	174.33	30.88	82.13		-2416	-14901	7757
380053	174.34	30.96	81.68		-21746	-12253	26132
380313	155.80	19.89	39.22		-2985	-11247	3097
380571	159.72	17.85	-1.47		209	-5496	1408
380826	165.90	17.05	-16.81		496	-2877	1732
380981	165.94	16.96	-16.86		476	-2869	1711
381236	141.23	-13.85	-21.16		-1924	-1232	2955
381495	127.79	-53.10	-34.48		-2593	3845	5792
381651	-101.29	55.84	7.74		-8103	12644	10186
381910	-103.98	-67.81	-166.90		-2795	2736	14371
382171	-32.29	-66.76	129.73		-3296	2908	14326
382429	-23.09	-76.97	116.75		-2177	2541	13329
382688	-46.20	-78.78	131.36		-1309	2346	12766
382947	89.88	-77.20	7.00		-3115	2385	10835
383203	105.94	-43.73	-3.56		-3859	336	5877
383357	106.07	-42.16	-3.63		-3817	356	5705
383612	144.41	14.84	17.99		-4023	-6886	3362
383768	-110.44	nan	52.62		-8098	-27513	1966
384024	133.88	-20.27	9.57		-7188	-3560	3891
384281	150.26	-13.65	-5.97		-5451	-2807	3116
384640	141.04	-4.99	-12.95		-3474	-2600	3372
384796	167.61	-4.89	-174.77		16879	22552	-25424
385158	146.34	-3.47	-19.30		-3172	-1941	3683
385314	146.36	-3.26	-19.28		-3332	13897	-27582
385574	142.21	2.98	-22.24		-2473	-1621	3423
385831	143.39	19.00	-23.74		-2441	-1875	3608
386089	-163.14	50.48	24.50		3163	-5540	5326
386345	-145.87	52.72	54.46		3715	-9944	6337
386501	-146.94	53.09	51.95		3824	-9455	5949
386758	-161.52	35.11	19.15		979	-7615	2660
386913	-160.95	37.97	15.02		-19585	18009	25141
387173	165.61	72.19	4.53		4180	-9037	6854
387427	-17.49	67.40	-171.71		5798	-11143	13362
387687	-41.48	69.44	158.03		5947	-9402	13366
387945	-80.64	58.68	73.42		5864	-3163	9021
388100	-79.74	57.52	71.52		5685	-2839	8853
388356	-16.95	14.15	30.53		-4488	-861	1923
388509	-14.11	13.35	30.21		17884	31454	-8771
388767	55.46	-9.97	-9.34		-2174	-4328	1313
389023	119.77	-8.75	-37.42		-258	-2200	2060
389178	122.49	-8.50	-38.63		-161	-2017	2179
389435	108.92	-8.30	-28.04		860	-4621	2111
389791	51.41	-21.64	-10.79		-1297	-5306	695
389947	50.46	-22.10	-10.25		-1248	-5276	679
390203	34.34	-35.76	39.83		-4021	1831	4543
390358	-157.12	-44.47	-96.05		8607	17918	22641
390618	6.10	-13.45	27.09		-3696	-368	3100
390872	-24.18	15.03	1.15		-6727	-3808	2594
391026	16.54	nan	5.48		13197	20993	-25753
391280	-92.10	69.20	-46.74		-10238	714	10074
391538	-161.82	66.61	-126.58		-10364	-613	13659
391799	-167.69	66.88	-143.76		-9674	-1543	15021
392060	-141.38	71.53	-98.61		-9273	375	13153
392318	-93.02	52.23	-29.46		-7071	916	7509
392473	-92.28	50.69	-28.00		-6995	908	7323
392728	-65.98	-22.86	7.83		-615	-6372	3141
392883	-65.92	-22.26	7.72		12907	-22220	-13381
393143	-82.24	50.27	-3.20		-5302	1905	6244
393398	-76.96	45.65	3.23		-4525	420	6207
393550	-75.95	44.67	3.81		-4619	358	6117
393803	-66.60	-7.04	14.96		-1205	-4612	4069
393959	-66.89	-6.40	14.85		-1255	-4570	4039
394216	-82.93	28.77	11.68		-2227	-365	4615
394371	-83.00	28.97	11.48		14695	20487	-22461
394630	-78.02	19.16	5.58		-2988	-1997	4448
394885	-75.58	23.62	4.38		-3405	-1484	4899
395039	-75.51	24.02	4.44		-14828	25696	1677
395296	-78.00	28.97	8.89		-2666	-1019	5284
395551	-92.71	21.29	13.95		-1650	-492	5637
395706	-92.91	20.12	14.58		-1601	-257	5754
395961	17.98	-70.76	-68.71		2082	-12193	11403
396220	-4.60	-58.98	-26.53		2502	-9905	4076
396376	-6.50	-58.80	-24.00		2560	-9557	3889
396633	-10.77	-45.43	-13.01		1041	-8834	3300
396890	-43.48	-52.44	-6.67		-474	-11013	4237
397046	-75.83	nan	9.66		32511	-21280	-13194
397302	-97.17	-75.42	54.16		4418	-12478	7977
397560	-69.78	-67.59	36.23		4874	-10905	6721
397818	-68.16	-53.62	36.19		4604	-10214	5477
397975	-84.84	-0.88	-0.29		17422	-2571	-21433
398234	-76.98	-33.97	58.21		5593	-8350	6725
398490	-62.07	-28.48	57.58		5600	-5691	6368
398747	-54.06	-20.97	51.77		4958	-4904	5677
398903	-53.99	-20.55	51.83		4941	-4846	5698
399159	-46.83	1.70	53.99		3551	-1943	5606
399312	-46.77	2.17	53.95		-3706	-23313	-10856
399571	-41.51	10.40	53.83		2052	-1975	5206
399826	17.46	13.33	60.95		-5194	1786	6649
399980	20.05	13.30	60.54		-5495	1732	6599
400234	59.95	14.21	23.46		-8196	-3713	691
400388	60.73	14.13	22.20		-7970	-3921	612
400743	105.14	19.57	-24.13		-891	-7437	1731
400899	106.76	19.63	-25.17		-722	-7279	1784
401156	142.02	24.40	-32.61		1937	-5976	2944
401413	149.40	16.56	-45.13		1757	-2451	3521
401568	150.43	16.10	-45.63		1535	-2282	3544
401824	-153.19	22.07	-51.37		-6332	2473	4183
402082	-126.26	29.21	-27.61		-3875	825	2860
402238	-127.89	28.49	-27.56		-20701	-25277	6984
402600	-147.61	19.63	-16.24		-2843	-3437	1465
402757	28.46	nan	33.63		20921	16367	-5037
403012	-136.91	40.66	-38.51		-4002	2382	4432
403270	-158.91	25.19	-47.97		-4444	2083	4508
403427	141.05	38.20	47.72		7391	12853	-13076
403684	179.06	-5.12	-54.16		-4857	2370	5423
403941	163.81	-8.27	-45.83		-3210	1454	4932
404198	150.03	-25.46	-43.09		-2847	1810	6210
404355	149.35	-26.58	-42.94		-20527	9371	-14834
404616	110.53	-65.92	-7.29		-5034	2451	8801
404872	93.32	-59.40	18.96		-5761	2081	7746
405128	118.30	-35.78	21.06		-7956	-1399	5195
405385	127.48	-27.08	13.86		-7587	-3007	4516
405542	127.43	-27.46	13.00		-7542	-2902	4522
405799	112.44	-43.66	-12.96		-3275	996	6250
406056	111.35	-49.53	-17.75		-2502	1557	6700
406315	117.71	-35.04	-11.26		-3812	-54	5874
406470	118.44	-34.19	-10.94		-3887	-197	5817
406727	141.48	-26.60	-14.47		-5093	-1182	5191
406986	144.33	-14.77	-13.07		-4356	-2050	4427
407245	143.04	-11.16	-11.59		-4089	-2299	4036
407503	142.54	-4.47	-12.82		-3072	-2432	3855
407761	139.44	5.74	-9.67		-2172	-3504	3546
407916	139.18	6.08	-9.53		-2156	-3582	3547
408171	177.09	60.69	44.22		1683	-9297	7882
408326	-175.43	61.57	51.63		1925	-9918	8210
408583	-112.73	14.95	113.03		3784	-11918	13331
408843	-107.43	12.70	103.50		4248	-10480	11313
409103	-101.29	-2.71	116.50		3274	-8492	14601
409362	-105.56	-29.05	153.45		2266	-6079	18507
409622	-103.31	-59.19	175.51		443	-1833	16159
409880	-87.40	-82.16	165.46		-606	382	13034
410036	48.32	2.79	-77.92		9653	-4955	6441
410291	46.20	-69.28	25.30		-67	-124	9272
410442	46.43	-68.64	25.09		-74	-145	9195
410696	44.38	-48.73	21.01		-267	-1475	6787
410951	38.94	-39.70	20.62		-487	-2325	5968
411206	31.72	-32.39	22.24		-848	-2879	5430
411361	31.58	-32.16	22.27		-861	-2881	5413
411617	35.52	-29.81	16.53		-834	-3198	5252
411771	35.51	-30.04	15.95		-776	-3165	5289
412026	112.47	-36.73	-19.82		-1788	-1431	6332
412285	160.41	-33.53	-43.62		-3508	64	7808
412440	161.80	-33.35	-44.58		-3533	60	7866
412695	-147.30	-13.03	-68.55		-6676	-484	9036
412954	-145.29	6.88	-57.66		-5101	-859	7659
413110	-145.32	7.43	-57.27		-5000	-818	7625
413366	-169.93	13.11	-40.84		-2341	-2083	6213
413625	-146.05	21.36	-34.97		-2510	-1867	5888
413884	-136.17	21.35	-32.51		-3176	-1939	5560
414142	-127.20	28.37	-22.76		-2348	-1616	5553
414401	-117.71	26.98	-7.82		-1968	-3030	5581
414558	-117.54	26.91	-7.29		-6058	16506	-27107
414818	-110.99	19.44	5.32		-868	-3747	5046
415073	-106.36	10.76	2.03		-1876	-3813	4256
415330	-96.41	-13.02	0.77		-2638	-6750	3908
415485	-95.46	-13.85	0.80		-2577	-6840	3901
415741	-70.80	-16.78	-4.71		-2569	-6605	3260
416000	-70.19	-1.07	-8.03		-3967	-4625	2802
416155	-70.22	-0.63	-8.10		-3981	-4563	2800
416411	-73.27	9.34	-7.24		-4559	-3200	2907
416565	-79.94	nan	-45.88		17541	-23417	-5593
416823	-66.44	8.91	2.63		-3158	-2837	2817
417077	-65.82	10.25	7.18		-2518	-2247	3289
417231	-66.39	10.44	7.31		-2507	-2226	3300
417486	-91.58	55.89	-7.72		-2952	2371	7435
417641	-94.11	56.82	-10.18		-2918	2542	7599
417898	-151.00	-16.65	114.15		-1664	-14144	19090
418160	101.99	8.15	-65.44		1198	-4899	12890
418417	116.14	-44.52	-20.29		-4063	174	2964
418573	-0.56	40.87	72.28		-9750	23367	9913
418828	119.74	16.36	-11.19		-798	-8853	3764
419085	100.03	34.35	-1.98		-2488	-10645	6163
419241	78.38	nan	47.08		-19725	-5549	-1616
419496	92.84	31.05	21.66		-6134	-10404	6486
419753	65.09	13.14	16.19		-5917	-6802	5046
419907	64.60	12.51	15.82		-5811	-6756	5006
420163	46.00	-0.92	10.57		-4295	-4970	4665
420318	45.79	-1.11	10.60		-4294	-4915	4666
420573	45.72	-10.34	10.51		-3012	-4028	4831
420728	-79.02	21.94	2.88		21967	18811	-16481
420986	44.89	-19.58	11.17		-2174	-3143	5135
421242	46.27	-21.83	11.63		-2263	-2789	4591
421499	115.88	1.39	17.70		-5122	-5466	4254
421654	120.83	3.32	18.19		-4969	-5829	4225
421909	115.66	-18.58	176.27		-5620	-3897	22424
422169	-21.51	6.45	-68.86		-6668	-9565	7680
422325	-24.83	8.12	-66.75		-7029	-9420	7349
422582	-112.07	50.86	-19.01		-3772	-2000	5784
422840	-129.76	49.51	-25.07		-1380	-449	5785
423098	-135.29	14.80	-26.88		-4871	-4507	4260
423357	-148.36	0.06	-24.02		-5485	-4756	4610
423514	-148.67	-0.39	-23.69		-5530	-4814	4616
423772	-152.79	-0.16	-15.07		-3941	-5752	4457
424031	-161.83	7.38	-20.56		-3227	-4662	4729
424288	-179.48	12.70	-36.24		-2000	-2762	5470
