2743428	-175.32	5.46	-32.02		1329	4323	5201
2743685	176.88	-4.11	-23.20		672	2914	4254
2743839	176.42	-4.48	-22.81		685	2871	4231
2744094	159.80	-17.94	-10.45		-934	635	2951
2744250	160.41	-17.84	-10.49		-928	717	2918
2744507	169.97	5.23	13.56		1965	-2020	4502
2744763	178.19	9.37	25.92		1173	-2607	4014
2744916	178.76	9.75	27.06		1260	-2788	4008
2745172	-140.94	-2.04	63.48		4264	-3062	7263
2745329	155.61	-11.42	148.96		-29145	7363	12599
2745692	-144.81	-8.25	21.55		189	-1169	2993
2745847	-145.00	-8.27	21.27		189	-1144	2978
2746103	-142.16	-10.10	19.57		426	-1081	3236
2746361	-141.06	-9.67	14.92		-43	-542	3006
2746516	-141.05	-9.66	14.78		-59	-532	3000
2746771	-140.86	-9.85	13.13		-177	-349	2916
2746927	-140.82	-9.85	13.11		10898	-22164	-3014
2747188	-140.28	-8.86	10.56		-225	23	2816
2747442	-141.33	-8.67	10.29		-307	37	2764
2747595	-141.36	-8.66	10.30		-314	30	2766
2747849	-139.30	-7.98	11.28		50	-31	3019
2748001	-139.18	-7.92	11.18		51	-21	3045
2748255	-147.01	-5.86	-11.80		-1362	3052	3602
2748513	-158.71	-24.01	-44.45		-306	8854	4445
2748772	158.01	55.84	88.93		-6579	-7585	14614
2749031	75.99	14.84	-14.62		440	-2859	8182
2749287	60.75	-33.68	-11.65		3737	1278	3872
2749443	60.60	-33.93	-11.30		13216	10592	20672
2749702	4.99	-2.16	-17.28		-775	-2298	4194
2749958	-57.22	12.57	-26.94		-4780	-8	5201
2750111	13.88	nan	-11.81		-22929	26442	9448
2750368	-59.21	17.43	-26.06		-3808	179	5273
2750624	-43.98	19.50	-22.51		-3312	11	4867
2750779	-43.27	19.51	-22.51		-3327	-51	4820
2751036	-21.33	35.70	-65.45		-3116	-4846	8676
2751295	-151.08	27.30	179.07		388	496	18347
2751551	74.53	-70.20	109.03		-4688	2493	9946
2751709	71.19	-71.99	104.92		-4745	3285	9554
2751966	99.27	-14.91	16.47		-2877	-412	4533
2752223	97.48	0.42	4.09		-502	-983	4218
2752373	97.48	0.58	3.57		-396	-1014	4177
2752627	72.52	-4.93	-2.84		299	49	4142
2752777	71.74	-5.15	-2.63		-15651	-27060	-21482
2753038	55.87	-12.01	6.06		-275	1005	4174
2753292	62.18	-10.72	5.30		-339	857	4114
2753444	62.40	-10.44	5.11		-357	789	4114
2753799	69.35	1.60	-4.74		21	-1237	4026
2753949	69.03	1.68	-4.82		0	-1261	4027
2754200	47.55	-5.61	-3.81		750	-1307	3904
2754354	46.26	-6.05	-3.31		872	-1184	3928
2754608	35.97	-2.47	12.36		-1314	1334	4194
2754762	37.20	-2.29	12.27		-1341	1270	4194
2755017	70.25	-1.90	8.80		-1118	9	4184
2755168	70.36	-2.23	8.70		-1103	41	4164
2755420	76.23	-21.78	2.78		290	1668	4192
2755572	76.06	-22.22	2.78		304	1713	4185
2755825	64.70	-34.15	-6.06		1688	2236	4544
2755980	64.91	-34.39	-6.46		1711	2232	4567
2756236	84.99	-31.19	-10.52		1196	2052	4076
2756391	85.69	-30.95	-10.62		12243	-7728	-5025
2756652	100.14	-21.28	-14.80		1413	1342	3653
2756910	102.16	-18.84	-13.41		839	801	3585
2757165	110.55	-17.62	-17.31		1948	1194	3397
2757423	118.54	-17.31	-17.45		1341	1128	3159
2757579	119.21	-17.30	-17.52		22188	26878	17993
2757942	135.45	-21.60	-15.03		501	1867	3082
2758097	135.74	-21.69	-14.74		458	1854	3079
2758353	134.53	-13.70	7.09		-701	-744	2724
2758508	144.54	-10.34	-17.47		-5863	144	-17811
2758768	143.00	9.62	23.95		-35	-4075	3991
2759023	-166.67	16.25	50.07		3397	-4831	6658
2759280	-131.91	-4.99	91.73		6410	-2915	10597
2759539	-120.52	-5.71	72.82		7148	-1871	8755
2759696	-120.84	-5.48	71.00		21545	13124	14956
2759956	-149.77	7.24	-5.13		334	2383	2818
2760210	-154.52	10.74	-15.15		952	3577	3767
2760568	-127.92	-22.30	41.76		3226	-2881	4887
2760826	-117.96	-17.59	26.43		2140	-1559	4466
2761187	-123.38	-5.53	11.96		522	226	2711
2761339	-123.00	-5.38	11.93		547	254	2698
2761594	-117.45	-5.98	14.88		1154	151	3171
2761849	-118.00	-7.53	13.44		695	-9	2996
2762002	-117.94	-7.54	13.41		-5304	25416	22452
2762262	-110.96	-9.00	16.63		1183	-183	3218
2762518	-112.70	-5.98	7.47		109	376	3249
2762671	-112.95	-5.57	6.51		47	421	3219
2763024	162.70	6.89	113.09		-6338	-1690	14888
2763383	65.71	-31.07	-8.43		2540	1619	6226
2763538	65.78	-34.51	-5.50		2422	2271	6304
2763794	59.07	-25.52	32.14		-2120	3462	3038
2763949	-1.28	-4.72	63.86		27880	-27500	2921
2764207	64.51	15.39	-37.15		2256	-3477	5847
2764464	19.11	7.02	-134.36		419	-3000	18253
2764720	-67.46	-3.73	103.50		6009	5707	12163
2764877	-70.14	-3.94	98.44		6341	5460	11686
2765133	-175.60	-22.79	-32.23		-2868	4798	4827
2765393	-177.66	-15.74	-62.71		355	6045	8201
2765651	-168.21	-14.32	-75.00		-176	7317	8135
2765911	-173.31	-21.40	-69.16		-52	6539	6582
2766168	167.74	-21.68	-41.48		-248	5068	4496
2766324	167.46	-21.19	-40.18		-231	4939	4431
2766582	153.05	-8.64	-5.25		1021	-142	3131
2766837	133.07	-9.43	14.25		-1929	-2137	3487
2766994	-122.56	nan	74.41		13694	-20032	28020
2767253	115.98	-6.58	11.19		-1390	-1691	3594
2767511	118.06	-10.15	9.30		-1130	-579	3166
2767767	120.25	-3.59	16.41		-1194	-1948	3811
2768025	138.86	2.05	19.81		-336	-3270	3945
2768180	138.57	1.79	19.58		-264	-2912	3949
2768435	128.76	-7.79	8.02		-616	-792	3341
2768588	128.60	-7.77	7.78		-638	-771	3349
2768842	132.35	-4.44	4.10		58	-950	3406
2769094	133.20	1.23	2.92		839	-1307	3653
2769247	133.14	1.43	2.87		842	-1313	3650
2769500	125.94	-0.39	1.79		662	-1273	3808
2769754	113.18	-7.83	3.30		-53	-318	3515
2769906	112.62	-7.91	3.41		-53	-297	3518
2770159	103.76	-8.33	9.54		-460	-439	3600
2770413	88.81	-8.60	25.10		-2638	-71	4497
2770567	87.98	-8.54	25.76		-2742	-17	4484
2770821	67.92	6.67	43.04		-5183	-177	5145
2770974	68.04	7.07	42.95		-5151	-237	5114
2771228	62.12	17.55	32.29		-4060	-1942	4720
2771485	57.30	11.44	27.94		-2661	-630	3993
2771741	50.36	15.92	29.05		-3110	-314	4369
2771896	49.96	16.38	29.14		-3192	-339	4397
2772151	42.99	22.77	21.10		-3250	-1582	4218
2772508	43.07	10.56	14.69		-1570	-952	3498
2772663	43.38	10.25	14.52		-1517	-953	3477
2772919	68.63	-17.68	3.97		890	1189	4130
2773070	69.91	-18.81	3.31		1011	1344	4174
2773325	122.45	-41.62	-24.10		1599	5169	5634
2773583	130.49	-38.13	-25.65		1179	4728	5497
2773841	146.77	-32.39	-31.27		609	4629	5338
2774097	166.36	-27.67	-40.65		216	4885	6057
2774456	-159.75	-11.69	-59.57		-1679	5814	7483
2774715	-146.31	12.00	-65.96		-1610	5974	7880
2774974	-141.60	20.03	-61.52		-1722	6002	7273
2775334	-137.88	21.11	-39.26		-346	4446	5533
2775491	-125.26	23.54	-19.57		-28674	19851	-32444
2775754	-127.50	19.69	-27.74		-128	3472	4529
2776113	-128.42	11.05	-19.80		148	2000	3830
2776268	-128.54	10.74	-19.56		163	1954	3821
2776525	-140.11	-7.19	-16.64		-970	288	3607
2776781	-146.92	-16.46	-9.67		-1401	-986	3740
2777040	-144.54	-14.51	1.52		-355	-2367	3463
2777197	-144.03	-14.25	1.86		-296	-2396	3450
2777455	-139.50	-15.27	13.65		1252	-3456	3809
2777714	-164.31	-22.48	18.38		-1131	-3016	4893
2777973	162.32	-20.87	27.70		-2300	-3154	5351
2778232	160.93	-15.95	20.10		-1814	-2613	3817
2778491	-170.82	-9.40	33.94		283	-3353	4886
2778748	-141.05	-10.79	84.61		5034	-3090	10359
2779009	-136.05	-24.19	92.41		5755	-3620	11068
2779268	-131.66	-25.11	45.07		1841	-3578	5324
2779527	-124.85	-16.06	12.19		-706	-1150	2258
2779887	-108.85	-19.74	26.85		2869	-1304	4204
2780145	-117.53	1.08	8.51		572	1814	3327
2780298	-118.27	1.69	7.85		528	1902	3248
2780551	-117.20	1.54	2.11		-114	2088	3550
2780806	-106.30	-14.79	17.63		1491	-929	3734
2780962	-109.11	-5.23	13.95		-23871	19372	7458
2781222	-105.72	3.13	-9.84		-1876	2800	3589
2781478	-113.15	12.13	-41.80		-4432	3734	5639
2781737	167.96	-65.48	56.67		-9266	5727	14097
2781997	107.54	28.27	-37.16		1777	-659	10445
2782255	-1.82	-71.76	102.25		-3774	8677	10248
2782513	46.03	-10.15	52.35		-4512	3559	5532
2782668	45.46	-8.18	50.46		6613	-14901	13635
2782926	-124.04	25.29	-18.08		-188	4437	5739
2783184	-153.66	12.10	-30.23		307	4076	5436
2783440	-157.35	-5.47	-24.37		-1016	2340	4553
2783699	-172.62	-21.50	-21.59		-1788	2553	4738
2783960	179.81	-23.79	-16.55		-1549	1901	4042
2784320	176.73	-19.55	-11.26		-955	1119	3721
2784477	-176.56	-12.84	-130.23		-4016	4923	-17755
2784740	176.81	-14.29	-8.58		-328	722	3507
2784894	176.85	-14.22	-8.47		-320	688	3502
2785149	178.79	-11.70	-4.84		3	174	3363
2785301	178.82	-11.69	-4.75		-20	159	3356
2785555	-175.50	-10.53	-2.85		100	-145	3267
2785811	-174.98	-9.21	-2.16		313	-177	3298
2786067	-174.78	-7.90	-1.08		544	-188	3345
2786221	-174.79	-7.89	-1.05		546	-192	3343
2786477	-174.37	-7.70	-3.35		496	0	3299
2786627	-174.21	-7.63	-3.50		508	15	3299
2786880	-162.08	-4.02	-17.18		537	1444	3543
2787137	-112.43	-9.92	-46.98		-4026	2136	4683
2787396	-70.78	-19.54	-122.31		-4021	534	14663
2787655	-168.51	-5.73	128.86		4616	-3932	16211
2787915	104.10	-33.56	44.38		-5305	1242	6628
2788173	79.45	-30.41	-18.40		2130	2391	3289
2788329	79.17	-29.51	-19.98		2351	2211	3278
2788586	48.38	10.33	-14.95		-726	-3639	3139
2788842	69.11	19.49	8.00		-3277	-2865	4267
2788997	70.29	19.64	8.52		-3192	-2960	4258
2789253	96.93	16.06	17.35		-2640	-2778	5106
2789408	-99.44	14.63	-21.16		-6623	4718	-14099
2789668	134.66	15.16	9.74		653	-2894	4460
2789922	142.25	9.29	5.19		1091	-1796	4101
2790076	142.05	9.03	5.06		1072	-1771	4067
2790331	144.93	-0.56	-3.29		801	-367	3885
2790483	145.21	-0.90	-3.52		789	-288	3872
2790839	158.58	-15.91	-20.12		-131	2307	4368
2790995	-178.74	-4.95	178.49		4811	3517	-23865
2791256	166.89	-28.44	-19.77		-1931	2360	4068
2791515	160.79	-22.97	-12.87		-1103	1253	3641
2791774	158.98	-19.25	-10.89		-734	786	3405
2792031	159.21	-16.11	-11.69		-305	1031	3260
2792288	155.44	-12.23	-6.18		-48	-165	3156
2792442	155.32	-12.13	-6.03		-34	-162	3173
2792697	150.69	-9.42	0.16		-249	-899	3171
2792851	150.57	-9.25	0.49		-204	-932	3184
2793105	148.90	-7.08	10.47		-430	-1922	3513
2793261	148.76	-7.04	10.69		-447	-1955	3516
2793518	148.93	-5.19	13.16		-494	-2251	3574
2793774	156.91	2.49	12.96		852	-2475	3877
2793927	157.15	2.58	12.96		881	-2496	3866
2794181	-174.75	-4.40	20.90		699	-2587	3820
2794438	-127.21	-6.37	47.59		4639	-1640	5824
2794696	-117.34	-26.00	55.02		4774	-2989	6064
2794954	-109.97	-29.98	33.10		2389	-2872	4518
2795213	-106.52	-22.56	24.10		1866	-1691	3180
2795472	-106.76	-19.89	21.81		1609	-1454	3143
2795731	-105.08	-15.51	17.89		1425	-720	2966
2795888	98.51	nan	-32.46		25618	-9442	-30919
2796145	-104.68	-15.95	5.99		-235	-423	2506
2796402	-103.83	-18.37	4.90		-395	-699	2610
2796760	-103.59	-14.83	4.58		-275	-290	2489
2796915	-103.46	-14.70	4.53		-269	-275	2479
2797171	-98.09	-12.62	4.65		-172	90	2378
2797324	-97.77	-12.60	4.78		-153	95	2383
2797678	-43.64	54.44	83.84		3953	6785	15625
2797834	-35.81	56.64	92.55		4006	6779	16402
2798091	88.01	-37.03	-149.46		2472	-8527	11414
2798351	74.07	27.92	122.75		-6811	2093	13933
2798608	73.82	71.05	173.51		-331	6493	14562
2798966	-154.24	43.16	-52.88		-647	5232	9365
2799123	-135.74	46.16	-16.73		-30393	17594	-12916
2799386	-147.39	10.04	-69.13		-2816	5753	8401
2799645	-150.94	5.27	-57.34		-1869	4771	6434
2799802	176.36	-1.11	-176.66		-22882	-14809	-31821
2800066	-155.03	4.68	-40.76		-700	3375	4517
2800423	-154.58	-3.63	-31.02		-1319	2013	3631
2800683	-161.83	-1.80	-17.40		-236	1144	3346
2800839	-162.57	-1.52	-16.53		-152	1027	3334
2801097	173.53	16.69	37.12		1093	-5181	6686
2801353	165.88	25.82	75.26		-2148	-6812	10262
2801612	166.22	61.95	75.02		-1088	-6720	10141
2801871	114.25	59.69	9.22		573	-5028	6958
2802025	113.76	59.19	7.87		605	-4981	6862
2802380	8.39	54.04	-119.07		3310	-5431	11113
2802537	-28.56	2.96	-133.56		-6198	-12538	26666
2802899	37.45	28.98	-148.46		6462	-1131	15146
2803259	42.24	50.53	-122.33		7165	-2609	10967
2803518	70.98	61.58	-76.56		7027	-4356	7376
2803674	73.26	61.33	-73.50		6971	-4429	7231
2803931	97.45	28.53	-14.54		1763	-2062	1606
2804188	97.97	-6.64	26.38		-6156	1348	3777
2804341	98.54	-8.58	27.77		-6477	1491	3943
2804597	-135.09	-63.81	-55.41		-9984	294	10129
2804857	-139.54	12.81	-1.22		400	420	4823
2805011	-139.24	15.10	1.91		1236	344	4728
2805265	-128.97	13.68	14.83		1792	-3193	5076
2805422	-128.24	14.29	13.95		1889	-3084	5042
2805680	-87.18	44.63	-31.16		-3466	4887	4370
2805938	-84.57	4.97	-48.68		-5357	-1783	3900
2806195	-103.28	-40.82	-44.39		-6401	-3713	7306
2806456	130.44	-41.55	33.13		-8959	-663	7242
2806714	92.85	-16.32	40.59		-4830	2150	6996
2806870	90.92	-15.90	40.83		-4891	2209	7012
2807127	84.80	-18.35	41.32		-4501	3319	5786
2807383	80.11	-22.66	37.36		-3386	3518	6512
2807539	79.46	-22.70	37.09		-4281	15880	-25890
2807798	79.37	-25.23	29.92		-2983	3288	5790
2808055	108.36	-33.91	18.03		-3102	3583	5757
2808313	136.64	-33.70	7.96		-2242	2175	5198
2808570	143.57	-32.14	1.37		-2091	2730	4583
2808726	143.01	-31.85	1.50		-2059	2762	4551
2808982	98.38	-6.65	18.98		-1709	320	4483
2809136	97.52	-5.82	19.16		-1738	239	4493
2809390	81.37	5.96	21.25		-1593	-1002	4394
2809544	80.30	5.83	21.21		-1412	-896	4346
2809799	76.38	3.73	13.16		-916	-431	3887
2809951	76.42	3.89	13.02		-910	-468	3867
2810204	71.97	7.07	14.12		-734	-549	3847
2810458	77.82	-2.02	14.40		-512	408	3712
2810609	78.11	-2.39	14.16		-488	455	3700
2810863	75.74	-9.87	9.94		-129	875	3592
2811014	78.63	-9.08	0.83		25538	10541	18046
2811271	82.63	-8.56	1.85		1097	647	4064
2811421	82.26	-8.07	1.99		1059	515	4067
2811774	55.95	4.94	8.95		-626	-868	3831
2811926	55.87	4.86	9.01		-617	-839	3813
2812178	73.00	-13.91	10.03		-196	1190	3984
2812534	124.00	-17.63	-10.04		1178	2906	4040
2812691	77.57	nan	46.51		29311	-4567	-5074
2812946	165.40	-0.52	26.74		-158	-1952	4726
2813203	-164.16	-12.62	40.85		1127	-3075	4893
2813562	-159.48	-24.64	-32.52		-3705	4404	4952
2813822	-152.34	-13.14	-38.44		-2274	4705	5420
2814083	-158.05	-11.71	-19.50		-1666	1574	3882
2814343	-152.63	-9.04	-20.33		-1484	2426	4444
2814601	-153.44	-14.47	3.59		-1027	-391	3921
2814757	-178.69	-1.65	-176.84		13500	9878	-27584
2815020	-139.08	-16.44	20.31		557	-1832	3805
2815177	-138.76	-16.46	19.82		-19673	7396	-18988
2815439	-121.40	-17.53	8.35		-642	-735	3634
2815595	-121.01	-17.67	8.46		-625	-770	3691
2815851	-113.01	-14.33	0.48		-994	-51	3792
2816006	175.48	-3.97	-164.02		13093	-14094	-30577
2816269	-110.79	2.39	-31.86		-4039	3000	4389
2816627	-70.44	-36.96	-45.44		-4522	9936	6396
2816886	132.72	29.84	94.60		-8562	-3863	11885
2817044	-27.60	nan	-37.13		-17235	-23111	-5048
2817304	96.97	-30.69	-2.64		121	2725	3621
2817558	95.64	-8.91	-1.82		241	-500	3046
2817711	95.93	-8.00	-1.87		275	-611	3055
2817964	62.92	28.01	-11.99		75	-2179	5846
2818217	2.57	69.20	-19.00		-5844	-3825	9951
2818475	17.05	78.48	34.75		-5687	3558	10216
2818630	14.35	78.14	33.90		-5432	3666	10131
2818887	-1.28	44.69	14.20		-3773	979	5845
2819041	-1.15	43.93	14.34		-21292	20748	-5954
2819299	9.04	22.18	20.27		-1892	1653	4409
2819554	14.76	14.43	18.83		-1171	1306	4079
2819708	14.87	14.17	18.73		-1133	1290	4062
2819963	18.73	7.75	14.65		-266	970	3771
2820115	18.70	7.67	14.54		-254	954	3765
2820367	18.96	6.13	11.54		37	591	3631
2820516	19.09	6.10	11.46		50	584	3630
2820766	65.76	13.89	21.39		-1482	-884	3305
2821021	58.63	14.61	98.87		-2789	3287	12952
2821177	57.43	10.51	101.62		26034	424	14067
2821434	-107.33	20.57	-93.26		-4819	2543	10666
2821694	-156.98	26.64	-51.19		-1065	5999	6452
2821953	176.45	10.74	-31.98		36	3671	4477
2822308	162.87	-12.42	-32.76		-2268	6361	5132
2822567	-151.60	-20.16	-20.86		-3978	1007	5089
2822828	-110.89	-20.35	-11.71		-1588	-2804	4277
2823089	-132.35	-31.77	-16.79		-3489	-1295	5627
2823350	-131.08	-55.58	-10.63		-4951	-3581	6911
2823610	-146.92	-70.65	55.39		638	-5819	9618
2823868	-96.90	-47.86	14.34		1660	-4013	6482
2824126	-109.14	-15.66	-0.70		-819	8	3798
2824280	-110.22	-15.15	-0.88		-799	72	3726
2824535	-159.64	-13.47	-9.55		-1001	766	3927
2824691	-160.21	-13.59	-9.64		-2113	12415	-27711
2824953	-174.98	-17.62	-10.08		-1088	669	3907
2825111	-71.64	nan	113.03		26054	-10092	32614
2825370	-172.98	-11.86	-11.70		-432	969	3712
2825627	-171.27	-6.62	-11.36		266	857	3738
2825882	-172.94	-5.92	-10.43		198	730	3523
2826037	-172.85	-5.84	-10.38		201	730	3517
2826293	-156.35	-8.79	7.58		469	-1105	3395
2826446	-155.55	-9.21	8.45		505	-1155	3401
2826702	-119.92	-40.57	51.43		4516	-2626	6809
2826961	-111.68	-28.63	22.41		2053	-2170	5144
2827220	-131.08	13.11	-8.62		495	3895	3244
2827374	-131.85	14.13	-9.35		579	4017	3281
2827630	-126.51	-7.83	1.11		-414	104	3750
2827784	-125.66	-9.32	2.35		-377	-127	3766
2828039	-113.93	-27.84	13.67		634	-2173	3914
2828195	-113.57	-26.88	13.28		774	-13171	20060
2828455	-109.12	-4.92	4.80		679	820	3114
2828708	-107.88	-11.73	3.77		249	-50	3172
2828862	-107.60	-11.94	3.73		247	-53	3184
2829217	-100.86	-18.27	-2.78		-440	-675	3693
2829374	-101.09	-17.92	-3.12		-25769	7813	-5537
2829635	-105.48	14.79	-28.07		-2443	4393	3731
2829894	111.46	-51.05	124.43		-6158	-1546	18607
2830155	130.44	7.93	65.23		-6061	-4302	9699
2830311	128.99	8.49	62.48		-5709	-4394	9467
2830567	96.58	4.84	-9.38		2116	-1507	4088
2830721	96.22	4.60	-9.75		2116	-1476	4052
2830974	59.73	9.05	-14.39		559	-1820	3943
2831128	58.96	9.57	-14.49		374	-2007	4037
2831483	32.90	52.83	16.43		-5360	-1372	7437
2831639	33.29	53.00	17.54		-5362	-1300	7455
2831896	20.44	42.86	37.71		-4442	2467	6609
2832252	16.31	29.87	27.31		-3015	1493	4819
2832407	16.22	29.51	27.08		-2973	1482	4795
2832663	16.45	17.23	21.62		-1562	1160	3871
2832818	16.53	16.86	21.54		-1521	1153	3851
2833073	23.54	4.60	18.82		-202	1200	3619
2833225	23.65	4.41	18.77		-184	1206	3609
2833478	30.67	-0.38	17.81		356	1250	3343
2833731	57.88	-5.20	26.23		-982	1409	3668
2833885	57.63	-5.68	26.57		-1037	1420	3696
2834141	88.71	-31.05	14.86		-443	3732	4967
2834295	89.49	-31.36	14.45		-435	3748	4987
2834550	108.56	-29.14	5.50		-971	3740	4931
2834705	108.95	-28.60	5.11		11953	30812	16402
2834964	104.98	-9.29	1.81		1250	842	3127
2835218	90.85	-32.83	52.18		-2687	2012	6753
2835374	88.25	-33.59	56.36		-2999	2015	7315
2835630	-2.44	26.01	-163.54		3406	-175	17340
2835888	29.88	68.03	-107.04		4253	-4023	10343
2836147	-20.25	60.04	177.19		4883	1399	14395
2836506	21.08	-75.19	155.95		-6722	1586	11839
2836764	-92.50	-41.86	-48.80		-6147	-1351	7285
2837024	-141.03	-35.25	-32.62		-5493	887	6824
2837385	-166.34	-23.48	-20.33		-2592	1932	4583
2837645	-175.17	-16.47	-20.30		-941	2596	4588
2837903	179.78	-16.85	-12.65		-1276	1499	4268
2838162	176.21	-16.19	-6.92		-904	1076	4104
2838318	175.85	-16.17	-6.70		-909	1043	4115
2838575	163.92	-9.81	-4.21		-193	624	3896
2838727	163.80	-9.55	-4.30		-164	607	3890
2838982	162.68	-3.06	-11.23		890	1055	4080
2839136	162.77	-3.01	-11.41		884	1078	4083
2839392	177.41	2.03	-16.60		1254	1758	4230
2839546	177.95	2.11	-16.59		1241	1766	4221
2839801	-164.22	-1.47	-13.90		352	1196	4010
2839957	-46.33	nan	42.55		-27022	-17448	5171
2840215	-155.88	-3.24	-13.89		113	1156	3893
2840471	-156.46	-3.26	-10.87		19	795	3773
2840625	-156.42	-3.26	-10.63		29	726	3771
2840879	-149.92	-8.45	1.87		156	-47	4130
2841031	-149.67	-9.07	2.63		11	-102	4221
2841284	-130.79	-52.67	51.68		2252	-5695	7107
2841543	-112.36	-46.04	34.69		2749	-4225	6068
2841802	-106.57	-16.98	9.40		548	-1126	2993
2842058	-104.14	-12.99	8.63		522	82	3110
2842211	-104.13	-13.94	9.34		571	-54	3190
2842566	-97.25	-23.80	8.07		378	-1179	3479
2842721	-97.55	-23.16	7.64		290	-1109	3390
2842976	-113.02	0.84	1.48		880	1580	3536
2843128	-113.71	1.90	0.97		878	1739	3588
2843381	-144.74	26.38	-21.97		1785	4799	4796
2843639	-135.80	6.34	-9.15		161	2331	3445
2843893	-112.61	-31.18	19.17		1458	-2487	4664
2844152	-102.01	-31.53	13.98		1723	-2505	4526
2844310	-19.00	nan	-11.25		20493	-10473	-10231
2844570	-114.40	-6.40	2.14		114	797	2813
2844823	-111.16	-10.13	2.54		169	251	3087
2844977	-110.91	-10.52	2.63		165	200	3083
2845231	-102.96	-21.92	6.18		395	-1295	3396
2845386	-102.84	-21.85	6.15		404	-1298	3403
2845643	-103.88	4.60	-10.27		-851	2923	3323
2846001	-106.44	-69.79	-39.61		-6559	10142	13169
2846263	137.10	12.10	113.52		-7122	-1607	15089
2846523	101.88	36.84	22.40		-42	-5961	8732
2846778	99.83	12.27	-11.54		2139	-1900	4220
2846934	100.17	11.81	-11.91		2121	-1818	4171
2847192	115.36	29.13	-27.27		3960	-657	5429
2847449	-24.34	81.31	-171.35		4594	-904	13958
2847708	-163.49	-47.60	134.78		3963	-747	16055
2847968	-75.66	-21.53	-54.78		-5947	-645	6187
2848226	-121.64	30.73	-68.77		-4383	4634	8958
2848385	162.87	-9.33	174.84		8575	-319	1916
2848641	164.08	70.81	-158.89		-3353	5279	11895
2848901	147.39	63.67	-150.76		-3380	5879	12004
2849161	129.84	83.72	-166.21		-2634	6097	9948
2849420	-39.88	69.72	23.53		-1482	5931	6998
2849677	-64.45	52.06	1.51		-1605	4069	4812
2849831	18.85	36.43	63.96		-28553	11637	4606
2850089	17.27	32.93	-12.45		-2372	-1411	3543
2850347	61.13	39.91	-73.56		7140	-3386	7934
2850604	108.62	37.78	-133.96		4041	5793	13056
2850863	-135.58	30.68	175.59		-4607	-4724	17141
2851124	-22.43	44.88	118.34		6565	4064	12317
2851382	10.32	47.25	51.10		-2764	6382	5957
2851536	10.91	47.01	49.02		-3012	6130	5757
2851792	47.01	23.41	-0.57		-1780	-1998	2067
2851948	47.83	22.53	-0.86		25193	10127	-24028
2852207	41.72	-36.62	-20.21		6601	2833	6728
2852463	67.44	-70.99	-91.28		9359	-2710	13591
2852722	108.07	-70.47	-175.02		4577	-6687	14557
2852983	-48.81	-84.63	-26.45		3210	-6632	11293
2853243	-35.95	-47.75	-29.10		2557	-5103	7379
2853502	-7.95	-20.06	-32.52		2829	-3347	5374
2853760	3.89	10.53	-29.08		-203	-3039	4370
2853914	4.08	11.67	-28.59		31896	27652	31836
2854172	29.24	44.61	5.60		-4435	-181	5423
2854426	51.14	56.26	31.56		-6688	-102	6684
2854581	52.24	56.36	32.26		-6706	-228	6693
2854837	55.25	44.81	26.47		-4901	-137	5080
2854991	55.07	44.51	25.93		-4824	-124	5043
2855246	60.96	32.72	15.01		-3348	-869	3809
2855401	62.04	32.22	15.27		-3367	-851	3819
2855657	126.89	-17.89	33.78		-6005	413	5408
2855914	147.44	-43.87	28.82		-6728	-95	6701
2856070	148.42	-44.12	28.31		-6713	-178	6728
2856327	-175.71	-31.99	6.28		-4362	-1375	5406
2856586	-158.54	-18.95	1.08		-2542	-1389	4759
2856845	-146.96	-9.97	-8.35		-857	85	3638
2856997	-146.29	-10.22	-8.84		-812	171	3612
2857254	107.66	-51.23	84.16		-7347	-1193	14090
2857515	134.74	-3.76	66.39		-3556	-4222	8548
2857773	137.75	-16.44	17.16		-1987	257	4716
2857928	138.37	-16.62	15.62		2449	-25462	19596
2858188	154.39	-21.69	-20.87		-384	3309	4710
2858445	144.14	-19.71	-28.44		564	3078	5012
2858702	145.68	-15.84	-29.54		951	3004	4756
2858959	154.60	-14.30	-28.92		564	2746	4625
2859115	154.99	-14.22	-28.97		571	2758	4628
2859372	152.81	-14.68	-19.82		69	1830	4047
2859526	-125.33	nan	60.05		-8208	-15195	754
2859783	147.36	-10.34	-10.76		50	449	3703
2860138	150.08	-6.92	-10.95		408	363	3590
2860291	150.07	-6.81	-10.93		417	344	3588
2860646	153.46	-2.71	-9.70		716	-144	3668
2860800	153.46	-2.66	-9.71		701	-156	3676
2861053	163.76	0.48	-10.67		1262	75	3574
2861307	163.73	-2.92	-5.79		254	-664	3549
2861460	163.72	-3.07	-5.67		280	-667	3563
2861714	150.25	-8.55	2.73		-621	-956	3651
2861868	149.92	-8.69	3.09		-628	-970	3666
2862121	140.55	-8.02	13.89		-1567	-1915	4114
2862380	144.60	-3.00	12.30		-657	-2024	4001
2862637	147.74	-1.60	9.84		-247	-1917	3996
2862791	146.67	38.21	64.82		-6601	31349	2486
2863048	158.70	-2.65	11.00		10	-1647	3839
2863303	170.22	-2.57	31.26		230	-3641	4913
2863458	170.85	-2.72	32.43		237	-3691	5049
2863713	-173.24	-3.91	48.27		1409	-4524	6272
2863971	176.11	-1.49	26.62		533	-2347	4143
2864125	175.46	-1.49	25.55		514	-2243	4079
2864380	150.61	-6.92	-4.90		717	1217	3735
2864534	150.20	-7.15	-5.21		745	1278	3747
2864788	128.55	-12.48	-5.90		583	1237	3856
2865044	120.79	-9.66	-7.38		1033	657	3894
2865197	14.91	nan	-38.52		9196	28695	1334
2865451	120.56	-12.56	-8.43		838	888	3866
2865604	120.57	-12.65	-8.38		815	892	3863
2865859	122.10	-11.07	-7.84		859	586	3723
2866012	122.14	-10.95	-7.86		859	570	3717
2866367	122.42	-9.97	-3.32		384	203	3672
2866520	122.39	-9.94	-3.18		364	187	3666
2866772	123.15	-7.22	0.39		199	-323	3637
2867025	129.49	-4.06	1.42		241	-722	3509
2867178	130.05	-3.90	1.45		240	-751	3508
2867431	164.79	4.91	24.21		930	-2555	4187
2867686	-159.70	-3.86	65.70		2916	-4932	7537
2867843	164.10	-18.97	-49.10		-6652	-28697	-27725
2868106	-148.30	-27.06	27.68		-631	-2444	3992
2868365	-148.83	-15.93	-3.54		-2164	731	2702
2868521	-142.23	-20.00	-1.85		-6999	-2791	-12839
2868784	-134.54	-20.35	29.85		1578	-2312	4276
2869143	-144.47	-14.84	13.05		-357	-281	3016
2869300	-145.35	-14.25	12.49		26748	-26853	22348
2869562	-169.31	12.15	-25.99		1948	4894	4814
2869719	-169.87	12.25	-26.11		12918	-16038	32005
2869981	170.47	-1.11	-33.65		1600	4238	5017
2870136	170.31	-1.61	-33.78		1571	4269	5006
2870393	168.23	-11.53	-22.67		168	2894	3970
2870650	-177.09	-0.36	6.66		1388	-450	3650
2870804	-176.52	-0.26	8.21		1397	-614	3673
2871060	-136.79	-16.47	58.71		3896	-3427	6318
2871319	-145.28	-22.30	41.40		1117	-3568	4602
2871477	32.23	nan	70.07		-24497	-12257	7575
2871733	171.61	-8.80	-0.11		-14	1301	2883
2871886	47.74	nan	-33.51		-16087	11855	-29587
2872144	132.04	-15.20	-21.06		2061	2213	3998
2872402	129.01	-22.72	-21.58		1395	2999	3875
2872660	130.92	-16.64	-18.61		1859	1919	3688
2872919	132.33	-13.32	-13.30		1318	1308	3392
2873176	140.47	-7.08	-10.88		1209	706	3209
2873330	141.06	-6.58	-10.74		1219	711	3194
2873586	-164.83	14.81	30.35		3796	-1855	4678
2873743	-162.80	14.28	32.19		-16938	-25575	-32366
2874006	-125.50	-25.52	49.54		3340	-3396	5911
2874265	-131.97	-9.34	22.69		959	-1278	3161
2874421	-132.06	-8.38	22.08		966	-1126	3125
2874677	-128.84	1.29	5.69		624	1413	3061
2874829	-128.69	1.51	4.77		527	1333	3031
2875184	-148.01	23.38	-16.75		1224	3975	5212
2875340	-135.38	-23.87	80.62		9594	-9311	-10705
2875703	-151.66	6.43	-1.36		1033	1196	4023
2875856	-151.59	5.97	-0.82		1019	1090	3994
2876112	-140.76	-2.60	14.58		1089	-230	3840
2876268	-140.37	-2.95	15.24		1115	-295	3870
2876524	-132.22	-13.32	31.19		1488	-2302	5084
2876783	-128.35	-7.47	-2.05		-1565	252	4128
2877040	-107.69	-6.88	-37.27		-765	6840	1545
2877197	-106.64	-9.17	-38.86		-132	8340	1319
2877454	136.31	-27.21	-76.51		3183	7692	14681
2877713	-4.00	-48.31	91.40		-1278	9101	7558
2877970	48.90	-25.30	27.34		-2495	3556	3599
2878126	50.73	-24.51	24.52		-10153	-4886	-26827
2878387	51.57	22.53	-104.68		3455	-2514	14396
2878646	-82.29	-6.23	125.12		3782	2106	14180
2878903	-131.65	-34.14	11.35		-3330	-2131	2366
2879163	-166.52	-16.36	-47.72		-1373	6062	4824
2879423	-177.86	-17.46	-99.47		1209	5813	12927
2879683	-163.84	-4.62	-152.59		0	4588	15982
2879940	168.52	22.53	-159.76		-778	2691	16076
2880199	161.37	45.04	-147.19		-1926	4904	14649
2880459	-178.51	56.95	-110.87		-971	5564	11711
2880719	-159.41	54.75	-82.93		-1203	6763	9118
2880977	-118.11	38.05	-23.76		98	4640	5342
2881233	-90.49	5.01	11.97		2261	-196	5348
2881387	-89.00	3.87	13.10		2395	-235	5443
2881641	-108.81	-6.26	7.80		151	-1300	4464
2881896	-142.60	-7.95	3.47		-916	-1102	4103
2882153	-156.43	-7.41	7.02		-381	-1666	4098
2882309	-156.10	-7.39	7.07		-350	-1717	4195
2882565	169.45	-20.55	10.90		-3042	-1200	4705
2882824	155.64	-19.16	15.23		-2618	-1379	4744
2883083	172.72	-6.11	6.34		-62	-751	4057
2883234	172.86	-5.78	6.09		-50	-691	4038
2883487	146.55	-5.83	0.31		-31	93	4141
2883840	127.43	-9.67	-0.47		-516	559	4012
2883993	127.10	-9.74	-0.49		-528	578	4019
2884247	124.93	-11.52	-2.29		-526	629	4104
2884502	125.40	-13.70	-6.68		-209	975	4143
2884758	121.37	-15.71	-7.50		121	1195	4247
2884913	121.04	-15.71	-7.27		129	1215	4261
2885168	112.96	-9.70	10.24		-1037	-333	3998
2885323	112.68	-9.52	10.62		11481	1304	32080
2885581	102.01	-8.70	14.51		-1558	-276	4053
2885838	99.51	-9.60	9.94		-1114	-7	3879
2885989	99.47	-9.62	9.70		-1091	-2	3866
2886241	96.98	-11.60	3.10		-365	197	3829
2886595	97.34	-12.15	2.66		-273	230	3736
2886748	97.78	-12.20	2.61		-228	144	3739
2887001	109.70	-13.42	-0.38		-77	443	3593
2887255	114.43	-10.42	-3.05		316	192	3597
2887408	114.75	-10.34	-3.15		340	194	3595
2887763	126.54	-7.36	-4.71		781	137	3634
2887915	126.84	-7.23	-4.66		784	140	3636
2888169	134.76	10.48	10.41		1096	-2081	3840
2888425	163.58	29.90	55.64		744	-5395	7918
2888681	-155.51	19.99	94.48		3509	-5393	10753
2888839	29.03	nan	-7.74		12098	26048	-23646
2889096	-179.02	1.96	39.45		437	-2813	4235
2889351	168.27	-8.55	-12.52		-94	3166	3628
2889505	168.11	-8.81	-13.93		-42	3306	3698
2889760	173.55	-12.11	-36.97		204	5100	5059
2889916	173.50	-12.00	-36.63		194	5061	5029
2890173	162.66	-9.67	-13.94		-28	1752	4148
2890428	154.45	-13.18	-16.13		175	2110	4314
2890584	154.29	-13.28	-16.10		175	2113	4301
2890841	154.28	-7.51	-7.30		720	878	4080
2890992	154.24	-7.36	-6.99		735	838	4064
2891246	151.36	-11.93	-5.00		-104	782	3934
2891501	150.32	-13.45	-6.37		-248	1042	3790
2891758	152.66	-6.33	-4.20		479	228	3775
2891910	152.87	-6.05	-4.11		507	209	3767
2892163	163.64	3.33	6.98		1101	-997	3756
2892417	-176.71	6.02	37.44		1499	-3231	5428
2892572	-175.60	5.91	39.12		1608	-3333	5566
2892828	-141.98	-4.81	64.89		4518	-3807	7723
2893086	-150.50	-5.32	30.11		1104	-1580	3822
2893344	-161.14	-6.55	3.61		-701	759	2963
2893497	-161.22	-6.56	3.05		-709	815	2982
2893752	-149.47	-5.40	18.40		802	-490	3745
2894007	-145.20	-9.61	25.13		1002	-1715	4245
2894265	-143.86	-10.51	2.53		-1118	812	3552
2894419	24.84	nan	-58.25		-2998	-20091	16827
2894678	-122.82	-29.77	-47.56		-909	14218	3747
2894938	111.41	26.45	-70.10		5127	8284	13868
2895196	-4.39	-37.36	91.55		-3642	8611	7815
2895452	22.41	-7.97	42.55		-3132	3213	3759
2895606	23.37	-8.04	40.50		-3066	2963	3635
2895861	17.62	-8.06	-48.64		2256	-4127	6926
2896017	11.17	nan	-8.91		-3790	27648	16474
2896273	-131.26	41.73	-124.79		-5686	3534	15502
2896534	-142.04	64.74	-121.65		-5270	2506	12237
2896795	-92.29	74.20	-49.86		-4449	3906	8793
2897052	-53.07	61.66	-9.72		-3893	3693	6768
2897309	-42.03	48.71	-1.48		-3230	2672	5553
2897465	-73.06	69.39	-12.35		-16023	32305	17755
2897827	-37.49	31.09	0.87		-1670	1606	3918
2897981	-37.49	30.79	0.77		-1643	1570	3902
2898237	-38.81	23.03	-0.92		-1037	729	3338
2898392	-38.83	22.90	-0.86		-1022	729	3335
2898647	-38.28	19.34	1.74		-437	740	3160
2898799	-38.18	19.25	1.79		-421	722	3160
2899052	-37.10	16.31	2.44		-86	519	3036
2899305	-37.33	14.54	1.61		46	261	2975
2899454	-37.34	14.49	1.57		51	251	2973
2899705	-37.56	13.07	1.05		168	98	2931
2899856	-37.53	13.02	1.04		173	88	2933
2900107	-4.33	6.56	-5.14		763	-509	3227
2900257	-1.39	5.96	-5.68		1031	-749	3262
2900510	59.65	-26.90	0.77		2385	4419	4641
2900765	87.20	-33.63	1.90		-195	4571	5531
2900919	87.96	-33.91	1.85		-264	4584	5548
2901173	130.48	-38.27	-2.06		-3258	3487	6007
2901431	158.17	-44.58	-17.66		-3229	3571	5999
2901588	-54.90	-45.92	-34.49		-6160	8104	-27804
2901951	111.18	-65.46	161.13		0	-5042	10507
2902107	116.09	-63.63	159.62		349	-4929	10756
2902366	-145.97	24.56	147.61		-290	-3928	15830
2902626	-98.22	67.96	145.02		3611	-4364	12458
2902885	-78.93	60.28	158.61		3914	-5415	12504
2903143	-86.56	55.67	151.01		3280	-4509	12724
2903402	-90.34	59.87	132.25		5269	-2997	11981
2903661	-161.03	49.33	79.47		2460	-5693	8474
2903919	162.18	13.67	49.12		-2417	-4461	4831
2904177	157.30	-23.80	22.48		-5052	-103	4223
2904334	178.29	6.22	177.90		15243	-8852	3969
2904592	148.94	-55.78	-5.17		-4459	4760	7557
2904849	138.04	-52.74	-9.16		-2905	5047	6624
2905107	147.62	-38.66	-17.55		-1795	4152	5831
2905366	162.60	-30.55	-15.47		-2072	3214	5304
2905625	168.66	-27.20	-10.80		-2065	2176	4764
2905884	161.08	-26.53	-4.43		-1781	1838	4406
2906041	160.63	-26.42	-4.09		-3184	13475	-27180
2906302	153.12	-22.53	-2.95		-1144	1660	3952
2906559	152.71	-14.12	-6.04		-519	1382	3742
2906816	165.18	8.75	4.72		1510	-548	4575
2906969	165.66	9.66	5.44		1648	-650	4643
2907222	161.06	8.21	9.31		1259	-1373	4228
2907375	161.01	6.98	8.55		1103	-1220	4177
2907629	176.17	-8.97	0.83		-274	494	3859
2907882	-176.98	0.30	0.96		849	273	4103
2908034	-176.90	0.53	0.67		864	308	4111
2908285	-178.41	1.13	-3.10		473	842	4181
2908640	171.64	-5.94	0.04		-34	325	4146
2908791	171.46	-6.12	0.10		-59	299	4123
2909043	170.82	-11.38	-0.13		-541	355	3955
2909298	163.64	-11.32	1.51		-656	198	3819
2909452	163.35	-11.24	1.58		-669	171	3810
2909706	163.27	-9.21	3.70		-447	-74	3769
2909959	176.27	2.73	9.12		841	-557	3532
2910110	176.83	3.38	9.74		905	-620	3554
2910362	-132.80	15.65	71.44		5036	-2418	8668
2910620	-126.85	-1.25	60.78		4380	-2401	7195
2910878	-129.45	-11.37	25.92		583	-1933	2844
2911135	-126.46	-13.70	13.09		-851	-1046	2933
2911496	-121.90	-13.51	22.70		808	-1679	4351
2911652	108.08	-11.29	-8.88		-17714	31408	-31104
2911915	-117.10	-12.45	-28.42		-3976	2009	3889
2912174	172.47	8.14	85.91		-12672	-7270	15564
2912433	150.29	-66.30	-76.10		-2835	9765	14327
2912693	39.91	-10.99	75.31		-6392	4994	6161
2912848	41.01	-9.06	74.42		-6404	4750	6144
2913104	65.39	-9.33	19.97		-2089	704	3440
2913257	66.43	-10.10	18.05		-1814	684	3409
2913513	124.90	-19.09	-42.79		4332	3405	6933
2913771	153.05	-13.93	-57.68		3154	5893	7140
2913928	153.35	-13.57	-57.74		3167	5808	7117
2914186	154.37	-1.35	-41.32		3348	4207	5255
2914442	147.20	10.06	-33.59		3535	2070	4873
2914597	50.08	nan	83.82		-9581	20186	-14850
2914853	48.72	38.69	-140.01		3602	569	16070
2915110	-102.66	-38.93	112.94		3484	1999	12923
2915371	-61.79	-44.07	-44.92		-5014	-5248	5943
2915631	-91.43	-7.82	-76.73		-6309	1317	9283
2915889	-114.34	-2.39	-105.86		-5947	3659	11666
2916149	-129.24	-5.96	-117.20		-4740	4822	12185
2916410	-132.75	-4.16	-89.11		-4778	6121	8949
2916669	-155.63	-9.53	-43.43		-1315	4026	4198
2916928	-176.25	-7.79	-18.47		-841	105	2983
2917084	-179.09	1.38	177.89		30299	-13331	-16697
2917346	-160.12	7.18	-16.55		1802	1451	2617
2917501	-160.66	7.39	-16.48		1833	1445	2588
2917757	-149.06	8.63	-0.98		2529	45	3040
2917910	-148.63	8.39	-0.23		2547	-31	3074
2918164	-131.10	14.86	13.04		4247	-138	4388
2918320	-131.08	15.23	13.04		4257	-128	4396
2918577	-136.86	14.35	3.63		2901	596	4122
2918730	-136.49	13.92	3.47		27659	-1045	19430
2918989	-133.85	2.57	-3.88		1294	-233	3609
2919244	-139.66	-0.12	-10.35		166	268	3667
2919399	-139.91	-0.08	-10.28		31	283	3702
2919653	-173.33	-20.88	10.34		-1297	-2284	4631
2919913	141.21	-26.78	36.21		-3944	-2139	6311
2920172	124.72	-21.40	51.41		-5242	-2852	6909
2920431	115.22	-15.27	45.58		-4616	-2116	5957
2920690	115.55	-14.91	32.45		-3411	-1336	4757
2920848	-33.27	nan	21.78		-217	31376	18176
2921103	113.42	-12.51	23.48		-2352	-877	4083
2921360	110.66	-8.71	21.93		-2004	-1080	3920
2921618	107.39	-4.59	20.68		-1625	-1279	3914
2921775	107.19	-4.45	20.68		-1626	-1297	3918
2922033	103.30	-5.31	17.20		-1326	-906	3647
2922289	105.94	-6.51	11.18		-501	-573	3490
2922443	106.08	-6.52	10.98		-472	-569	3490
2922698	113.38	-7.01	5.27		56	-485	3431
2922850	113.62	-7.07	5.06		75	-467	3443
2923102	128.97	-8.19	-3.11		978	627	3486
2923456	144.65	-8.28	-8.05		1075	1354	3552
2923611	144.98	-8.17	-8.22		1091	1372	3545
2923866	157.17	-4.11	-8.62		1183	1225	3907
2924020	157.35	-4.01	-8.45		1163	1189	3937
2924276	158.35	7.83	-2.83		1999	-166	3420
2924429	158.34	8.26	-2.55		2022	-223	3402
2924684	-168.58	38.46	58.96		3227	-4784	8779
2924840	-165.70	38.60	62.03		-16578	1182	-28413
2925203	-155.54	13.70	55.30		3472	-2955	5877
2925360	-157.01	12.92	53.58		-8187	-24416	-72
2925619	171.10	-14.45	-11.11		-1240	3248	4302
2925877	161.87	-22.58	-20.51		-1111	3967	4288
2926136	155.32	-15.37	-13.11		-65	2651	4107
2926393	156.56	0.54	-2.21		894	931	3297
2926543	157.01	1.24	-1.54		903	860	3292
2926796	-150.24	24.71	56.34		4230	-2757	6814
2927053	-152.39	18.04	41.13		3590	-1640	5724
2927311	-179.83	0.85	-3.48		-332	2259	3033
2927466	179.46	0.19	-4.78		-385	2403	3049
2927720	168.53	-5.34	-11.19		79	2642	3976
2927874	168.55	-4.93	-10.32		120	2555	3966
2928130	174.17	4.33	15.60		781	-728	4064
2928281	173.62	3.78	14.80		700	-645	4073
2928535	166.03	-9.46	-9.72		-219	2710	4058
2928790	163.59	-6.92	-8.04		-122	1855	4043
2928945	-50.21	nan	-130.79		-5249	-3448	30394
2929203	179.22	3.67	8.19		624	-34	3973
2929353	179.89	4.07	8.86		681	-106	4001
2929705	-158.87	-6.66	4.56		-791	437	3794
2929859	-158.52	-7.53	3.83		-927	477	3768
2930114	-161.38	-51.59	45.55		-6128	8513	9112
2930372	-158.80	62.99	-158.87		-9726	1912	14220
2930735	9.61	-2.96	29.57		365	2212	5171
2930885	9.75	-4.36	30.64		519	2414	5174
2931138	14.56	-9.94	38.02		-42	3239	4068
2931290	14.80	-9.61	37.52		-24297	11540	20140
2931549	22.23	-2.98	18.30		-399	818	3029
2931802	33.65	-6.10	1.02		1162	-1032	3211
2931955	34.15	-6.13	0.43		1209	-1077	3227
2932210	88.35	-20.99	-31.69		3165	1678	6970
2932466	148.82	-22.49	-56.14		2009	5738	8221
2932724	168.52	-18.05	-53.04		278	5689	7024
2932981	167.59	-16.20	-42.18		831	4938	5921
2933137	167.53	-16.27	-41.56		805	4875	5868
2933393	156.42	-11.92	-21.03		732	2571	4087
2933650	138.15	3.86	-17.49		2007	422	4434
2933804	137.14	4.50	-17.75		2141	329	4419
2934159	79.01	20.07	-89.66		6429	-244	8695
2934313	74.58	20.49	-92.00		5953	-534	8847
2934568	-112.60	-26.86	124.67		4417	2073	16400
2934829	-110.09	-55.92	2.43		-2377	-4903	6493
2935088	-96.89	-43.27	-58.04		-5348	-1278	7981
2935348	-99.89	-35.94	-91.50		-7180	1616	9155
2935607	-107.15	-25.83	-115.65		-6472	4334	11873
2935869	-102.84	-27.53	-123.19		-6855	4605	12068
2936131	-135.59	-27.76	-74.05		-7273	5503	8112
2936391	-136.49	11.30	1.70		5917	798	4402
2936645	-144.12	5.55	20.07		3888	-2476	4257
2936801	-144.63	5.49	20.02		22910	32216	-18147
2937061	-134.02	26.84	7.60		4893	1875	4218
2937317	-102.54	35.47	6.99		3544	4878	5319
2937673	-84.79	40.08	-3.80		-162	4669	5654
2937828	-84.76	40.36	-3.97		-281	4622	5640
2938083	-50.50	47.50	12.95		-951	5022	6608
2938237	-50.08	47.71	13.80		-890	5067	6628
2938493	-26.38	32.02	27.91		-766	4590	5932
2938648	-25.60	31.35	28.08		-695	4563	5868
2938903	-12.80	14.38	24.66		215	2955	4679
2939057	-12.93	14.24	24.60		253	2950	4683
2939312	-10.59	13.09	20.46		-137	2219	4460
2939466	-10.52	13.18	20.33		-196	2199	4480
2939721	-13.85	12.99	15.15		-247	1669	4070
2939876	-13.96	12.97	14.93		-234	1632	4062
2940131	-53.55	14.28	-9.15		-1606	136	4171
2940285	-54.87	13.95	-9.91		-3315	28115	613
2940542	-77.86	2.33	-21.22		-2469	-1441	4433
2940800	-70.28	5.50	-14.95		-1330	-798	4035
2940955	-17.99	nan	1.82		-15681	14052	-13946
2941213	-62.80	10.14	-2.39		12	232	3777
2941364	-62.72	10.07	-2.20		23892	10134	27958
2941623	-61.42	7.12	-1.50		174	-161	3744
2941876	-58.53	5.13	-1.73		244	-387	3777
2942027	-58.40	5.09	-1.67		252	-382	3779
2942281	-53.11	7.22	1.76		340	-52	3807
2942431	-52.82	7.32	1.93		328	-30	3821
2942682	-26.18	5.95	17.71		1171	1762	4200
2942936	-3.35	-1.36	27.91		1250	2838	4774
2943089	-2.62	-1.67	28.20		1275	2896	4786
2943344	13.05	-3.91	27.51		913	2879	4551
2943496	12.98	-3.62	27.13		895	2830	4548
2943750	18.26	0.02	9.20		289	700	3689
2943898	18.93	-0.23	9.03		299	683	3686
2944149	60.45	-13.74	8.20		838	2253	4218
2944402	57.32	-16.33	9.99		90	2233	4267
2944553	57.17	-16.43	9.83		86	2210	4232
2944805	66.08	-11.36	1.75		1101	1053	4167
2945161	62.94	-9.39	3.97		920	572	4098
2945311	62.76	-9.26	4.04		891	567	4106
2945562	56.01	-15.71	15.67		390	2148	4148
2945716	55.98	-15.65	15.74		393	2139	4142
2945970	58.16	-15.38	11.81		204	1394	4101
2946123	58.69	-15.49	11.63		224	1398	4108
2946479	82.80	-15.59	5.18		685	1272	3883
2946631	82.85	-15.55	5.23		675	1274	3883
2946885	72.90	-11.78	12.04		-288	853	3808
2947139	65.62	-5.97	12.73		-482	280	3678
2947292	65.39	-5.68	12.64		-494	233	3673
2947545	73.76	13.48	1.35		87	-1753	3876
2947796	88.56	53.59	-13.71		2366	-4727	7587
2947952	89.26	55.44	-14.31		2578	-4760	7807
2948209	116.93	63.99	5.99		2845	-4694	7603
2948364	-74.27	nan	39.78		-11852	21963	-16639
2948622	61.12	17.91	21.78		-1572	-256	4427
2948878	31.49	12.68	32.80		-2543	2705	3819
2949031	-71.74	nan	39.60		-18947	2959	12676
2949288	27.88	12.60	27.00		-2000	1599	3526
2949543	41.59	1.86	14.25		-21	593	3259
2949694	42.18	1.26	13.72		92	587	3217
2949944	77.24	-20.12	-3.81		2662	2758	4093
2950098	77.56	-20.35	-4.02		2735	2782	4102
2950353	77.34	-18.89	-2.06		2027	2245	4066
2950508	77.18	-18.61	-1.96		1983	2193	4034
2950764	98.68	22.79	-8.10		2109	-1151	4476
2950919	99.90	24.87	-8.16		3561	8796	-27219
2951176	139.02	57.30	18.17		3635	-3970	6977
2951432	116.01	29.46	10.29		885	-2092	3780
2951586	114.83	27.87	10.05		765	-1960	3704
2951842	84.11	-23.67	2.61		851	3991	3962
2951995	83.91	-24.16	2.64		903	4024	4002
2952248	57.14	-12.47	7.36		1394	1967	3874
2952502	41.56	1.45	6.13		408	-173	3684
2952652	41.40	1.60	6.21		400	-159	3698
2952903	44.51	-4.05	11.62		642	1238	3529
2953056	-59.82	8.73	6.88		-13946	3413	-10346
2953313	52.91	1.64	11.39		-228	253	3672
2953464	53.28	2.09	11.31		-191	274	3610
2953818	54.45	11.20	4.81		1534	-712	2688
2953969	54.68	11.19	4.97		1495	-555	2696
2954223	83.30	46.54	-8.52		1522	-5333	4820
2954478	103.64	59.49	-12.52		3208	-4073	6010
2954736	106.37	61.25	-18.40		4209	-3930	5886
2954893	-54.53	nan	20.13		-24754	-9847	-14721
2955152	110.66	54.69	-29.00		5622	-2228	5375
2955409	120.13	54.23	-23.21		5303	-1814	4848
2955667	131.53	58.80	-15.96		5574	-2160	4810
2955925	150.28	64.79	-6.25		6522	-1776	5141
2956081	-164.55	1.35	-168.00		27007	18599	-8406
2956443	162.37	51.85	-1.12		5567	-1104	3504
2956599	162.26	51.41	-1.54		5526	-1022	3436
2956855	158.11	33.60	-4.14		3745	102	1840
2957008	158.23	33.17	-4.09		-9451	-23611	-516
2957267	152.22	17.54	-4.28		1921	640	1099
2957522	152.50	10.46	-3.32		698	1186	933
2957674	152.66	10.28	-3.40		707	1254	952
2957928	150.93	7.55	0.34		141	824	845
2958076	150.82	7.51	0.45		132	813	850
2958326	146.63	5.58	3.15		-219	929	1006
2958478	59.11	40.57	-56.48		5771	18456	13233
2958735	132.19	-9.10	3.30		-1978	2954	1589
2958991	117.85	-40.02	-2.96		-2582	6631	4720
2959249	107.62	-68.74	-3.28		-807	8677	8526
2959405	106.86	-69.58	-2.52		-724	8650	8632
2959661	93.18	-61.71	24.19		-2804	7619	7524
2959918	121.98	2.78	31.17		-3004	-546	3976
2960072	123.21	4.69	31.72		-2938	-847	3898
2960327	130.63	-15.35	23.15		-3706	1777	3359
2960687	136.58	-18.19	24.23		-3706	921	3377
2960842	137.15	-17.55	24.54		-3619	765	3361
2961098	145.98	-18.15	19.82		-3686	1173	4161
2961356	143.34	-17.23	6.66		-2552	2663	3809
2961512	174.60	-2.40	172.52		-24451	-1599	628
2961771	147.43	-10.55	1.76		-1355	2271	3231
2962028	153.28	-0.94	13.66		-1005	90	3547
2962181	179.54	2.96	179.03		-14285	-5597	-13829
2962543	150.06	-0.82	10.89		-994	312	2797
2962697	150.10	-0.97	10.78		-1031	404	2833
2962952	164.13	8.90	17.21		210	-742	3308
2963104	164.45	9.01	17.34		226	-761	3315
2963357	168.00	-6.72	8.94		-1855	759	3343
2963612	-177.02	-31.78	-9.16		-4754	2823	3361
