1050727	28.17	-15.29	-18.21		1078	-1112	4664
1050884	29.18	-17.16	-19.79		-3014	8080	32537
1051142	27.73	3.90	-0.93		-2436	-52	3403
1051396	23.52	5.45	0.68		-2446	224	3319
1051546	23.82	4.25	-0.25		-2189	184	3341
1051799	39.28	-15.88	-20.26		762	-101	4173
1052055	31.72	9.55	2.98		-2995	-155	2959
1052207	31.50	10.06	3.46		-3112	-141	2954
1052462	36.81	-8.57	-8.13		99	154	3779
1052611	79.50	nan	40.76		-17786	-15310	-7485
1052868	37.24	-9.40	-8.26		-86	145	3350
1053020	37.17	-9.32	-8.13		-18731	5546	21870
1053277	37.23	-8.74	-8.29		-139	87	3332
1053428	37.25	-8.76	-8.35		-129	85	3338
1053680	37.20	-8.52	-8.07		-195	32	3244
1053932	37.26	-8.92	-7.41		-223	180	3234
1054085	37.26	-8.93	-7.40		-226	182	3238
1054338	36.58	-8.45	-6.96		-265	134	3175
1054590	37.17	-9.57	-7.70		-270	151	3114
1054742	37.26	-9.74	-7.82		-249	151	3130
1054996	35.99	-4.28	-7.79		-564	-239	3557
1055250	38.88	25.70	0.58		-4467	-1639	3398
1055405	39.11	26.87	0.73		-4618	-1705	3388
1055660	120.59	-16.69	146.49		-8200	-5759	15526
1055921	170.60	-13.29	57.09		-1496	-8351	10265
1056181	-160.26	4.50	8.41		2144	-993	4142
1056334	-160.47	4.98	7.84		31095	-21091	19295
1056593	172.27	41.58	21.53		4665	-1324	7214
1056850	150.47	42.61	69.54		-2456	-6371	10141
1057110	98.43	28.01	62.16		-4799	-1735	7819
1057366	105.24	19.62	48.35		-3988	-2663	6166
1057523	105.83	19.18	47.90		7221	6313	-7118
1057779	161.38	5.72	45.91		-955	-4387	5706
1058035	-179.11	-10.94	30.67		-1932	-2437	4486
1058295	-161.81	-22.22	23.87		-2490	-2117	4893
1058555	170.32	-27.31	56.11		-4651	-4689	7071
1058813	-146.44	22.83	99.61		5337	-4719	13322
1059073	-107.85	48.62	151.19		4402	-6439	14042
1059333	-62.33	76.51	-149.43		776	-7328	12169
1059592	-0.31	76.48	-56.36		-2451	-6885	9188
1059748	1.43	76.18	-54.46		-2474	-6857	9097
1060005	31.87	60.06	-17.97		-2412	-5880	6328
1060263	36.23	49.78	-10.19		-2122	-4972	5013
1060520	37.85	41.03	-5.54		-1753	-4076	4071
1060676	37.87	40.74	-5.40		-1739	-4041	4040
1060933	38.43	30.45	-1.00		-1177	-2856	3158
1061189	38.32	25.50	0.92		-861	-2250	2825
1061343	38.32	25.33	0.98		-850	-2229	2815
1061598	37.96	19.91	2.99		-470	-1541	2524
1061852	37.69	17.28	3.96		-278	-1203	2412
1062005	37.68	17.19	3.99		-13735	32640	31840
1062263	37.29	14.30	5.04		-52	-814	2309
1062414	37.29	14.24	5.06		-49	-807	2308
1062767	36.88	11.95	5.89		132	-506	2244
1062919	36.87	11.91	5.90		136	-501	2244
1063171	36.61	10.78	6.31		228	-353	2220
1063321	36.60	10.76	6.31		230	-351	2218
1063574	36.37	10.00	6.57		292	-251	2205
1063826	36.23	9.65	6.70		323	-201	2201
1063975	36.23	9.64	6.71		323	-198	2200
1064226	36.04	9.26	6.83		355	-147	2193
1064377	36.04	9.25	6.84		356	-145	2194
1064628	35.87	9.00	6.91		380	-114	2185
1064777	35.87	8.99	6.92		380	-112	2187
1065028	35.71	8.83	6.96		393	-90	2184
1065178	35.70	8.83	6.97		395	-89	2182
1065427	35.55	8.72	6.98		404	-73	2180
1065576	35.55	8.72	6.99		404	-72	2181
1065826	35.41	8.66	7.00		410	-61	2180
1065974	35.40	8.66	7.00		410	-61	2179
1066224	35.25	8.62	7.00		417	-54	2178
1066373	35.25	8.62	7.00		417	-54	2178
1066622	35.10	8.59	7.00		417	-47	2180
1066772	35.10	8.59	7.00		417	-47	2180
1067022	34.96	8.58	6.99		422	-46	2178
1067170	34.96	8.58	6.99		422	-46	2178
1067420	34.82	8.59	6.97		424	-45	2175
1067569	34.82	8.59	6.97		424	-45	2175
1067819	34.67	8.59	6.95		425	-41	2180
1067967	34.67	8.59	6.95		425	-41	2180
1068318	34.50	8.60	6.93		425	-41	2179
1068467	34.50	8.60	6.93		424	-41	2180
1068818	34.32	8.62	6.90		425	-41	2179
1068966	34.32	8.62	6.90		425	-40	2179
1069216	34.19	8.64	6.88		425	-41	2182
1069366	34.17	8.64	6.88		426	-40	2181
1069716	34.00	8.65	6.85		425	-42	2178
1069864	34.00	8.65	6.85		425	-41	2178
1070216	33.83	8.67	6.83		426	-40	2178
1070364	33.83	8.67	6.83		426	-41	2179
1070614	33.69	8.68	6.80		426	-39	2178
1070764	33.69	8.68	6.80		427	-39	2179
1071114	33.51	8.71	6.78		425	-41	2178
1071262	33.50	8.71	6.78		426	-40	2179
1071613	33.33	8.73	6.75		425	-41	2180
1071762	33.33	8.73	6.75		427	-41	2181
1072012	33.19	8.75	6.73		426	-36	2175
1072161	33.19	8.75	6.73		426	-38	2176
1072512	33.01	8.76	6.70		428	-39	2177
1072660	33.01	8.76	6.70		429	-39	2177
1073011	32.83	8.79	6.68		425	-40	2178
1073160	32.83	8.79	6.68		425	-39	2177
1073410	32.74	8.80	6.68		423	-37	2181
1073559	32.74	8.80	6.68		423	-37	2178
1073909	32.73	8.82	6.70		420	-35	2177
1074058	32.73	8.82	6.70		421	-35	2179
1074409	32.73	8.83	6.73		418	-33	2182
1074557	32.73	8.83	6.73		418	-33	2182
1074807	26.61	8.33	6.37		1313	-779	1988
1074959	27.43	8.48	6.61		1618	-598	1988
1075211	41.14	47.10	38.07		-6664	487	5545
1075364	78.70	-8.50	9.16		-24733	15130	20
1075619	63.36	50.84	60.68		-6970	-375	4657
1075773	65.29	50.56	61.55		698	-8481	10110
1076029	85.02	-21.57	62.14		-6009	4922	7438
1076286	87.31	-65.22	91.23		-9810	1561	11711
1076443	86.29	-66.36	93.44		18964	15439	-27214
1076703	20.70	-72.05	-141.02		-4008	-7103	13572
1077065	51.43	-67.48	-129.56		1901	-6908	14789
1077325	31.57	-53.90	-69.01		5836	-3895	9125
1077481	-15.45	nan	28.09		19502	13556	-11376
1077739	107.23	-27.90	-102.22		5544	2783	12887
1077999	90.81	-27.28	-72.98		5336	1846	10010
1078257	42.38	-15.86	-13.30		1010	633	3253
1078512	39.50	-15.62	-12.37		1817	589	3458
1078667	40.00	-15.93	-13.27		1892	496	3539
1078923	71.21	-20.04	-36.08		3700	1214	5470
1079078	71.09	-19.50	-35.23		32558	9792	20538
1079337	70.65	-15.77	-28.48		2394	949	4286
1079592	67.67	-13.60	-19.22		1378	1121	4163
1079849	66.32	1.53	3.37		-2451	857	2723
1080000	66.54	2.37	4.02		-2600	820	2718
1080253	74.55	-23.80	-153.09		-3475	-1932	18036
1080514	90.83	-39.75	170.56		-1204	-5203	16649
1080774	170.64	-52.56	71.53		-1022	-6436	10735
1081034	-156.95	-23.02	25.40		575	-3208	5170
1081291	-151.41	-14.15	17.59		658	-2450	4055
1081549	-149.75	-10.86	18.64		1091	-2173	4191
1081808	-120.28	14.58	18.56		2341	-634	4456
1081964	-159.69	-67.72	-161.77		9878	3612	-9343
1082327	-58.04	-8.57	160.96		-1237	884	16399
1082483	-63.36	-12.46	163.15		-7869	-427	20770
1082742	29.72	8.47	-32.68		-1833	-3471	5119
1082999	-22.89	43.33	-50.52		-4608	-3727	8177
1083258	-50.28	36.13	-71.87		-5941	-3121	8727
1083516	-56.33	14.70	-71.69		-5483	-2875	6336
1083776	-58.91	3.17	-55.86		-4957	-2411	4967
1084034	-70.45	6.25	-18.16		-350	-217	3602
1084187	-70.24	6.67	-16.96		-221	-10	3564
1084542	-73.07	3.74	-6.30		1117	329	3280
1084695	-73.29	3.53	-6.45		1109	291	3246
1084948	-83.81	-10.72	0.49		1773	-1757	3670
1085205	-74.23	-14.27	8.81		3468	-1953	3928
1085461	-50.86	-10.71	11.65		2774	572	4476
1085616	-50.19	-10.69	11.78		2754	611	4516
1085871	-31.59	3.34	9.32		416	1778	4108
1086022	-30.76	3.75	9.36		370	1830	4106
1086274	5.57	11.67	17.12		-1341	3242	4508
1086529	14.73	13.25	12.00		-1706	1648	4768
1086684	14.35	13.23	11.70		-1684	1570	4748
1086939	2.86	11.81	2.20		-1005	589	4068
1087090	2.60	11.78	1.86		-995	567	4092
1087341	-8.06	11.45	-15.26		-1049	-1060	4098
1087598	-13.55	13.61	-23.50		-1396	-1740	4237
1087857	-14.92	8.00	-20.11		-592	-1331	3674
1088013	-14.97	7.81	-19.83		-557	-1302	3671
1088269	-24.41	-5.11	-9.07		1214	-560	3702
1088423	-73.79	nan	-40.98		-27092	-31784	-10954
1088685	-38.60	-15.95	-8.01		1836	-1554	4220
1088942	-40.01	-13.69	-6.74		1660	-1117	4058
1089200	-37.35	-8.09	-7.57		987	-600	3835
1089352	27.22	nan	-28.20		23895	-15081	5561
1089609	-34.06	-2.76	-8.91		387	-527	3517
1089965	-66.04	-14.33	-15.49		-303	-1907	4284
1090223	-72.93	-15.61	-16.46		-120	-2303	3794
1090380	1.82	8.58	-53.87		-9124	24767	-20946
1090638	-67.72	-6.97	-7.95		451	-906	3335
1090892	-1.90	-5.74	-5.08		-121	1090	3531
1091046	-0.20	-6.33	-5.71		-81	985	3552
1091298	61.19	-22.87	-54.05		4917	-14	5875
1091553	56.66	8.93	-31.49		833	-2456	3618
1091706	56.57	10.02	-29.77		617	-2545	3511
1091961	65.33	17.34	11.40		-4273	-548	3241
1092116	65.57	17.06	10.44		-4092	-621	3259
1092372	77.25	-3.09	-35.76		2758	-138	4453
1092527	77.23	-3.02	-35.28		2654	-150	4418
1092782	68.47	2.57	-20.76		567	-1072	2597
1092935	68.41	2.53	-20.65		575	-1043	2593
1093189	69.56	6.73	-16.00		-373	-1008	2611
1093344	69.58	6.90	-15.86		-411	-1019	2620
1093599	72.33	1.97	-13.55		-1	-334	3045
1093750	72.37	1.68	-13.48		-21	-274	3021
1094003	70.98	-2.28	-11.05		-402	350	2576
1094257	72.06	-3.98	-13.29		-78	429	2672
1094410	72.19	-4.05	-13.41		-65	431	2677
1094663	78.29	-1.80	-13.49		-114	271	3150
1094917	73.71	4.91	7.27		-2907	-208	3516
1095069	73.82	5.23	8.32		-3180	-246	3534
1095322	37.41	23.90	-77.34		-11747	-2697	13400
1095582	121.84	-44.81	116.99		-9558	-6615	16003
1095945	-144.11	-9.59	-2.85		-43	-1002	4240
1096099	-143.36	-8.92	-3.81		-66	-902	4120
1096355	-127.37	3.08	-10.25		199	136	2955
1096508	-126.93	3.36	-9.67		277	103	2952
1096862	-85.24	31.40	45.47		2991	2296	6992
1097017	-82.71	32.38	48.19		2950	2597	7352
1097273	-108.27	-35.52	-148.27		-4884	4517	15702
1097535	106.94	-22.28	-7.49		-1693	2561	4947
1097793	59.52	22.88	19.83		-4819	-1039	5227
1097949	-45.13	nan	-50.55		22077	6445	4830
1098204	20.58	29.65	11.59		-3503	1064	4957
1098358	-44.90	nan	30.44		15282	10632	-10527
1098615	-17.44	11.02	2.04		-832	463	4075
1098970	-27.11	-17.86	44.68		3530	3695	6525
1099125	-28.19	-18.31	46.32		3597	3763	6662
1099382	-83.41	-12.09	127.70		3616	1912	13349
1099641	-150.89	-31.06	-165.82		1472	3143	16781
1099902	124.77	-35.65	-66.93		3783	4244	9138
1100161	88.80	-15.74	-26.02		2476	188	4967
1100314	88.85	nan	29.74		4104	13419	24469
1100569	48.95	-37.15	7.77		1796	2848	5417
1100723	47.15	-37.70	9.41		1796	2884	5509
1100977	7.27	4.52	76.00		-3353	6106	10123
1101130	7.57	6.20	76.75		-3409	6075	10218
1101486	16.50	61.48	108.98		-771	7144	10970
1101641	16.18	62.40	108.95		-705	7150	10934
1101898	-65.19	69.78	31.86		-92	5587	7693
1102052	-65.81	69.16	31.15		18520	-1894	5356
1102310	-64.98	40.12	25.27		27	3931	4742
1102664	-64.41	27.27	25.13		526	2783	3837
1102817	-64.45	27.00	25.13		544	2764	3821
1103173	-67.61	16.23	18.02		761	1109	3125
1103326	-67.40	15.99	17.64		707	1068	3131
1103681	-62.57	7.56	9.96		-629	-259	2816
1103834	-62.41	7.33	10.41		-551	-254	2829
1104088	-66.41	-11.87	36.75		3652	-531	4194
1104345	-56.57	-33.47	34.82		5338	-2384	5221
1104603	-42.66	-47.79	19.14		4828	-3166	6047
1104860	-17.35	-50.36	-0.43		5416	-3603	6657
1105016	-15.71	-49.99	-1.36		17881	-21748	-15234
1105278	12.98	-9.07	-36.82		2163	-4851	6146
1105434	12.56	-7.99	-37.20		2073	-4839	6096
1105691	-19.96	13.64	-50.80		-2935	-5796	7266
1105949	-6.40	13.81	-36.70		-1073	-4198	5655
1106207	-5.89	16.43	-20.15		-1508	-2241	4567
1106364	-5.56	16.43	-19.54		-1486	-2147	4517
1106622	-0.29	15.00	-6.73		-1006	-682	4028
1106877	1.67	10.98	-4.61		-332	-426	3949
1107030	1.75	10.85	-4.57		-307	-445	3938
1107282	0.09	8.61	-3.90		-168	-377	3836
1107433	68.67	nan	44.09		26161	13056	11130
1107688	-1.81	8.48	-4.41		-96	-454	3841
1107840	-1.83	8.51	-4.39		-104	-456	3847
1108092	8.46	5.71	-1.60		340	-65	3622
1108241	8.91	5.54	-1.67		351	1	3626
1108489	29.22	-4.21	-24.18		2081	-1210	4207
1108745	67.53	-2.61	-62.96		5216	-478	7248
1108899	68.91	-2.10	-64.05		5442	-420	7280
1109155	84.55	4.45	-27.51		1634	-67	3410
1109307	84.49	4.30	-26.63		1582	-110	3341
1109662	84.21	12.15	-46.70		4127	-894	4892
1109817	84.38	11.76	-46.00		4161	-899	4801
1110072	79.77	2.19	-9.77		-165	423	2235
1110223	79.85	2.46	-10.01		-133	370	2281
1110476	88.76	4.88	-15.58		331	420	3253
1110628	88.64	4.71	-15.01		-20753	-12272	-9810
1110888	85.83	3.98	-10.84		-266	467	2974
1111141	83.44	6.61	-11.54		-12	4	2592
1111289	83.51	6.56	-11.32		-106	41	2604
1111541	86.22	6.51	-4.39		-662	-524	3156
1111694	86.10	6.33	-4.51		-607	-520	3113
1111947	86.98	-0.56	-1.62		-1015	1130	3418
1112202	70.94	-4.25	17.58		-3427	2300	3219
1112458	79.94	1.74	-9.11		-197	439	3609
1112608	80.81	2.03	-10.60		-16	347	3651
1112861	91.28	8.76	-17.68		633	-231	3321
1113013	91.13	8.77	-17.11		544	-252	3306
1113266	90.02	7.56	-13.25		66	16	3019
1113415	89.95	7.57	-13.16		68	8	3030
1113664	93.30	8.72	-13.44		-96	-28	3047
1113916	94.48	10.71	-14.68		357	-496	3050
1114068	94.53	10.57	-14.46		313	-473	3040
1114323	95.55	4.43	-13.65		12	428	2813
1114574	96.09	4.38	-15.18		329	449	2917
1114725	96.09	4.41	-15.14		336	444	2910
1114978	96.74	6.50	8.22		-2407	-1036	3380
1115131	93.25	72.57	26.76		22502	-18131	10183
1115390	16.30	23.29	-115.47		-5217	-3290	19147
1115651	-55.23	-42.19	-36.68		-2270	-10344	9641
1116012	-64.10	33.98	-7.17		-947	3126	3861
1116167	-64.09	34.01	-7.24		-1003	3149	3771
1116423	-32.68	2.98	26.83		756	2436	5401
1116575	-30.97	1.71	28.40		891	2551	5578
1116828	-44.01	-28.21	78.69		3663	4791	11043
1117086	10.80	-36.31	73.28		-232	5040	9710
1117342	89.44	-42.64	72.32		-6177	1237	9210
1117700	112.01	-52.92	56.94		-5904	1065	7796
1117856	-112.55	-71.59	-129.19		7711	10584	17096
1118119	131.93	-42.80	31.20		-4399	631	5222
1118275	132.29	-42.55	30.72		-4374	641	5173
1118531	142.09	-35.46	9.89		-2536	1510	3324
1118788	145.96	-32.25	1.50		-1701	2239	3156
1118944	146.02	-32.19	1.34		-1711	2275	3168
1119201	127.61	-21.38	2.22		-888	871	3155
1119354	126.16	-21.21	1.79		-6754	-5203	-4893
1119612	85.64	-26.63	-31.80		4489	-41	4132
1119868	111.88	-13.94	-39.60		4920	1968	5069
1120125	132.37	-7.82	-26.54		3621	2406	3872
1120281	132.34	-7.86	-25.84		3588	2379	3835
1120538	92.24	-3.38	16.36		-1740	-1260	3970
1120794	85.24	5.24	34.07		-4552	-2168	4333
1120949	85.08	5.35	34.18		-4597	-2173	4291
1121205	66.64	4.83	9.85		-855	-1564	3575
1121356	66.05	5.46	9.62		-840	-1675	3600
1121610	57.17	19.63	35.69		-5015	-586	5809
1121865	48.74	38.79	40.60		-6478	-982	6533
1122020	70.35	nan	-49.97		591	-30304	-25812
1122276	6.04	48.14	23.27		-5640	706	6246
1122428	5.26	47.97	22.92		-5582	754	6234
1122681	-1.25	36.98	18.68		-4894	910	5005
1122835	-1.05	36.36	18.69		-4834	846	4934
1123190	-0.27	8.27	16.68		-486	679	3488
1123342	-0.47	8.21	16.58		-484	642	3501
1123594	-7.40	12.51	15.14		-1352	403	3428
1123747	2.06	10.54	16.27		24082	14814	-17680
1124005	24.56	22.89	25.64		-2789	-81	4296
1124259	62.97	34.88	38.37		-5226	-1547	4887
1124415	63.19	35.16	38.18		-5188	-1567	4888
1124672	46.04	46.24	12.68		-3362	-3807	4646
1124928	31.54	47.86	-4.81		-3153	-4934	4579
1125084	31.05	47.70	-5.21		-3149	-4925	4561
1125341	21.48	39.42	1.99		-2377	-3529	4002
1125697	10.59	27.96	44.78		-3104	4899	4011
1125852	9.53	27.44	44.99		-2954	5021	3960
1126107	-10.93	-7.51	22.46		1994	905	2884
1126259	-11.76	-8.72	21.92		2228	762	2872
1126615	-45.61	-42.01	10.39		4370	-4513	5287
1126771	-45.92	-42.19	10.11		18721	16210	25217
1127032	-38.69	-28.85	-36.29		-219	-7174	7146
1127290	-30.52	-3.40	-48.11		-2466	-4752	7668
1127549	-35.52	3.64	-64.92		-3919	-5422	9062
1127806	-48.32	3.17	-81.93		-3787	-5384	10537
1128066	-51.60	19.81	-108.92		-4834	-6161	12685
1128327	57.08	29.59	-130.23		4949	-1276	14012
1128586	121.06	11.69	-162.33		1245	4762	15450
1128845	145.18	23.25	-167.56		-1671	3584	15708
1129105	156.79	35.55	-146.52		-2138	5805	13722
1129365	143.20	36.30	-113.38		2123	6454	10825
1129624	148.04	31.07	-107.75		1763	6260	10495
1129883	-123.56	5.00	-123.01		-8833	2569	14653
1130143	-122.94	0.22	-111.47		-7924	1811	11712
1130403	-131.35	28.33	-103.72		-6694	5294	10946
1130664	-151.11	43.71	-91.41		-5294	6630	8129
1130924	-116.94	68.00	-82.72		-7191	5402	8230
1131182	-36.99	73.00	1.75		-5013	5293	6999
1131438	-0.27	50.81	56.15		-1248	9773	7456
1131592	0.16	50.05	56.60		-1149	9953	7394
1131846	-53.75	38.15	38.28		3724	6611	5078
1132001	-54.04	37.92	37.78		3681	6565	5000
1132257	-60.40	28.58	21.41		2729	5041	3387
1132411	-60.49	28.36	21.09		2708	5002	3359
1132667	-62.90	20.72	10.59		1977	3611	2553
1132822	-62.93	20.55	10.38		1962	3579	2540
1133077	-63.65	15.02	3.50		1443	2511	2188
1133231	-63.67	14.90	3.36		1432	2488	2183
1133486	-63.75	11.08	-1.21		1086	1725	2048
1133639	-63.74	11.00	-1.30		1079	1709	2046
1133895	-63.62	8.43	-4.35		847	1186	2002
1134047	-63.62	8.38	-4.42		843	1176	2002
1134301	-63.47	6.69	-6.41		694	830	1999
1134553	-63.37	5.88	-7.38		622	661	2003
1134703	-63.37	5.85	-7.42		620	655	2002
1134956	-63.25	4.97	-8.46		543	471	2011
1135107	-63.25	4.95	-8.49		541	468	2011
1135358	-63.16	4.36	-9.20		491	345	2021
1135610	-63.11	4.07	-9.53		466	289	2024
1135762	-63.11	4.06	-9.55		466	286	2024
1136014	-63.06	3.74	-9.92		439	220	2029
1136164	-63.06	3.74	-9.93		438	219	2031
1136417	-63.02	3.53	-10.18		422	177	2040
1136670	-63.01	3.43	-10.31		411	155	2039
1136822	-63.01	3.43	-10.31		410	155	2039
1137076	-62.99	3.31	-10.43		401	127	2041
1137329	-62.98	3.27	-10.50		397	121	2043
1137480	-62.98	3.26	-10.51		398	120	2042
1137734	-62.97	3.21	-10.57		390	108	2043
1137987	-62.96	3.18	-10.61		390	102	2045
1138140	-62.96	3.18	-10.61		390	102	2046
1138393	-62.96	3.15	-10.64		388	94	2043
1138543	82.24	nan	40.34		966	-23867	1131
1138796	-62.95	3.12	-10.67		385	90	2045
1138948	-62.95	3.12	-10.67		386	90	2046
1139200	-62.96	3.11	-10.69		385	88	2046
1139351	-62.96	3.11	-10.69		385	87	2046
1139603	-62.96	3.11	-10.70		384	86	2045
1139855	-62.96	3.10	-10.70		384	86	2050
1140005	-62.96	3.10	-10.70		384	86	2051
1140257	-62.96	3.10	-10.71		382	85	2046
1140409	-62.96	3.10	-10.71		382	84	2045
1140661	-62.97	3.10	-10.71		381	85	2046
1140913	-62.97	3.09	-10.72		382	84	2048
1141064	-62.97	3.09	-10.72		382	85	2047
1141316	-62.97	3.09	-10.72		382	84	2046
1141467	-62.97	3.09	-10.71		382	84	2048
1141719	-62.97	3.09	-10.71		383	84	2049
1141971	-62.97	3.09	-10.71		380	84	2043
1142122	-62.97	3.09	-10.71		380	83	2045
1142374	-62.97	3.08	-10.72		382	84	2042
1142525	-62.97	3.08	-10.72		381	84	2044
1142777	-62.97	3.08	-10.72		382	82	2049
1143029	-62.97	3.08	-10.72		381	81	2047
1143180	-62.97	3.08	-10.72		381	82	2046
1143432	-62.97	3.08	-10.72		381	81	2046
1143583	-62.97	3.08	-10.72		382	82	2047
1143835	-62.97	3.08	-10.72		383	86	2050
1144087	-62.97	3.08	-10.72		381	84	2049
1144239	-62.97	3.08	-10.72		382	83	2047
1144491	-62.98	3.05	-10.72		384	80	2046
1144641	-62.98	3.05	-10.73		385	80	2045
1144893	-62.98	3.03	-10.72		385	75	2044
1145146	-62.98	3.02	-10.72		387	74	2047
1145296	-62.98	3.02	-10.72		387	74	2044
1145548	-62.99	3.01	-10.72		384	74	2045
1145700	-62.99	3.01	-10.72		385	73	2046
1145952	-62.99	3.00	-10.73		386	74	2046
1146204	-63.01	2.99	-10.73		386	72	2044
1146354	-63.01	2.99	-10.73		385	72	2043
1146606	-63.01	2.99	-10.73		386	70	2049
1146758	-63.01	2.99	-10.73		386	70	2049
1147010	-63.02	2.98	-10.73		386	71	2048
1147261	-63.02	2.98	-10.73		390	70	2046
1147413	-63.02	2.98	-10.73		389	70	2046
1147665	-63.03	2.98	-10.73		387	69	2048
1147815	-63.03	2.98	-10.73		388	71	2049
1153720	-63.12	2.98	-10.69		389	77	2045
1153972	-63.12	2.98	-10.68		392	76	2044
1154123	-63.12	2.98	-10.68		392	77	2044
1154375	-63.12	2.99	-10.68		393	79	2045
1154526	-63.12	2.99	-10.68		393	79	2044
1154779	-63.12	2.99	-10.68		394	77	2046
1155031	-63.12	2.99	-10.68		392	76	2045
1155181	-63.12	2.99	-10.68		392	76	2046
1155433	-63.12	2.99	-10.67		393	77	2047
1155585	-63.12	2.99	-10.67		392	77	2047
1155836	-63.12	2.99	-10.68		393	78	2044
1156088	-63.12	2.99	-10.68		391	78	2045
1156240	-63.12	2.99	-10.68		391	78	2046
1156492	-63.13	2.99	-10.67		393	78	2048
1156642	-63.13	2.99	-10.67		392	78	2049
1156894	-63.13	2.99	-10.67		392	78	2043
1157147	-63.13	2.99	-10.67		392	78	2044
1157298	-63.13	2.99	-10.67		391	78	2044
1157550	-63.13	2.99	-10.67		392	76	2045
1157701	-63.13	2.99	-10.67		392	76	2045
1157953	-63.13	2.99	-10.67		391	77	2049
1158205	-63.13	2.99	-10.67		390	79	2044
1158355	-63.13	2.99	-10.67		390	79	2045
1158608	-63.13	2.99	-10.67		390	78	2043
1158759	-63.13	2.99	-10.67		391	79	2043
1159011	-63.13	2.99	-10.67		390	78	2044
1159263	-63.13	2.99	-10.67		393	78	2045
1159414	-63.13	2.99	-10.67		393	78	2044
1159666	-63.14	3.00	-10.68		393	79	2046
1159818	-63.14	3.00	-10.68		394	79	2047
1160070	-63.13	2.99	-10.67		390	78	2050
1160322	-63.13	2.99	-10.67		391	78	2047
1160472	-63.13	2.99	-10.67		390	79	2046
1160724	-63.13	2.99	-10.68		391	79	2046
1160876	-63.13	2.99	-10.68		390	78	2044
1161127	-63.14	2.99	-10.68		390	79	2044
1161379	-63.14	2.99	-10.67		391	78	2044
1161531	-63.14	2.99	-10.67		392	78	2045
1161783	-63.15	3.00	-10.68		392	80	2048
1161933	-63.15	3.00	-10.68		393	80	2048
1162185	-63.14	2.99	-10.68		391	77	2045
1162438	-63.15	2.99	-10.68		391	77	2046
1162589	-63.15	2.99	-10.68		390	77	2047
1162841	-63.15	2.99	-10.68		391	77	2044
1162992	-63.15	2.99	-10.68		392	78	2046
1163244	-63.15	2.99	-10.68		391	77	2043
1163496	-63.15	2.99	-10.67		391	79	2045
1163646	-63.15	2.99	-10.67		391	80	2045
1163899	-63.15	2.99	-10.67		393	78	2044
1164050	-63.15	2.99	-10.67		393	77	2044
1164302	-63.15	2.99	-10.67		391	79	2047
1164554	-63.15	2.99	-10.68		392	80	2045
1164705	-63.15	2.99	-10.67		392	80	2045
1164957	-63.15	2.99	-10.67		391	79	2046
1165109	-63.15	2.99	-10.67		391	78	2045
1165361	-63.15	2.99	-10.67		391	78	2046
1165613	-63.15	2.99	-10.68		393	77	2047
1165763	-63.15	2.99	-10.68		393	77	2047
1166015	-63.16	2.98	-10.68		392	77	2045
1166167	-63.16	2.98	-10.68		391	77	2046
1166418	-63.16	2.99	-10.67		390	81	2044
1166670	-63.15	2.98	-10.67		392	78	2045
1166822	-63.16	2.98	-10.67		393	78	2045
1167074	-63.15	2.99	-10.67		393	81	2046
1167224	-63.15	2.99	-10.67		395	80	2045
1167476	-63.15	2.98	-10.67		393	78	2040
1167729	-63.16	2.99	-10.67		393	79	2043
1167880	-63.16	2.99	-10.67		393	79	2044
1168132	-63.15	2.99	-10.67		392	79	2044
1168283	-63.15	2.99	-10.67		392	78	2044
1168535	-63.16	2.98	-10.68		391	78	2045
1168888	-63.16	2.98	-10.68		394	79	2047
1169039	-63.16	2.98	-10.68		394	77	2046
1169291	-63.16	2.98	-10.68		392	77	2045
1169442	-63.16	2.98	-10.68		393	77	2044
1169694	-63.16	2.98	-10.68		395	78	2045
1169946	-63.16	2.98	-10.68		392	79	2049
1170097	-63.16	2.98	-10.68		392	78	2049
1170350	-63.17	2.98	-10.69		391	76	2049
1170500	-63.17	2.98	-10.69		392	77	2049
1170752	-63.17	2.98	-10.68		392	78	2044
1171004	-63.17	2.98	-10.68		392	77	2047
1171155	-63.17	2.98	-10.68		391	78	2047
1171407	-63.17	2.98	-10.68		392	77	2045
1171558	-63.17	2.98	-10.68		391	78	2045
1171811	-63.18	2.98	-10.68		392	80	2045
1172063	-63.18	2.98	-10.69		391	75	2046
1172213	-63.18	2.98	-10.69		392	74	2044
1172465	-63.18	2.98	-10.68		392	79	2047
1172617	-63.18	2.98	-10.68		393	78	2047
1172869	-63.20	2.98	-10.68		393	80	2044
1173121	-63.20	2.98	-10.69		392	78	2045
1173272	-63.20	2.98	-10.68		393	78	2046
1173524	-63.19	2.98	-10.69		393	78	2047
1173675	-63.19	2.98	-10.69		393	78	2046
1173926	-65.18	5.37	-13.57		2199	283	2291
1174181	-83.89	21.38	-36.30		-3513	2016	3831
1174439	-124.36	37.22	-49.45		-3248	5884	4418
1174697	-12.32	68.63	34.56		-3725	7535	8552
1174853	-3.79	67.56	40.06		-4028	7352	8702
1175109	-145.70	7.96	83.89		3288	-6658	10626
1175367	-161.72	-12.04	91.02		2574	-7714	12906
1175627	-142.16	-24.73	58.99		3399	-5892	8277
1175885	-98.29	-22.03	27.01		3712	-1782	5447
1176043	-97.58	-21.88	26.07		3593	-1779	5371
1176300	-70.53	-11.39	-0.89		829	-450	4298
1176555	-47.26	-3.98	3.32		1067	566	3766
1176708	-47.00	-3.95	3.46		1018	664	3801
1176961	-39.28	-19.38	-0.42		2174	-264	4162
1177218	-1.52	-36.18	-4.20		3434	210	4699
1177371	-0.13	-36.93	-4.44		5866	10631	-26391
1177629	29.16	-17.58	-9.96		767	338	3975
1177883	34.04	-15.93	-15.89		1306	-613	3878
1178039	34.30	-16.56	-16.30		1423	-554	3942
1178295	27.87	-19.77	-12.69		891	159	3437
1178448	28.46	-19.98	-12.44		883	283	3382
1178703	38.61	-21.50	-14.23		568	608	3978
1178856	38.10	-20.98	-14.02		762	442	3901
1179111	19.36	9.76	0.23		-2916	-45	3064
1179261	19.40	9.31	-0.12		-2812	-75	3090
1179514	29.35	-1.72	-11.92		107	-1151	3600
1179770	38.30	-15.27	-21.26		1029	-390	4258
1179926	38.12	-15.82	-21.70		1235	-437	4238
1180182	31.14	-0.51	-3.56		-1351	95	2279
1180335	31.31	-0.69	-3.64		-1319	72	2272
1180689	39.70	5.84	6.07		-2883	13	3551
1180838	39.59	6.45	6.42		-2975	-12	3438
1181090	42.93	-21.17	-17.27		1382	358	4088
1181245	-71.42	nan	32.73		31422	4189	-9042
1181500	33.30	-2.60	-0.64		-1396	377	2868
1181654	33.13	-2.72	-0.73		-1395	371	2882
1181907	32.63	-9.53	-3.10		-370	794	3429
1182060	32.46	-9.39	-2.97		-390	761	3408
1182313	32.89	-7.89	-5.20		-447	204	3156
1182566	36.57	-10.12	-5.93		-259	310	3293
1182720	36.69	-10.39	-5.97		-224	360	3278
1183075	38.83	3.52	-4.26		-1947	-513	3725
1183227	38.55	4.58	-4.06		-2030	-600	3746
1183482	10.67	29.39	-53.15		-16074	624	9010
1183738	-106.82	-4.00	63.98		4107	-3576	8105
1183996	-131.16	3.90	-32.12		-944	3073	6212
1184252	-117.44	-34.95	-48.49		-5670	-286	4958
1184513	-129.29	-32.06	-22.08		-3119	-1488	3519
1184774	-133.44	-10.26	-9.45		-368	-342	2544
1185032	-142.42	22.33	-1.82		2271	820	3977
1185186	-143.07	24.19	-1.80		2451	862	4157
1185441	6.70	15.18	-168.06		544	-2366	16362
1185597	3.81	11.42	-169.30		-118	-2324	16382
1185855	7.83	-18.40	15.83		-996	2127	4636
1186210	-60.92	18.76	-13.19		-1535	1358	4552
1186367	-73.77	nan	-43.64		18850	18594	-24762
1186625	-84.71	14.90	-11.83		-1079	2388	3853
1186883	-89.17	5.53	4.67		1903	995	4257
1187035	-89.05	5.31	4.93		1972	882	4270
1187287	-93.32	0.22	-1.89		697	258	3708
1187538	-100.76	-4.95	-6.89		127	-64	3806
1187692	-100.99	-5.34	-6.99		72	-76	3827
1187945	-88.44	-4.84	-6.02		165	-971	3949
1188199	-55.74	16.28	-0.13		-432	2733	4190
1188354	-54.84	16.89	-0.03		-8474	-20726	-22269
1188615	-29.40	25.28	0.63		-2055	2174	4460
1188870	-23.21	19.93	-0.20		-1416	1693	4205
1189127	-34.11	13.76	-5.47		-988	1020	3934
1189280	-34.33	13.55	-5.64		-961	953	3894
1189535	-51.79	-30.13	-44.35		-2688	-4997	7690
1189795	-57.26	-43.78	-33.14		-187	-5601	6281
1190053	-77.07	-36.85	-9.32		933	-3525	4852
1190209	-78.16	-36.53	-8.72		970	-3582	4725
1190466	-92.65	-19.15	-5.26		310	-1996	3553
1190722	-94.62	-16.52	-3.78		720	-1458	3683
1190878	-94.74	-16.46	-3.76		708	-1491	3660
1191135	-66.67	-23.11	11.21		2249	-533	3667
1191391	-37.80	-64.16	27.99		5807	1404	7633
1191547	-37.11	-65.71	28.60		5847	1557	7748
1191803	-37.03	-35.92	7.32		2433	106	4169
1191957	-38.39	-34.09	6.84		2193	111	3972
1192211	-46.53	43.94	-12.24		-5154	3743	6769
1192570	17.47	52.37	34.31		-5852	3171	7876
1192725	19.11	51.41	35.83		-5845	3131	7923
1192980	30.05	28.60	26.77		-3439	4347	5207
1193135	27.88	30.43	24.28		-3415	4150	5403
1193391	-135.87	-23.57	74.50		4609	-6766	14376
1193651	-128.58	15.47	-74.53		-6580	5303	11212
1193911	-117.42	-22.65	-74.98		-6838	2310	6986
1194171	-134.23	-27.57	-28.09		-3825	-848	4109
1194431	-135.71	-2.22	15.80		1058	-1726	4689
1194688	-129.00	8.07	64.48		4658	-3562	9054
1194844	12.38	nan	-27.06		2632	-6472	1767
1195098	-92.40	-54.12	21.71		1728	-3877	7077
1195356	-84.34	-18.40	-20.25		-2348	-1812	3753
1195616	-61.02	8.30	-22.49		-2953	845	4047
1195769	-59.93	8.43	-22.30		-2948	835	4035
1196025	-12.00	-36.92	-15.38		3072	-2583	5164
1196284	9.96	-48.51	-20.42		4311	-287	5922
1196439	9.24	-47.57	-20.11		4262	-312	5904
1196694	-26.95	14.14	0.91		-2915	2435	3154
1196849	-27.47	15.48	1.00		-3016	2594	3215
1197105	-8.49	-26.63	-19.23		2382	-1278	4620
1197362	13.04	-30.53	-49.08		2941	-4411	5325
1197518	13.21	-29.11	-48.29		3811	21985	-15538
1197778	4.51	18.28	-2.78		-3726	536	3331
1198031	7.49	-3.81	-6.29		-682	-67	3882
1198183	7.66	-5.68	-7.06		-358	-178	3913
1198436	2.63	-10.07	-6.21		-29	-36	3473
1198586	2.19	-8.84	-5.22		2528	-13390	19266
1198843	0.38	-7.27	-4.70		70	161	3068
1198992	1.01	-7.85	-5.03		174	146	3078
1199243	9.28	-6.53	-7.02		-446	-10	3445
1199393	9.29	-6.47	-6.93		-417	-3	3413
1199644	9.96	-3.75	-2.95		-1004	683	3299
1199898	10.28	-6.94	-7.10		-369	34	3279
1200049	10.29	-7.01	-7.18		-374	42	3299
1200301	-1.70	10.89	2.12		-2500	1268	3553
1200454	-1.81	11.53	2.51		12347	27738	-8530
1200710	-2.51	0.71	-3.17		-852	726	3824
1200862	-2.64	0.15	-3.47		-712	671	3751
1201114	-1.00	-3.68	-3.23		-743	647	3626
1201367	9.20	-14.42	-4.82		613	564	4144
1201518	9.90	-14.60	-4.84		587	594	4212
1201770	19.94	17.03	2.90		-4328	906	4099
1201922	10.41	-13.14	-1.54		24502	6253	-25475
1202181	-115.05	-22.53	100.13		-6281	-3908	17540
1202444	-123.44	-29.85	-91.49		-12082	5179	9190
1202705	-178.71	-59.15	-12.32		-6423	-1609	5737
1202966	-161.79	-16.25	-5.25		-1453	-1035	3470
1203225	-140.91	18.26	8.46		3037	143	3760
1203379	-140.12	19.48	9.28		3160	213	3838
1203634	-22.98	54.52	145.95		3532	853	14896
1203789	113.42	-6.76	-133.09		-2181	-15110	4766
1204151	70.36	-61.46	19.19		-1297	5854	7159
1204307	68.91	-58.68	20.21		-1362	5701	6917
1204563	27.70	5.07	51.81		-3995	4027	7211
1204717	26.83	5.39	52.78		11060	-19840	22402
1204975	26.50	13.45	77.85		-3633	5164	8826
1205230	17.39	17.38	64.35		-3025	4556	7311
1205385	17.30	17.39	63.81		-3032	4529	7231
1205641	11.67	16.58	46.79		-2424	3407	5146
1205795	11.46	16.55	46.50		-19950	13473	21927
1206054	4.57	16.02	36.23		-1897	2686	4155
1206308	-1.11	19.20	27.96		-2041	1764	3911
1206463	-1.31	19.40	27.64		-2071	1702	3895
1206719	0.55	18.73	20.08		-2440	796	3236
1206872	0.47	18.36	19.87		-2398	786	3220
1207124	-7.19	-3.23	16.85		516	257	2619
1207376	-9.56	-17.25	0.20		3145	-1555	4137
1207531	-9.59	-17.27	-1.47		3125	-1740	4258
1207788	-25.17	19.00	-58.36		-4911	-6648	8265
1208047	-30.30	23.93	-46.18		-3770	-4285	6414
1208305	-20.37	18.53	-28.95		-2187	-3217	5079
1208564	-0.19	13.92	-24.22		-302	-3628	4581
1208720	0.51	13.92	-24.12		-250	-3719	4621
1208975	-9.60	10.82	-22.32		-957	-2255	4530
1209131	51.33	nan	38.36		-21246	-19769	-945
1209387	-34.06	-0.09	-27.10		-900	-2623	4797
1209645	-46.31	-3.60	-32.65		-1959	-2526	4955
1209903	-57.72	-14.06	-31.84		-1609	-3414	4966
1210163	-73.78	-21.27	-26.85		-1559	-3329	4931
1210423	-92.18	-25.63	-20.41		-1831	-3184	5032
1210683	-99.29	-22.78	-14.61		-1387	-3071	4681
1210942	-92.54	-4.81	-12.19		-751	-592	4154
1211098	32.22	nan	20.12		20614	-22659	-31641
1211356	-55.60	24.68	-2.06		-962	3194	4368
1211611	-37.47	25.74	7.79		-817	3809	4298
1211764	-37.20	25.33	7.83		-745	3762	4273
1212018	-50.96	1.80	-4.03		418	258	4045
1212170	-51.72	1.20	-4.31		447	126	4051
1212422	-62.90	-6.46	-11.30		89	-1649	3990
1212778	-54.74	1.13	-6.86		7	-200	3761
1212928	-54.21	1.33	-6.54		19	-111	3764
1213179	-42.47	1.76	-0.60		657	209	3854
1213330	-41.94	1.77	-0.63		607	231	3853
1213583	-13.05	9.53	-0.12		-746	1285	3799
1213837	-20.57	18.15	-7.65		-1238	837	3941
1213991	-21.30	18.28	-8.08		-1274	740	3941
1214246	-34.22	21.20	-11.06		-1765	1070	3743
1214504	-38.97	13.02	-12.57		-991	332	3724
1214659	-39.09	12.42	-12.68		-956	266	3738
1214914	-45.31	1.42	-10.38		336	-848	3526
1215068	-45.34	1.42	-10.32		336	-845	3547
1215423	-40.21	6.55	-5.88		206	213	3483
1215574	-40.01	6.57	-5.81		214	219	3490
1215825	-25.54	6.14	-1.57		350	397	3467
1215977	-24.76	6.06	-1.35		366	433	3477
1216229	1.17	-11.59	-8.10		1840	521	3853
1216482	38.01	-26.34	-33.07		4583	154	5315
1216636	39.44	-26.26	-34.22		4632	186	5353
1216892	57.13	3.88	-24.36		1185	-987	4268
1217045	56.61	4.33	-22.61		975	-923	4223
1217299	62.78	12.18	31.83		-5307	1794	4528
1217554	43.71	14.74	5.82		-1886	279	4994
1217707	42.75	14.52	4.67		10350	26432	23838
1217964	49.71	5.67	-3.20		-1001	738	3358
1218115	50.34	5.18	-4.57		-811	613	3370
1218468	80.96	20.04	-37.87		2780	-2253	4893
1218624	81.32	20.66	-36.82		2604	-2367	4866
1218881	99.61	16.24	-5.74		-641	-1628	3238
1219237	96.25	4.65	-29.14		2119	352	3668
1219390	96.00	4.50	-29.76		2171	409	3685
1219643	97.73	-1.22	-20.88		868	1345	2685
1219897	100.44	4.58	-21.98		1096	401	2910
1220050	100.64	4.67	-22.09		1123	434	2910
1220304	98.89	3.65	-14.97		367	222	2728
1220456	98.84	3.51	-14.70		313	258	2727
1220708	99.30	3.68	-12.43		-229	356	2685
1220860	99.35	3.80	-12.49		-215	346	2685
1221113	99.53	6.18	-10.77		-355	-51	2620
1221266	99.47	6.18	-10.75		-364	-59	2618
1221519	99.07	5.50	-10.91		-309	22	2607
1221669	99.10	5.47	-10.92		-301	23	2606
1222023	103.54	5.23	-10.93		-216	209	3025
1222176	103.56	5.28	-10.62		-261	182	3038
1222430	96.40	9.49	22.76		-4695	-940	3662
1222685	86.21	17.73	34.43		-6122	-1275	4912
1222941	44.00	-12.51	-144.65		-3328	-104	20494
1223201	92.69	-51.52	152.11		-3089	-6826	18383
1223461	-104.49	-32.36	11.27		1153	-3650	6387
1223720	-95.80	-9.01	5.41		1011	-1900	3729
1223875	-96.79	-8.85	5.73		1007	-1886	3688
1224130	174.56	-14.28	30.58		-2372	-5008	6677
1224389	172.82	-13.58	27.01		-1813	-3584	5088
1224648	168.71	-10.18	16.46		-1628	-1922	4621
1224806	167.55	-0.82	3.19		23921	-18283	-18301
1225066	167.07	-4.64	6.69		-749	-897	4178
1225320	167.20	-3.91	4.83		-594	-643	4175
1225474	167.24	-3.91	4.83		-592	-635	4176
1225728	-175.52	4.19	12.53		-29	-1042	3900
1225882	-173.69	4.95	13.25		122	-1113	3900
1226137	-82.90	19.94	103.36		6053	2083	11107
1226395	127.22	-46.68	-154.48		1405	-1362	15715
1226656	-19.02	12.99	-83.46		-4594	-5686	8337
1226915	-59.26	41.53	-47.52		-5463	523	7119
1227071	-59.96	41.84	-46.28		-5302	600	7051
1227328	-67.41	23.01	-14.51		-1723	1044	4364
1227585	-56.40	10.40	-11.64		-1049	276	3839
1227741	-77.60	-6.83	-1.46		-27185	616	-4799
1227998	-9.71	2.55	2.56		668	943	3733
1228147	-9.44	2.47	2.79		682	1023	3740
1228398	-4.76	2.98	1.39		272	639	3984
1228547	-4.20	3.10	1.37		283	655	3983
1228796	8.01	10.36	-2.57		-690	-416	4020
1228949	69.90	nan	-32.18		16953	23179	-12188
1229206	1.29	9.79	-4.32		-333	92	3898
1229355	0.92	9.72	-4.49		-312	43	3885
1229604	-8.19	6.37	-14.51		67	-1131	3686
1229757	-8.38	6.30	-14.72		-12746	-5421	-4244
1230015	3.11	5.36	-20.69		268	-1687	3610
1230369	63.97	-9.59	-46.05		4148	-281	4893
1230524	65.86	-9.71	-47.30		4214	-242	5011
1230779	82.56	-3.26	-37.24		2853	725	4872
1230932	81.39	-3.25	-35.48		2658	566	4704
1231288	43.17	2.55	10.06		-1794	2148	3878
1231441	43.46	2.56	8.96		-1649	2017	3840
1231694	85.79	2.41	-42.24		3923	672	4196
1231948	90.12	11.13	-31.36		1743	-874	4242
1232102	90.31	11.08	-31.02		1715	-884	4190
1232358	90.47	5.56	-17.94		734	-29	2899
1232508	90.26	5.54	-17.69		708	-53	2888
1232761	94.96	4.81	-14.28		617	118	2362
1232912	94.90	4.89	-14.30		2370	3004	7659
1233167	92.28	5.91	-15.02		225	-5	2870
1233316	92.34	5.83	-14.80		214	0	2857
1233566	94.10	4.52	-13.33		-76	115	2715
1233717	94.19	4.56	-13.43		-69	116	2723
1233969	98.46	5.63	-9.76		-561	-16	3280
1234120	98.45	5.67	-9.20		12733	-20460	7679
1234376	86.75	5.63	30.44		-4862	-170	4094
1234530	-39.39	nan	-71.42		13979	23539	14608
1234788	36.62	-80.72	-56.43		5337	-3972	11929
1235047	-47.84	16.88	20.73		2123	3652	7003
1235302	-80.15	40.01	-43.74		-5698	2714	4949
1235459	23.73	nan	-42.84		-25811	25243	-4401
1235717	-62.37	14.28	-14.55		-540	325	2944
1235972	-60.08	7.59	-7.25		463	122	2881
1236122	-59.94	7.50	-7.03		489	141	2884
1236374	-58.31	2.25	-3.59		1203	-282	2905
1236629	-57.40	-2.94	0.96		2092	-689	3070
1236782	-57.21	-3.16	1.28		2166	-702	3099
1237037	-40.88	-3.15	25.07		2591	1689	4016
1237292	-19.31	-3.20	45.92		3262	5222	6795
1237548	-19.11	-2.94	64.92		3093	6306	8732
1237701	-19.70	-3.14	65.76		3115	6376	8718
1237957	-43.87	-2.21	73.51		4849	3376	8709
1238112	-43.88	-1.99	72.97		4813	3369	8612
1238367	-43.84	4.71	52.69		3412	3142	5677
1238520	-43.97	4.83	52.34		3387	3129	5625
1238876	-47.72	2.58	35.24		2324	1499	4021
1239029	-47.65	2.50	34.84		2303	1464	3993
1239385	-45.46	-0.89	23.63		1531	340	3335
1239538	-45.51	-0.83	23.61		1524	338	3330
1239792	-46.03	2.96	22.36		1072	611	3201
1240045	-44.07	1.86	15.40		430	-139	2934
1240198	-43.86	1.81	15.08		424	-172	2933
1240451	-20.55	3.32	-29.49		-1746	-4690	5095
1240709	-58.21	6.55	-83.41		-5934	-4273	11473
1240967	-67.33	6.20	-99.53		-5924	-3724	11464
1241226	-65.78	4.98	-79.46		-5639	-3454	9079
1241484	-34.16	10.53	-54.21		-2780	-4815	6334
1241742	5.23	4.44	-26.71		556	-113	5211
1241893	5.86	3.85	-26.72		837	-64	5186
1242144	7.63	-8.76	-35.15		2731	-2180	5058
1242399	-6.60	-5.28	-29.83		-56	-3100	4692
1242554	-7.64	-5.49	-29.31		-140	-3145	4617
1242810	-14.39	-11.49	-8.52		1551	547	3878
1242964	-14.58	-11.57	-8.72		1628	559	3989
1243219	-24.16	7.34	-26.18		-1666	-1995	3868
1243579	-12.30	15.92	-18.37		-2017	-798	2848
1243736	70.75	13.99	-5.67		15252	-16474	-21071
1243996	35.41	-30.26	-23.15		4040	1414	5365
1244252	68.61	-29.83	-57.43		6013	583	6761
1244508	69.82	-1.57	-40.64		2931	-334	3161
1244661	69.43	-0.45	-40.00		2890	-508	3084
1244917	73.59	22.72	-16.49		-139	-3168	2909
1245073	73.94	22.72	-16.28		-9463	31701	23713
1245332	82.41	18.42	-5.36		-1579	-2201	3317
1245588	80.87	6.50	1.46		-2142	-204	2934
1245741	80.94	6.22	1.35		-2136	-158	2926
1245993	84.46	8.95	-5.40		-1205	-674	2885
1246147	84.53	9.09	-5.47		-1204	-698	2886
1246401	91.46	8.08	-12.32		-295	-474	2888
1246655	96.10	7.38	-10.17		-363	-375	3365
1246809	96.24	7.38	-9.64		-370	-416	3365
1247062	96.94	16.23	22.53		-4725	-1070	3499
1247217	96.86	16.77	23.22		-4789	-1129	3531
1247474	43.91	-9.12	-123.40		-717	-3899	17605
1247733	78.80	-47.76	169.20		-2899	-6355	17228
1247993	175.94	-52.31	47.81		-2910	-4026	9547
1248252	172.61	-28.54	35.25		-2548	-5061	6684
1248512	-178.48	-24.13	19.68		-2308	-3118	5104
1248771	-178.05	-20.45	13.26		-1824	-2550	4368
1249031	168.95	-19.74	10.26		-1847	-1775	4355
1249290	172.43	-22.87	9.04		-2325	-1043	4876
1249649	-164.45	-18.54	8.02		-1203	-1829	3913
1249907	-120.55	-3.94	-5.94		-478	-137	4854
1250063	-118.79	-2.97	-6.99		-637	169	4853
1250318	-74.35	31.66	-34.03		-4636	2542	5422
1250475	124.54	-11.83	-28.55		-4455	5359	-8723
1250735	-32.90	29.62	-10.33		-2176	2573	4394
1250993	-44.46	4.05	-23.54		-1662	-1907	5083
1251250	-60.24	-5.40	-20.17		-1158	-1895	4135
1251509	-50.90	-2.46	-8.37		567	-758	4286
1251662	-50.41	-2.12	-7.97		-3761	-32195	19226
1251921	-24.16	10.90	3.50		-265	2415	3828
1252176	-31.19	11.44	-3.19		-565	1026	3606
1252330	-31.72	11.38	-3.43		-573	981	3601
1252585	-13.34	8.29	-13.72		-1068	-410	3678
1252741	-12.14	7.91	-14.27		-14801	-15523	7161
1253000	43.53	-25.24	-68.98		4560	-3533	6688
1253258	96.78	-31.07	-107.30		5852	747	11009
1253516	134.38	-28.31	-130.41		5046	2821	13442
1253776	-179.12	-29.64	-142.24		1994	6252	14651
1254037	-156.11	-28.24	-134.81		-780	7269	13945
1254298	-163.64	-38.93	-121.58		-721	8188	12081
1254661	131.57	-50.06	-74.88		3319	7101	7463
1254817	129.37	-49.67	-73.31		-29598	-2586	-453
1255078	83.74	-29.52	-41.77		4679	3197	3324
1255334	6.78	0.14	-33.76		-960	-2054	1078
1255589	-36.63	10.96	-34.30		-4299	-2083	2404
1255847	-45.23	-4.70	-36.03		-2740	-4060	2311
1256005	-0.83	8.56	-45.18		14411	26647	-8043
1256263	-28.47	-8.71	-28.67		-819	-3557	1013
1256520	-27.06	-8.29	-26.84		-480	-3137	1097
1256778	-25.73	-6.22	-21.36		-116	-2646	723
1256934	-25.38	-6.13	-21.30		17225	4679	-23255
1257193	-23.96	-3.29	-16.97		-289	-2036	483
1257450	-20.86	-1.41	-15.82		-463	-1510	544
1257706	-13.40	2.80	-13.18		-118	-1884	926
1257861	-12.65	3.12	-12.91		-172	-1855	987
1258116	49.75	4.70	17.39		-4006	3158	1016
1258269	52.93	4.34	18.02		-3851	3221	1002
1258524	54.20	25.34	53.03		-8997	2549	6137
1258679	53.90	25.84	54.23		-9002	2665	6337
1258934	13.66	41.92	65.97		-2947	8071	9655
1259088	11.46	42.51	65.05		-2725	8100	9631
1259344	21.58	19.75	20.76		-4486	3832	3860
1259499	22.46	18.99	19.69		-4413	3766	3816
1259754	54.78	16.30	-19.00		-1157	-2096	2973
1260012	45.14	36.38	-0.40		-5890	-1984	4582
1260168	44.11	36.48	0.39		-6060	-1834	4598
1260424	-20.94	2.87	-6.55		-1675	-994	1959
1260577	-21.33	2.43	-6.26		-7816	-22682	5865
1260835	-3.75	-4.76	-1.78		365	578	1876
1260986	-2.60	-4.77	-1.86		378	522	1870
1261238	59.50	-2.21	-28.22		1007	-167	3243
1261494	58.28	14.40	-17.37		-928	-2416	3156
1261750	54.48	11.24	-7.22		-2012	-916	2654
1261904	54.61	11.03	-7.24		-1970	-873	2664
1262159	58.00	7.25	-14.81		-600	-1065	2746
1262314	58.04	7.25	-14.80		-599	-1064	2749
1262570	60.62	4.64	-10.49		-911	-537	2632
1262723	60.70	4.54	-10.46		-908	-522	2626
1262978	66.89	2.15	-15.18		-119	-400	2772
1263130	67.04	2.15	-15.31		-86	-409	2783
1263383	72.17	8.82	2.17		-2547	-464	3053
1263637	80.12	19.65	22.08		-4928	-1774	4107
1263793	80.70	20.00	22.77		-7728	-27862	20108
1264052	48.51	-22.44	-164.38		-3171	-4442	22327
1264313	101.05	-30.48	119.21		-4345	-4180	16132
1264675	159.18	-50.59	57.56		-4308	-4613	8646
1264933	176.44	-29.52	26.12		-1859	-3703	5249
1265294	179.12	-13.98	13.85		-753	-2110	4175
1265451	178.35	-0.28	179.97		27387	15311	-6434
1265711	-120.86	3.63	0.77		1037	746	4605
1265964	-83.03	25.83	-18.80		-2556	3655	5079
1266222	-61.19	31.18	-16.84		-2526	2717	4768
1266378	-60.90	31.06	-16.63		-2543	2671	4749
1266636	-55.73	16.88	-8.87		-1068	1663	4034
1266892	-72.09	1.23	-11.48		-581	102	3974
1267046	-72.68	0.54	-11.54		-574	37	3990
1267400	-88.44	-10.88	-7.83		-49	-1172	4040
1267555	-88.29	-10.45	-7.85		-62	-1154	4025
1267812	-71.70	9.84	-10.24		-328	1400	3900
1267966	-72.15	9.78	-10.24		15197	28197	7925
1268224	-124.99	-13.94	-3.31		-1060	-1283	4448
1268484	-157.95	-28.03	9.61		-2462	-3349	5200
1268743	-160.73	-24.52	9.04		-1743	-2805	4377
1269002	-139.87	-15.36	1.29		-11	-1631	4364
1269258	-121.64	-9.96	-13.07		-971	388	3652
1269413	-121.53	-9.79	-13.51		-1018	416	3651
1269670	-116.74	-3.79	-19.00		-953	673	3944
1269927	-112.14	-0.48	-20.14		-1188	328	3988
1270185	-89.41	16.91	-20.97		-1483	2459	4397
1270342	-88.72	17.58	-20.99		-1511	2517	4429
1270599	-48.44	36.11	-7.92		-2825	3656	4998
1270856	-43.51	25.98	-2.10		-1567	3044	4285
1271012	-19.34	nan	4.57		30555	-6238	30422
1271267	-46.41	1.20	-9.08		-27	-196	3537
1271418	-46.14	0.69	-9.14		5	-259	3535
1271669	-9.37	-32.67	-18.44		3219	-1135	5102
1271927	54.59	-52.16	-75.42		6056	-1539	7470
1272185	104.96	-42.72	-105.99		6685	1480	10738
1272445	131.12	-35.32	-111.32		5979	4025	10798
1272706	146.08	-40.48	-101.94		4372	6551	9693
1272965	129.78	-41.76	-78.54		4778	6058	7063
1273223	118.24	-35.35	-60.64		4310	5122	5020
1273481	108.67	-28.85	-52.28		4399	4333	3811
1273637	107.87	-28.55	-52.08		-6527	-5615	-5651
1273899	97.57	-20.85	-42.07		4182	2707	2537
1274155	90.98	-16.07	-33.83		3483	2087	1842
1274412	72.74	-11.40	-17.93		1391	665	990
1274565	72.67	-11.29	-17.13		1293	747	948
1274819	54.95	-2.26	6.66		-1623	1057	741
1274972	55.07	-2.51	7.07		-1642	1319	706
1275225	53.31	-7.04	6.48		-2040	2392	1174
1275479	50.10	1.49	1.10		-2435	744	1123
1275630	50.05	2.09	1.00		-2543	659	1151
1275882	45.52	28.64	11.44		-6037	-1594	3350
1276139	46.32	36.98	28.38		-7138	290	4266
1276293	45.85	36.95	28.53		-7203	534	4212
1276547	45.99	12.86	-20.06		-1584	-1440	2842
1276905	85.54	39.28	57.76		-9462	-1737	8254
1277061	86.02	38.97	58.89		-9432	-1650	8230
1277318	67.22	14.64	-6.05		-1615	-2353	4046
1277575	74.83	-3.23	-30.23		2248	-443	3555
1277728	74.49	-2.90	-29.47		2178	-449	3564
1277984	63.09	9.17	-5.46		-1985	-1134	2580
1278138	63.34	9.24	-5.68		-1945	-1158	2569
1278394	69.61	8.09	-13.26		-685	-1311	3055
1278548	69.64	8.06	-13.21		-676	-1294	3041
1278803	67.86	6.94	-12.71		-758	-1241	2786
1278958	67.88	6.90	-12.70		-756	-1232	2791
1279213	69.36	4.43	-13.46		-491	-868	2789
1279367	69.38	4.35	-13.47		-479	-855	2784
1279621	71.79	1.90	-12.89		-402	-523	2735
1279774	71.89	1.80	-12.92		-393	-506	2736
1280130	76.78	7.94	-2.71		-1862	-778	2888
1280283	76.72	8.44	-2.18		-1994	-828	2897
1280537	87.76	18.09	8.10		-5627	-2995	1946
1280792	86.09	-14.04	-139.38		1653	-1974	19469
1281052	80.55	-7.15	-154.41		4662	-1761	17037
1281311	59.36	-16.65	-136.46		4327	-4811	14391
1281571	44.41	-43.09	-125.51		4089	-6838	12461
1281831	6.60	-69.78	-96.76		2166	-8068	9875
1282088	-38.95	-72.56	-46.35		2476	-7774	7887
1282347	-60.08	-63.01	-25.42		2131	-7256	6315
1282606	-69.36	-54.05	-17.04		1874	-6596	5118
1282966	-73.61	-42.93	-12.42		1795	-5530	3965
1283224	-74.00	-41.51	-10.49		1746	-5070	3681
1283382	48.55	nan	-14.05		19445	-18617	-26734
1283641	-78.67	-31.71	-5.97		1952	-4134	3083
1283898	-80.67	-23.61	-6.56		1349	-2608	2158
1284156	-86.22	-31.20	-1.02		2139	-3939	3192
1284414	-85.75	-34.15	1.80		2737	-4740	3741
1284570	-85.29	-33.90	1.74		462	5980	-26659
1284826	-42.79	5.57	3.80		943	1625	3532
1284977	-40.88	7.24	4.18		690	1929	3583
1285229	45.34	54.92	3.11		-7022	-3077	5881
1285485	99.94	70.58	18.25		-3443	-6628	8352
1285741	157.61	44.00	76.95		-3418	-7064	10720
1286000	142.99	8.99	68.42		-5252	-5609	8743
1286156	143.17	8.78	67.46		-5164	-5566	8573
1286413	131.75	60.47	4.08		2847	-4737	7554
1286567	-146.29	-20.31	-15.99		8596	3179	-11146
1286829	128.87	15.27	14.19		-2520	-2346	3156
1286985	128.72	14.97	13.92		-2482	-2292	3101
1287243	111.56	45.14	-26.72		3496	-2850	5574
1287501	127.67	36.25	-10.46		2110	-1976	4444
1287758	128.43	-4.77	17.97		-4313	-602	3759
1287914	128.27	-6.27	18.62		-25440	5377	23846
1288173	134.14	-1.44	7.97		-2543	-307	4010
1288429	138.03	19.64	-7.47		1331	-259	4092
1288583	138.01	19.27	-7.12		-19460	26329	-5124
1288843	139.94	9.95	1.03		-781	-571	3403
1289097	140.00	15.62	0.15		48	-839	3502
1289247	139.95	15.67	0.22		49	-860	3507
1289500	143.67	15.06	-0.30		100	-673	3686
1289754	143.24	5.69	6.18		-1407	-287	3431
1289908	143.18	5.24	6.62		-1603	-230	3428
1290162	140.87	-4.67	25.89		-4557	-1174	3934
1290420	165.82	53.83	31.05		-10984	-706	10292
1290679	8.25	-59.36	143.37		-6970	4402	13795
1290936	130.34	-62.46	50.30		-5932	217	9991
1291193	164.31	-62.66	19.65		-6763	282	7435
1291348	166.16	-62.20	17.78		3704	-20641	-31492
1291711	-162.53	-40.39	-21.85		-4089	1166	5721
1291971	-167.59	-31.52	-17.16		-2989	1169	4809
1292231	-170.30	-24.88	-13.04		-2134	664	4380
1292489	-164.83	-18.11	-14.26		-1352	748	3954
1292647	-77.13	nan	63.97		3866	-9646	6000
1292902	-158.47	-12.54	-15.69		-927	1404	4025
1293160	-158.46	-12.65	-12.98		-768	747	3743
1293418	-157.99	-12.38	-9.85		-524	417	3533
1293574	-157.99	-12.38	-9.73		-516	403	3533
1293830	-160.35	-11.94	-5.21		-321	-162	3486
1294088	-160.46	-9.73	-3.04		311	-413	3462
1294241	-160.35	-9.71	-3.05		322	-432	3458
1294497	-65.75	-12.43	-9.39		-1358	-114	2903
1294653	-62.31	-13.25	-9.15		-17425	-16235	-9969
1294915	-35.92	-65.53	-1.34		5658	-2727	6024
1295072	-36.69	-64.99	-1.19		5563	-2777	5957
1295330	-79.37	-6.41	-13.11		-1339	799	3227
1295587	-107.75	9.62	-64.80		-5581	4672	7262
1295844	-140.36	27.00	-99.06		-4829	6126	11111
1296104	-92.33	70.02	-76.89		-6579	3919	10296
1296363	-23.69	61.36	-18.94		-6888	2006	7790
1296520	-23.86	60.15	-18.90		-6841	1929	7670
1296778	17.61	-8.43	-27.87		457	-1636	4711
1297033	40.19	-21.29	-50.23		3985	-2213	5913
1297189	50.61	nan	-56.64		5912	-6748	2511
1297443	47.58	22.61	-4.38		-3711	-2078	2982
1297599	59.86	13.71	-6.66		24260	6463	15759
1297856	55.87	10.03	-41.75		2059	-2944	4654
1298113	54.10	17.45	-18.46		-1269	-2750	3725
1298370	58.67	13.70	-10.46		-1794	-1659	2950
1298527	59.05	13.43	-10.91		1088	8405	-27686
1298785	59.46	10.16	-19.10		-244	-1916	3236
1299041	59.06	8.46	-15.13		-696	-1270	3012
1299195	59.14	8.31	-15.18		-675	-1243	3004
1299451	61.09	2.60	-16.82		-57	-773	2881
1299603	61.29	2.40	-16.75		-28	-719	2886
1299856	65.59	4.55	-6.06		-1291	-190	3357
1300111	64.90	17.53	14.64		-4583	-218	3781
1300264	49.06	nan	71.34		-15992	-18722	31119
1300523	18.08	-18.48	-85.63		-7943	-10486	15544
1300784	-148.02	-33.79	87.82		1602	-6848	11912
1301044	-135.81	11.27	9.69		3268	-904	6204
1301299	-120.50	6.48	-49.55		-4261	3174	5129
1301557	-112.69	-0.36	-43.49		-3839	1289	3963
1301816	-114.16	2.78	-15.42		-460	-27	2731
1301969	-114.13	3.12	-14.30		-306	-71	2711
1302225	-91.25	26.67	16.09		3275	1933	5429
1302380	-90.24	27.61	16.17		3188	2098	5611
1302636	-77.95	46.11	-11.35		-1237	4722	5274
1302893	-73.71	32.13	-19.67		-2298	2379	3881
1303050	-73.26	31.78	-19.13		-11758	29819	2882
1303310	-67.39	9.29	-10.77		172	57	3022
1303562	-67.54	4.89	-12.66		-18	-485	2825
1303715	-67.53	4.78	-12.65		-7	-524	2818
1303968	-67.76	6.51	-9.56		359	58	2812
1304118	-67.77	6.60	-9.49		2791	-13228	-8612
1304376	-80.80	7.87	-4.96		171	963	2759
1304526	-83.21	7.64	-4.57		190	878	2764
1304880	175.55	68.01	4.37		4317	-2987	6265
1305034	171.52	70.57	3.43		4662	-3192	6517
1305290	-106.00	-7.54	-175.00		-2189	1068	17989
1305551	-179.11	-85.90	-163.22		5844	3573	11895
1305812	-23.39	-34.50	-5.04		3816	-741	5303
1306068	-41.30	-10.41	-1.43		1975	-976	4005
1306224	-40.96	-9.89	-1.14		1964	-701	4003
1306480	-10.74	4.96	13.96		738	2882	3709
1306632	-10.23	5.30	14.20		685	2993	3713
1306886	-40.30	0.80	-11.91		-218	158	4333
1307140	-75.44	-19.32	-32.21		-2522	-3944	5110
1307400	-77.16	-14.86	-20.29		-724	-3083	4155
1307658	-60.15	4.78	-7.71		199	527	3716
1307809	-59.57	5.26	-7.36		210	621	3705
1308061	-64.10	7.83	-4.42		902	664	3297
1308213	-174.80	-9.72	-147.19		-4369	11342	27412
1308475	-73.12	-26.12	-10.75		842	-3910	4398
1308632	84.68	33.26	-6.76		4096	-21690	-1950
1308889	-82.01	-17.28	5.09		2060	-2062	4244
1309146	-73.15	-0.25	9.51		2026	689	4178
1309298	-72.85	0.17	9.62		2014	741	4185
1309550	-63.59	8.35	4.44		1110	1541	3882
1309803	-67.45	2.51	-8.80		-234	270	4187
1309956	-67.91	1.99	-9.19		-268	146	4177
1310209	-75.44	-0.54	-6.72		319	-72	3773
1310461	-80.87	-0.67	-7.69		187	-27	3762
1310613	-80.86	-0.81	-7.79		196	-45	3740
1310867	-96.75	-36.97	-21.84		-1956	-4235	5605
1311126	-106.06	-55.55	-25.57		-3788	-5361	6353
1311387	-105.43	-47.32	-18.33		-2121	-3967	5370
1311750	-117.94	-33.04	-9.39		-1212	-2666	3997
1312010	-126.28	-27.32	-7.11		-1069	-1916	3450
1312269	-140.34	-27.38	-8.76		-1768	-1599	3344
1312529	-142.56	-26.55	-8.78		-1612	-1496	3151
1312789	-141.56	-23.39	-8.79		-1335	-1165	2853
1313049	-138.49	-21.08	-6.82		-767	-1180	2708
1313308	-140.52	-19.25	-4.78		-632	-1280	2517
1313566	-114.32	-10.82	-5.13		-210	-893	2826
1313723	-111.63	-10.38	-5.11		-8361	-10531	-9605
1313985	-45.46	-32.18	-20.63		290	-2996	2217
1314142	-43.17	-33.09	-21.48		358	-3060	2266
1314400	67.57	-68.72	-54.35		7250	2863	7128
1314656	51.99	-73.61	-34.85		7004	3003	6762
1314811	49.74	nan	-49.40		-24172	22105	17157
1315069	15.35	-42.69	6.48		4129	3809	2963
1315323	-8.87	-3.07	7.25		-706	2815	1884
1315476	-10.00	-1.36	7.35		-957	2839	1936
1315730	-19.70	50.21	30.99		-4103	7326	7030
1315987	-2.75	57.06	37.56		-5019	6222	8233
1316242	-18.12	57.95	23.32		-4500	5504	8109
1316398	-18.90	57.88	22.79		-4472	5485	8074
1316655	-40.90	40.94	24.52		-932	6025	6800
1317011	-88.93	19.22	28.53		3868	2156	5136
1317166	-89.12	18.96	28.34		3914	2213	5072
1317422	-75.16	18.13	11.25		1038	2569	4877
1317576	-74.80	18.30	10.80		985	2582	4845
1317830	-85.60	14.74	-0.43		-44	1741	4296
1317984	-85.97	14.37	-0.57		-44	1678	4275
1318238	-79.53	3.50	-3.04		47	211	4088
1318388	-79.41	3.33	-3.03		74	177	4109
1318639	-81.71	-1.97	-4.95		-17	-308	4223
1318792	-82.29	-2.14	-5.18		8	-395	4197
1319044	-55.51	4.24	-6.87		-646	225	4181
1319297	-40.33	6.76	-7.43		-960	250	3846
1319449	-39.92	6.56	-7.30		-607	-54	3889
1319702	-6.14	3.57	-1.49		-243	571	4034
1319853	-6.37	3.69	-1.76		-25598	27136	-17133
1320112	2.81	7.39	-8.41		-652	-835	3819
1320263	28.16	-66.16	-18.65		6866	1629	-5966
1320520	38.22	-1.12	-40.63		2447	-2392	5378
1320777	70.38	9.92	-55.88		5017	-1816	6058
1320931	-77.55	nan	-2.82		-17056	-15183	-16137
1321191	80.92	14.44	4.58		-2658	-1234	2765
1321447	81.62	14.04	-25.17		1386	-1539	4011
1321703	89.12	10.26	-35.62		3206	-414	4462
1321858	89.27	9.83	-34.25		3063	-364	4426
1322112	76.24	2.65	7.20		-2625	740	2985
1322263	76.24	2.90	7.10		-2606	720	3005
1322515	91.28	9.96	-24.16		1713	-135	3901
1322669	91.42	9.99	-24.57		14682	-21070	-19334
1322929	94.09	6.97	-7.32		-761	-253	3614
1323182	98.57	7.12	21.89		-4414	-600	3626
1323335	98.76	7.29	23.17		-4527	-649	3679
1323691	92.82	-58.67	-166.47		2417	-6966	13762
1323951	-89.29	-37.53	16.60		2948	-5181	8744
1324107	45.74	nan	-8.61		-2482	-15819	-31409
1324364	-95.33	12.86	-5.49		-140	609	2920
1324618	-146.76	3.61	25.00		1740	-976	5646
1324773	-147.51	3.18	26.90		1966	-1130	5827
1325030	152.61	-19.36	83.89		-4233	-5869	10116
1325290	135.69	-17.80	70.72		-4746	-3391	8523
1325549	137.41	-16.56	55.79		-4325	-2660	6555
1325807	138.65	-13.59	44.73		-3607	-1986	5404
1326066	139.85	-5.37	37.89		-2559	-2200	4649
1326223	139.77	-5.19	36.43		-23532	-21243	-10307
1326485	-169.26	6.32	34.18		1898	-2557	3311
1326641	-169.28	5.79	33.82		1770	-2557	3317
1326898	-168.18	-7.62	12.02		-1492	-69	2952
1327154	-118.88	-9.65	19.74		720	275	3008
1327307	-117.32	-10.96	21.02		949	266	3107
1327664	102.87	-8.48	178.30		-1181	-2352	17166
1327924	91.87	18.31	-113.60		6710	3103	14989
1328080	-110.78	11.75	-140.90		3658	-1049	3173
1328340	37.87	36.50	-27.16		-1808	-3799	6866
1328599	-12.32	33.06	-43.30		-3830	-5071	7461
1328858	-12.15	19.14	-38.15		-2126	-4279	5829
1329116	3.02	12.87	-26.57		-457	-2948	4865
1329372	20.89	12.01	-24.71		381	-2565	4575
1329526	21.14	12.08	-24.87		395	-2507	4606
1329781	11.70	4.38	-20.33		645	-1571	4380
1329935	11.35	3.90	-19.71		686	-1452	4317
1330189	-7.00	1.11	-5.78		469	-362	4006
1330339	-7.54	1.25	-5.68		433	-377	4006
1330591	-8.69	8.46	2.49		-470	-130	4321
1330743	-8.21	8.80	3.04		-547	-28	4330
1330994	46.03	-2.21	25.08		-1735	3687	4608
1331249	62.77	-0.10	19.48		-1674	1347	4755
1331403	62.48	0.09	19.25		-1646	1282	4711
1331658	68.34	-20.27	13.64		-132	4413	4204
1331813	69.10	-19.90	13.29		-129	4549	4135
1332068	-26.16	24.32	-129.19		-1131	-6839	19153
1332329	-80.95	-30.06	-22.69		-1051	-3786	7969
1332589	-84.62	27.39	-16.05		-1657	2838	4086
1332847	-86.38	18.67	-10.33		-1609	1626	3505
1333104	-82.19	24.18	31.22		1643	1672	5601
1333259	-82.00	24.96	33.91		1742	1784	5925
1333515	-142.26	-8.25	175.92		-1034	73	17973
1333671	114.11	77.32	-85.96		-12940	23117	21640
1334034	4.61	36.31	-21.38		-3426	-2744	5637
1334190	4.38	37.53	-19.67		-3580	-2635	5614
1334446	-6.12	23.93	1.63		-1991	1317	3796
1334599	-6.64	22.81	1.27		8185	-19314	16257
1334856	-22.62	-7.72	-14.22		1374	-2829	4154
1335114	-18.38	-10.47	-16.65		1567	-2903	4479
1335372	-17.30	-11.21	-9.59		1822	-1566	4101
1335731	-7.66	-11.27	-9.28		2029	-945	4263
1335885	-7.64	-11.27	-9.34		2023	-940	4247
1336140	-4.58	-12.87	-13.42		2162	-817	4148
1336296	-4.78	-13.00	-13.73		2174	-856	4169
1336553	-8.23	-21.76	-23.34		2081	-1910	4467
1336810	-34.55	-20.68	-19.16		938	-2491	4243
1337068	-44.86	-18.58	-8.51		1990	-1224	3943
1337225	-45.13	-18.32	-8.29		1984	-1185	3938
1337483	-50.14	-2.27	-1.08		415	210	3906
1337634	-49.80	-2.01	-0.88		-29816	24453	-16351
1337895	-39.13	4.99	0.20		130	1263	3816
1338147	-54.46	-2.92	-6.66		406	-366	3971
1338301	-55.76	-3.22	-6.91		401	-447	3989
1338656	-76.54	2.36	-5.20		228	435	3853
1338807	-76.21	2.89	-5.16		192	497	3857
1339059	-61.01	14.41	-11.26		-1194	1493	4374
1339317	-50.17	9.64	-10.77		-1194	478	4362
1339471	-49.74	9.21	-10.47		-1119	455	4333
1339726	-43.62	1.06	-4.76		250	100	3982
1339878	-43.84	1.15	-4.68		205	134	3981
1340130	-46.75	1.90	-2.63		610	969	3749
1340280	-47.52	1.73	-2.81		-20329	25481	17222
1340539	-40.20	-9.68	-11.30		694	-1070	3645
1340795	-11.00	-25.12	-13.23		2401	-344	4319
1341053	17.87	-34.67	-29.99		4209	-1331	5370
1341312	28.85	-21.80	-30.55		2147	-208	5072
1341467	28.77	-21.66	-31.08		2203	-255	5103
1341723	85.38	-30.81	-91.79		7961	-741	9197
1341980	121.33	-33.41	-109.65		7116	3474	10507
1342240	105.62	-33.93	-90.30		7390	2606	8357
1342397	104.74	-33.84	-89.18		26259	-19335	15949
1342659	66.40	-14.30	-43.66		4320	-999	2897
1342815	65.72	-13.78	-43.11		4255	-1108	2845
1343073	68.35	-14.64	-41.60		4216	-948	2695
1343330	80.67	-25.51	-49.97		5725	1224	3537
1343485	80.71	-25.79	-50.11		9066	23624	22615
1343745	52.22	-16.36	-28.73		3789	-621	1503
1344001	67.01	-14.94	1.53		-417	1909	781
1344153	68.13	-15.28	2.58		-647	2222	861
1344406	60.02	2.15	-18.77		1210	-1807	603
1344560	58.66	2.52	-19.15		1151	-1929	616
1344814	31.97	-3.42	-13.99		55	-402	671
1345065	17.59	-8.51	-1.84		484	1068	666
1345217	17.84	-8.76	-1.49		510	1152	666
1345469	31.09	-12.56	-6.72		1266	1315	684
1345623	71.92	5.87	-0.42		-50	-2701	-18083
1345878	25.31	-10.94	-9.64		1332	621	710
1346030	25.01	-10.90	-9.69		1321	563	719
1346383	27.21	-5.98	1.00		-18	2017	1137
1346535	27.48	-5.82	1.45		-49	1996	1202
1346787	52.70	11.09	58.89		-7654	5128	6848
1347043	73.39	25.27	70.24		-8850	1869	8901
1347197	74.54	25.74	69.79		-8925	1766	8872
1347452	68.41	23.01	1.80		-3241	-2088	3851
1347607	69.00	22.62	0.64		-3193	-2065	3792
1347863	90.46	20.22	25.26		-5374	-2166	4217
1348019	74.98	-9.71	82.55		-7506	-8630	144
1348274	85.51	16.11	21.13		-4440	-1435	4922
1348531	90.81	11.73	19.06		-4383	-1387	3713
1348686	90.43	11.63	18.20		-4325	-1383	3687
1348943	92.74	10.80	-15.93		591	-887	3694
1349096	92.76	11.17	-15.07		-28782	-18785	-18771
1349358	59.43	10.64	-4.31		-1120	-1666	3410
1349514	59.74	9.69	-4.49		-1021	-1668	3393
1349770	84.19	-23.75	-3.95		-754	3517	3958
1349924	84.66	-23.80	-3.69		-861	3466	3994
1350179	94.16	-15.73	-0.45		-1558	1732	3806
1350335	94.80	5.17	-9.92		7835	-22954	-21179
1350592	92.69	-7.52	-1.25		-1425	781	3553
1350847	88.27	-3.67	-1.57		-1288	848	3768
1351000	87.77	-3.32	-1.44		-1338	820	3795
1351255	63.00	14.87	-4.14		-2363	-1474	3228
1351511	85.30	13.20	-35.07		2850	-1744	4791
1351768	83.61	17.29	-41.25		2901	-2212	5080
1352025	86.94	15.42	-4.94		-1504	-1603	2957
1352180	86.55	15.45	-4.06		-1585	-1685	2962
1352436	82.68	9.49	-11.05		-219	-693	3798
1352590	82.93	9.28	-11.55		-138	-680	3843
1352844	91.76	15.00	12.34		-3521	-993	3905
1352998	92.45	15.39	13.62		-3688	-1033	3950
1353255	23.70	-14.56	-66.18		-207	-14924	12416
1353516	-10.62	-9.13	6.86		1090	-824	6646
1353668	-11.66	-6.20	7.87		882	-457	6810
1353922	-31.11	34.31	11.69		-1334	3551	4441
1354078	-31.28	33.58	11.45		-1336	3422	4421
1354334	-64.27	-2.11	10.10		1746	107	4364
1354487	-65.55	-2.88	10.12		-22843	-2284	-12997
1354748	-97.64	-18.45	5.97		1853	-3480	4569
1355005	-102.02	-14.93	4.68		721	-2574	4442
1355261	-103.74	-8.07	3.78		584	-1464	4216
1355416	-103.76	-7.82	3.73		9288	4114	19252
1355673	-104.44	-3.32	0.27		277	-803	4093
1355826	96.39	4.38	-0.25		24182	-20427	18337
1356084	-105.13	-0.85	-0.66		231	-472	4057
1356339	-104.76	0.03	-0.81		246	-342	4098
1356492	-104.77	0.04	-0.80		244	-342	4098
1356746	-103.88	0.24	-0.34		255	-383	4070
1356900	-103.87	0.25	-0.34		252	-380	4071
1357154	-100.08	0.05	-0.33		374	-391	4143
1357408	-45.06	-3.71	8.94		1328	921	4229
1357560	-43.23	-4.06	9.32		1445	987	4272
1357813	-38.62	0.32	7.10		695	752	4308
1358064	-43.27	5.60	-1.00		-470	343	4048
1358217	-42.79	5.71	-1.35		-477	300	4049
1358470	25.23	4.52	3.60		-1151	924	4454
1358620	27.45	4.54	4.01		-1252	1040	4408
1358874	88.15	49.69	18.63		-3639	-1635	8200
1359030	87.97	52.54	16.60		-3629	-2037	8630
1359287	-8.03	-29.63	-30.07		4650	-3751	6752
1359544	-4.94	41.58	8.08		-4034	1882	6013
1359697	-4.36	42.78	8.72		-4223	1856	5936
1359951	6.34	40.68	13.72		-3793	1478	4181
1360105	6.30	39.92	13.42		-3719	1441	4105
1360360	2.70	-28.19	17.30		2904	828	5566
1360613	-102.25	-43.81	144.77		2549	1752	15588
1360873	176.09	32.75	-144.68		-6308	4928	14582
1361133	149.25	23.42	-3.65		-1022	-258	4084
1361390	79.64	12.40	28.30		-4016	102	5109
1361544	78.11	12.47	28.26		-3933	180	5098
1361899	18.44	15.33	-4.17		-952	-1551	4125
