430999	-179.15	-0.94	-31.61		-2669	-3367	4780
431258	177.30	-5.19	-37.10		-2600	-2298	5233
431515	179.32	-0.43	-42.22		-2373	-2077	5620
431773	-166.23	14.62	-44.14		-1578	-1166	5637
431931	-31.68	nan	160.86		-6093	-9758	21815
432187	-151.07	25.78	-24.06		-369	-2458	5094
432445	-145.83	17.37	-14.89		-1058	-3371	4607
432703	-136.90	6.59	-3.57		-1881	-5597	4540
432859	-129.96	6.72	-1.03		1290	1601	-26967
433116	-109.59	29.71	-11.48		-2293	-1637	5101
433375	-95.79	24.70	-10.03		-2975	-962	4439
433631	-68.82	-22.87	-7.63		-2439	-7105	3861
433787	77.01	nan	-52.43		30539	-5955	25130
434042	-54.51	-0.33	-0.87		-3895	-3322	3258
434299	-53.17	39.58	23.54		-3720	1264	6224
434454	-53.57	40.32	24.09		-3650	1321	6303
434709	-62.70	23.06	18.97		-2309	-576	5023
434864	-62.79	21.18	18.64		-2306	-795	4939
435120	-19.51	-43.94	-0.68		1462	-5915	4091
435274	-18.95	-43.58	-0.58		-15098	-26622	-20972
435536	-66.33	41.79	29.65		-2119	1481	6608
435691	-66.26	43.69	30.80		-1934	1562	6828
435947	-77.00	56.82	27.90		-432	1120	8144
436101	-77.42	55.44	27.05		-450	1077	7964
436456	-37.07	-40.42	6.88		1023	-6176	4506
436611	-36.27	-41.25	6.11		1040	-6347	4553
436866	1.75	-49.14	-22.34		1654	-7621	3655
437020	1.61	-48.78	-21.44		1610	-7208	3487
437275	-41.54	16.32	44.53		-1223	1471	6201
437430	-42.14	17.68	45.53		-1189	1537	6300
437686	-49.92	24.85	45.37		-449	264	7030
437838	-49.71	24.31	44.79		-513	177	6917
438091	-35.09	-1.69	22.30		-1638	-1700	4323
438347	-48.05	8.05	21.76		-1952	-1623	4160
438603	-48.70	6.27	21.44		-1714	-1784	4091
438757	-48.53	6.01	21.37		-1691	-1801	4088
439013	-48.84	4.55	17.17		-1844	-2259	4054
439168	-49.04	4.76	17.11		-1871	-2257	4062
439422	-77.27	18.63	9.74		-2000	-1240	3544
439577	-78.45	19.18	9.29		-2031	-1188	3518
439832	-79.10	-74.53	-10.70		-1632	-6544	13664
440092	95.15	19.96	147.99		-8377	-2085	19064
440350	62.64	35.08	104.48		-8473	-2169	16121
440507	-29.08	nan	0.66		17540	-22178	21350
440762	-23.13	31.25	38.06		-4732	-721	7037
441118	-55.96	35.74	8.82		-3950	-2089	6343
441273	-56.90	36.27	8.51		-4014	-2062	6397
441529	-82.47	58.80	2.45		-2558	-68	7724
441680	-82.33	58.97	2.77		-2464	-104	7737
441935	-77.01	41.37	16.75		-1020	-1478	6413
442191	-79.86	27.66	19.00		62	-2856	5397
442344	-88.59	50.15	-22.44		-18507	-14315	-7625
442706	-96.26	25.26	3.15		-1040	-3454	4770
442861	-96.54	25.21	2.92		-1034	-3437	4747
443116	-82.08	11.49	-2.81		-2064	-4771	3532
443272	-80.68	10.99	-2.57		-1971	-4914	3547
443528	-72.30	11.33	15.03		-1027	-3787	4695
443785	-90.35	10.91	20.00		783	-4512	5590
443938	-90.50	10.87	19.90		754	-4449	5557
444293	-71.32	9.96	23.66		355	-3000	5214
444445	-70.26	9.93	23.58		275	-2908	5218
444698	-44.02	18.61	15.89		-2437	-1735	5426
444955	-50.88	22.94	17.09		-3305	-1810	5334
445212	-24.05	28.78	31.56		-3661	-432	6256
445366	-23.40	29.23	31.93		-3781	-442	6274
445622	30.96	62.52	6.66		-8574	-6844	8361
445775	28.57	64.10	3.20		-8582	-7003	8565
446131	-172.05	-21.88	-152.45		-95	-62	17440
446287	-175.87	-25.31	-153.32		-8877	-13079	-22452
446552	-43.09	-75.43	-19.05		1676	-11568	8962
446811	78.73	-41.36	-86.25		4766	-6511	9292
446966	81.41	-39.56	-87.56		7111	-20266	27082
447225	149.15	16.33	-115.31		661	1938	12614
447481	167.94	29.08	-100.88		-717	3521	11055
447739	140.95	5.31	-73.38		2289	920	7315
447892	141.37	4.31	-73.49		2307	1005	7285
448247	-168.91	-48.56	-154.70		2205	-107	16176
448507	-129.31	-76.00	-171.27		358	2331	13855
448766	123.79	-49.94	-34.58		-2362	3548	6709
448923	122.13	-49.04	-33.41		-26006	-6987	22873
449184	8.59	-69.79	57.59		-743	3377	10270
449438	7.70	-64.29	49.19		984	2033	9349
449590	10.49	-63.89	46.95		836	2110	9230
449843	76.22	-26.62	-9.26		-1239	-1243	4466
450100	66.77	-31.95	2.05		-2256	-148	5135
450354	52.36	-37.46	18.28		-2440	1182	5671
450508	51.65	-37.51	19.22		-2456	1242	5679
450763	16.94	-15.46	56.77		-3434	1715	6331
450918	17.38	-14.47	57.35		-3328	2092	5996
451174	-106.44	-26.90	75.13		1069	-8352	14494
451433	-130.92	35.99	-71.53		-11412	367	6814
451590	-29.54	nan	5.20		4926	4263	31296
451842	-124.94	-23.17	-36.93		-9919	-7530	5566
452102	-145.37	-17.34	14.93		-3393	-7992	5435
452360	101.88	-40.22	64.25		-10973	-5662	11190
452620	46.36	-49.27	97.35		-8430	-1645	11883
452776	45.24	-49.44	97.35		-26191	-6479	10751
453036	48.80	-49.35	61.87		-5042	-254	8403
453292	67.80	-44.16	36.33		-4058	-1192	6535
453548	69.38	-39.86	26.31		-3363	-1344	5430
453703	69.44	-39.70	25.95		-3302	-1387	5421
453960	74.50	-35.11	13.51		-2116	-2133	4703
454318	74.71	-34.85	9.05		-1536	-2187	4633
454472	74.78	-34.83	8.93		-1514	-2189	4630
454727	85.02	-4.32	-5.79		-494	-5434	5371
454881	84.32	-2.00	-6.28		-508	-5755	5388
455236	65.88	38.97	-21.92		-77	-11984	5421
455391	66.84	38.10	-21.37		-56	-11881	5305
455646	76.17	-22.87	39.27		-6046	-1968	4414
455801	76.42	-23.78	41.93		-717	12874	18935
456058	21.05	59.49	-167.71		2979	-755	15881
456315	50.91	31.95	-8.97		-4629	-7957	3932
456469	46.69	30.35	-7.49		-5241	-7864	3794
456725	-30.34	-35.92	28.71		4469	-6221	4828
456881	-78.12	44.06	-0.60		-4087	-6451	-3060
457139	-21.76	-16.60	-20.08		-3482	-11385	6155
457398	-9.85	-1.07	-19.10		-3358	-9761	4728
457655	6.12	-2.09	-14.93		-2275	-8766	4776
457808	6.42	-2.41	-14.80		-4632	-25510	-12542
458067	29.62	-13.19	-6.33		-496	-6225	4662
458322	31.24	-17.20	2.82		-791	-4842	4836
458476	31.70	-17.42	3.09		-803	-4803	4845
458731	39.66	-18.69	12.54		-1599	-3328	4987
458887	39.64	-18.72	12.72		-1612	-3321	4994
459143	39.79	-23.83	16.93		-1490	-2473	5420
459400	35.70	-22.26	17.15		-1565	-2839	5279
459555	35.60	-22.17	17.17		-1588	-2880	5278
459811	38.65	-22.64	16.46		-1312	-2691	5231
460068	37.73	-14.08	12.28		-1448	-3629	4671
460224	37.68	-13.46	12.13		-1484	-3649	4675
460480	59.33	17.65	-16.60		-1750	-7058	4101
460737	71.71	23.01	-24.33		-255	-8010	4375
460892	72.04	22.41	-23.87		-219	-7946	4387
461147	78.04	2.66	-10.42		-1701	-4561	2975
461301	78.82	2.46	-10.26		-1774	-4422	3064
461557	103.92	40.08	-37.20		2953	-11216	2655
461916	165.27	38.38	-29.27		780	-1338	3717
462070	166.05	38.90	-27.45		809	-1636	3601
462325	143.95	36.22	39.68		-4719	-12208	4049
462583	149.79	37.85	27.42		-2953	-11943	3628
462740	149.17	37.85	25.66		-2803	-11893	3564
462998	165.87	14.21	-58.61		-1247	2068	5180
463255	158.12	4.89	-63.56		-1390	2120	5617
463410	157.35	4.91	-63.00		-1449	2058	5606
463665	167.51	30.64	-13.09		476	-4241	2382
463819	161.63	nan	-0.32		-1553	-30895	9057
464074	142.45	34.61	9.74		-1855	-10553	2710
464331	170.68	24.37	-39.38		-450	-1303	3285
464487	171.24	23.42	-41.45		-621	-961	3323
464743	-164.24	-52.41	-101.79		-5942	2699	13195
465004	-146.28	-78.00	-113.44		-5268	1931	14235
465264	45.02	-79.87	44.13		-3934	2164	11344
465521	54.26	-60.34	35.66		-3907	906	9438
465675	55.07	-59.90	35.20		-3910	878	9377
465929	68.08	-48.63	32.50		-4690	284	8204
466082	68.22	-48.28	32.64		-4728	250	8172
466438	105.97	-21.98	11.71		-6383	-3048	4826
466594	107.85	-20.74	10.24		-7095	29627	-30056
466854	142.81	76.93	-43.77		3971	-4546	8566
467111	74.62	65.33	-140.94		1978	-935	12133
467368	96.10	58.20	-138.71		906	1274	12422
467523	96.71	58.68	-138.17		921	1326	12353
467778	-136.05	71.78	0.25		1797	-33	6420
467931	-135.18	70.69	1.79		1846	-173	6283
468186	-141.30	44.45	9.15		1367	-4231	3200
468339	-142.06	44.37	8.85		1320	-4152	3216
468595	-130.58	51.56	10.09		1355	-2252	3769
468751	-130.61	51.65	10.14		8457	11381	21030
469009	-134.95	46.96	5.55		919	-2389	3177
469263	-132.45	45.08	3.98		642	-2245	2907
469416	-132.48	45.00	3.89		616	-2242	2886
469671	-129.56	41.86	3.51		177	-2316	2557
469925	-128.52	40.95	2.52		-141	-2304	2472
470080	-62.79	nan	-33.59		-24826	12448	-15082
470338	-129.09	41.36	-0.67		-422	-1865	2494
470595	-128.63	40.80	-1.32		-372	-1990	2434
470851	-129.21	40.27	-2.89		-665	-1716	2404
471007	-129.20	40.23	-2.90		-658	-1728	2400
471264	-130.00	39.61	-4.78		-967	-1649	2365
471520	-130.20	39.41	-5.45		-864	-1849	2349
471675	-130.25	39.40	-5.54		-871	-1854	2347
471932	-147.37	38.42	-5.67		163	-3164	1908
472087	-173.59	26.93	-138.69		22061	-20498	-371
472449	162.55	-22.90	-88.49		-1749	3401	11292
472708	167.46	-64.27	-67.48		-4991	2855	10598
472865	48.04	nan	-47.46		-32160	14400	4673
473120	129.89	-4.00	0.42		-3807	-3258	3395
473477	115.41	-42.19	-1.65		-6206	690	5148
473631	114.96	-42.78	-2.20		-6186	654	5231
473887	135.73	-15.93	-15.55		-3771	-1678	4173
474145	133.04	-20.76	-21.34		-3876	-572	4495
474302	132.09	-20.62	-21.41		1364	-27721	15142
474562	132.94	-10.40	-21.76		-2714	-1477	4467
474821	129.69	-17.52	-20.88		-2987	-1076	4854
475080	117.08	-30.13	-7.00		-4616	1321	2246
475336	2.61	-4.87	-159.70		-11642	-2397	16541
475595	-112.39	2.52	-47.01		-8907	-3951	7313
475853	-130.61	40.16	-126.38		-10168	-3828	12662
476115	-99.51	8.73	-96.27		-10478	-7288	10734
476374	-111.34	0.42	-72.08		-9841	-5506	8412
476632	-118.68	13.52	-52.53		-7558	-3803	6073
476991	-117.74	26.65	-25.52		-4072	-3445	4443
477250	-103.06	38.92	-2.35		-1911	-2907	4692
477407	-102.00	39.30	-1.23		-1800	-2861	4719
477665	-51.61	38.17	43.46		-425	-1535	6864
477920	-36.03	32.04	58.46		2	-736	7851
478070	-35.93	31.60	58.69		16	-725	7840
478322	-63.79	9.11	52.65		1988	-3700	6867
478475	-65.35	8.18	52.63		4085	-20586	6794
478731	-142.66	-29.28	91.97		-1585	-10358	11381
478992	61.83	-8.18	-142.49		-268	-6421	17997
479250	49.46	34.61	-29.35		-3463	-10879	5182
479507	77.54	-4.94	20.65		-6085	-4357	4318
479662	78.37	-6.10	20.95		-6017	-3919	4250
479918	102.99	32.95	16.05		-5526	-4538	5894
480073	102.11	37.24	15.05		-1063	23823	9572
480329	-66.72	-38.02	-45.75		-6838	-11484	9621
480589	-90.41	27.03	-5.24		-3966	-3530	4595
480846	-96.33	46.77	-12.86		-4225	-2093	5043
481205	-88.98	24.35	11.85		-1395	-4308	3960
481360	-89.03	23.40	12.62		-1328	-4439	3956
481616	-80.22	5.77	68.19		1941	-5215	8707
481770	-80.78	5.57	70.33		-2367	-25970	1823
482027	144.01	-24.44	-167.94		-2177	-5012	18035
482288	43.02	25.84	-52.44		-2642	-8409	8237
482544	23.87	44.66	36.60		-8486	-3116	7935
482699	-77.21	nan	-8.98		7465	3147	14107
482952	12.26	31.13	83.78		-3835	1367	9133
483105	11.36	30.62	83.36		-3704	1463	9081
483461	-24.64	0.22	41.55		452	-2495	4983
483613	-24.56	-0.23	41.20		514	-2492	4949
483867	-48.50	-6.91	14.48		-1528	-7308	4642
484123	-50.59	-5.28	20.05		-768	-7046	4728
484379	-29.94	4.87	31.47		-763	-3183	4882
484532	-29.44	4.99	31.66		-757	-3140	4888
484787	-32.20	6.45	21.76		-1345	-4378	4574
485042	-39.54	12.97	15.60		-1963	-4701	4496
485299	-38.81	26.58	15.32		-3706	-3104	4467
485454	-38.54	26.67	15.36		-3753	-3085	4494
485710	-38.88	14.35	24.78		-1004	-3697	4622
485967	-34.64	13.64	31.39		-765	-2834	5040
486122	-34.63	13.69	31.56		-762	-2808	5050
486377	-37.05	13.81	30.92		-807	-2933	4905
486532	-37.14	13.74	30.77		-811	-2962	4897
486787	-37.76	12.92	29.12		-821	-3243	4874
486941	-37.77	12.94	29.14		-824	-3268	4874
487196	-32.40	16.12	33.77		-901	-2265	5119
487351	-32.55	16.14	33.71		-911	-2282	5122
487607	-36.62	14.76	29.85		-933	-3045	4810
487761	-37.05	14.82	29.63		28341	-15863	8463
488018	-37.71	15.11	29.33		-1005	-3050	4772
488275	-37.65	14.46	30.23		-816	-3043	4808
488430	-37.75	14.49	30.19		28466	-16881	19249
488689	-36.23	13.80	30.94		-765	-2932	4861
488944	-36.16	12.96	30.15		-765	-3088	4819
489099	-36.17	12.94	30.13		12871	-15605	-4689
489357	-35.68	12.12	30.27		-661	-2973	4847
489613	-37.14	11.59	28.72		-728	-3352	4765
489767	-37.14	11.60	28.70		-733	-3350	4768
490022	-36.85	13.18	29.83		-803	-3109	4838
490177	-36.84	13.22	29.87		-24751	-10523	-2352
490437	-36.54	15.94	31.50		-894	-2800	4972
490692	-36.78	18.10	32.14		-1033	-2589	4938
490949	-37.58	17.14	31.02		-955	-2743	4820
491104	-37.64	17.05	30.94		-951	-2764	4811
491359	-39.85	14.79	27.65		-891	-3313	4641
491513	-39.85	14.78	27.59		-896	-3313	4637
491768	-40.90	13.80	27.66		-732	-3365	4652
491923	-40.91	13.80	27.66		-733	-3360	4654
492178	-39.59	13.76	28.60		-766	-3337	4790
492333	-39.51	13.78	28.68		-773	-3333	4798
492589	-39.96	13.27	29.59		-617	-3137	4886
492742	-40.01	13.26	29.48		-5948	15971	-26804
493001	-34.33	12.25	28.82		-851	-3255	4863
493256	-33.86	12.68	29.18		-801	-3029	4763
493411	-33.82	12.75	29.13		-814	-3021	4772
493667	-40.25	15.84	24.60		-1284	-3378	4611
494024	-42.80	16.59	24.71		-1146	-2976	4534
494180	-42.93	16.42	24.76		-1103	-2978	4539
494436	-44.03	15.66	26.49		-753	-3280	4675
494590	51.43	nan	-54.65		-5428	-23796	30282
494846	-41.20	15.02	26.35		-955	-3260	4679
495102	-39.17	14.22	28.40		-792	-3074	4827
495257	-38.93	14.21	28.49		-812	-3048	4828
495512	-19.82	5.59	33.47		-866	-2376	5054
495666	-19.13	5.09	33.35		-914	-2405	5013
496021	55.78	-17.11	-39.53		1186	-4837	5664
496177	57.59	-16.21	-41.25		1215	-4855	5764
496433	71.49	-5.26	-30.76		-6	-4435	4746
496585	70.75	-6.17	-28.90		-227	-4288	4647
496840	17.89	-23.71	62.47		-3580	1998	8596
496995	17.05	-22.99	64.13		-3525	1991	8766
497251	17.28	-22.10	50.62		-2556	1243	6935
497404	18.54	-22.59	48.30		-2544	1078	6764
497660	73.63	3.11	-32.02		312	-6211	3819
497813	74.80	3.40	-32.01		362	-6158	3796
498166	44.37	-22.90	29.16		-4228	-318	5351
498321	42.82	-23.76	30.89		-4130	-101	5495
498577	27.79	-29.92	47.74		-2716	234	7448
498731	28.66	-29.69	46.95		-2758	297	7347
499086	97.74	19.65	-25.81		586	-5618	3688
499239	97.38	20.76	-26.71		679	-5862	3700
499493	93.68	2.97	-11.71		-2472	-4370	3055
499748	92.59	-11.05	-13.69		-1866	-2506	3157
500006	96.08	-10.22	-17.61		-1395	-2612	3648
500264	96.46	-17.69	-15.86		-1801	-1589	3835
500421	96.47	-17.95	-15.81		29289	18534	-3657
500679	98.46	-23.95	-13.17		-2477	-850	4334
500936	97.25	-18.05	-15.19		-2041	-1800	3881
501194	94.91	-19.91	-16.78		-1650	-1495	4197
501451	90.13	-20.66	-19.18		-875	-1617	4310
501607	89.99	-20.63	-19.22		-878	-1648	4300
501864	91.10	-19.19	-19.76		-863	-1685	4225
502120	90.95	-18.54	-19.07		-930	-1758	4063
502276	90.91	-18.54	-19.01		-936	-1760	4059
502533	91.80	-18.14	-17.56		-1196	-1841	4001
502790	93.21	-19.84	-16.43		-1427	-1576	4499
502946	-91.33	nan	-42.96		-16110	-26982	4379
503204	82.70	-30.08	-0.24		-2667	-571	3797
503459	61.52	29.65	-23.32		-10814	9888	7067
503615	56.07	37.60	-34.58		-28332	3006	-5422
503873	52.21	-62.97	32.58		-4602	1513	10527
504130	63.52	-85.05	20.70		-4076	952	12886
504284	62.65	-86.06	22.11		20019	-20204	26655
504543	-170.08	-26.87	-76.21		-5648	-300	10041
504803	177.79	11.28	-57.05		-2946	-672	6841
505060	174.17	25.81	-21.07		-1146	-4809	4948
505317	-172.70	25.85	-6.54		-1699	-5811	4592
505575	-158.45	29.43	-5.02		-1093	-5136	4699
505732	-158.06	29.54	-5.05		26689	-26907	-421
505991	-151.01	29.56	-5.06		-1462	-4621	4719
506248	-152.81	29.92	-7.92		-1546	-4145	4787
506506	-154.26	28.30	-10.88		-1995	-3982	4814
506765	-154.87	28.52	-12.01		-1962	-3831	4904
507024	-155.48	29.18	-13.91		-1996	-3599	4972
507282	-155.49	29.91	-16.76		-2118	-3235	5115
507642	-155.28	31.40	-18.07		-2072	-3052	5209
507901	-154.41	31.99	-17.69		-1980	-3026	5227
508058	27.63	nan	51.34		31417	-20127	17604
508314	-152.89	31.06	-17.06		-2162	-3148	5171
508573	-152.57	31.40	-16.70		-2082	-3140	5173
508831	-152.08	31.47	-16.59		-2124	-3062	5096
509090	-148.89	29.46	-13.37		-2220	-3433	4832
509349	-144.54	26.29	-8.35		-2374	-4073	4586
509506	-144.27	26.21	-8.21		26739	30411	9120
509764	-133.64	24.90	3.40		-1789	-4504	4846
510020	-126.24	20.71	12.09		-1484	-5131	4608
510278	-107.87	16.06	19.46		-1486	-5182	4969
510435	-116.48	-8.89	98.48		18441	-8781	7945
510693	-100.89	12.95	25.98		-1308	-5168	4718
510950	-115.40	5.62	41.53		-41	-7082	5444
511104	-116.45	5.17	42.21		18149	1906	7389
511358	-149.57	-5.98	69.57		-335	-11755	7313
511617	-145.87	-9.53	79.07		1380	-11590	7430
511975	-149.17	-14.98	94.97		1487	-13145	9311
512234	-163.38	-15.54	87.73		-775	-13861	8338
512392	76.28	nan	-37.39		23229	-29332	-19199
512650	-149.84	-6.90	65.12		572	-12919	5265
512906	-144.84	1.50	53.73		1898	-11767	3427
513163	-138.17	8.58	31.50		828	-9297	1962
513315	-138.46	9.01	30.47		785	-9103	1867
513570	156.73	6.34	-1.81		-1112	-6442	897
513824	65.35	-18.05	-16.89		1155	-4671	1727
514182	63.85	-31.39	-11.30		1798	-2568	1893
514337	64.55	-31.26	-11.01		1702	-2489	1866
514594	99.50	-16.13	-6.77		-1934	-3378	1156
514850	103.65	-12.29	-0.56		-2875	-5122	547
515006	103.12	-12.63	-0.27		-2989	-5274	493
515263	15.84	-36.47	22.68		804	-880	2979
515415	15.73	-36.62	23.25		806	-793	3028
515769	12.89	-53.27	22.97		3533	-968	5214
515922	14.12	-53.93	22.36		3577	-939	5276
516278	-1.21	-34.94	36.06		1478	-689	4095
516431	-1.95	-33.98	36.50		1455	-666	4075
516685	13.25	-7.19	24.90		-2055	-1704	1243
516941	10.82	-15.30	23.60		-1332	-2689	2106
517197	-5.63	-19.09	35.17		605	-1013	2266
517351	-6.09	-18.81	35.41		545	-964	2357
517604	-14.47	-8.26	26.50		-517	-1725	1885
517859	65.90	11.88	-2.56		-957	-7625	1123
518012	-60.50	nan	55.52		19182	-14322	-2035
518268	72.51	-3.33	2.29		-3226	-8751	1353
518422	71.70	11.20	16.82		28628	23170	-25218
518680	-49.28	-44.95	62.38		6612	-1887	7584
518936	10.98	-20.81	16.67		1110	-2152	2376
519091	44.87	nan	47.80		24046	11280	-13027
519346	58.46	8.72	-8.14		-2672	-10068	1204
519500	2.14	nan	-3.88		14175	-3589	-3270
519753	-2.93	-48.23	37.94		3377	383	5297
519906	-4.83	-48.82	38.94		3474	360	5416
520159	64.36	-55.84	-4.13		2468	526	5370
520413	107.41	-27.76	-17.62		-672	-1483	2407
520569	173.77	-24.20	13.69		-15918	-11948	-27417
520832	118.95	-8.70	-13.42		-1265	-3871	1481
520988	-119.57	-8.28	18.41		21762	8409	-24138
521246	105.91	-1.68	-17.94		783	-5928	1285
521502	101.81	2.93	-19.84		682	-7064	1668
521655	101.61	3.01	-19.94		726	-7071	1684
521910	103.92	7.08	-32.61		3355	-6932	3074
522064	104.17	7.25	-32.96		3499	-6999	3152
522319	108.67	5.76	-34.42		2927	-6962	3304
522474	109.04	5.72	-34.33		2824	-6851	3300
522729	105.54	-2.16	-32.46		2580	-7596	3966
522885	-56.36	nan	13.55		32275	-6087	-20926
523142	112.78	-12.43	-28.77		1071	-4820	3679
523399	115.80	-16.66	-27.60		567	-4229	3725
523756	118.19	-20.62	-26.68		89	-3741	3834
523911	118.25	-20.71	-26.67		78	-3730	3836
524167	119.70	-23.41	-26.14		-246	-3423	3935
524525	120.56	-24.90	-25.87		-431	-3259	3995
524682	120.26	-25.02	-25.33		-18377	-27528	1643
525044	120.95	-26.15	-25.65		-571	-3139	4056
525201	120.94	-26.16	-25.64		-1737	8496	18380
525460	121.67	-26.73	-25.55		-663	-3062	4083
525717	121.85	-26.92	-25.54		-690	-3038	4093
525975	122.99	-27.04	-25.56		-760	-2966	4107
526232	120.02	-27.00	-25.49		-469	-2995	4049
526389	113.78	-29.34	-18.15		9672	4223	-4724
526647	124.04	-26.95	-25.70		-794	-2928	4098
526905	124.00	-26.85	-25.79		-773	-2935	4097
527162	123.96	-26.78	-25.86		-756	-2937	4097
527420	123.94	-26.72	-25.91		-746	-2940	4098
527577	123.94	-26.72	-25.91		-745	-2940	4099
527835	123.94	-26.66	-25.96		-733	-2946	4096
528092	123.93	-26.63	-25.98		-731	-2946	4095
528350	123.93	-26.61	-26.00		-723	-2946	4096
528506	133.56	43.53	-0.86		-7780	-1227	-21619
528765	123.93	-26.59	-26.02		-722	-2947	4094
529022	123.93	-26.58	-26.03		-717	-2948	4093
529281	123.94	-26.57	-26.03		-719	-2949	4098
529538	123.93	-26.56	-26.03		-717	-2949	4092
529897	123.93	-26.56	-26.03		-717	-2947	4094
530054	173.91	-18.99	177.37		11604	-438	-5882
530313	123.94	-26.56	-26.04		-713	-2948	4097
530570	123.94	-26.56	-26.04		-716	-2950	4096
530828	123.95	-26.55	-26.04		-716	-2950	4096
531085	123.95	-26.55	-26.04		-717	-2949	4094
531241	60.68	nan	-46.88		14223	-3247	12526
531497	123.95	-26.55	-26.05		-715	-2947	4095
531755	123.95	-26.55	-26.04		-714	-2949	4091
532013	123.96	-26.55	-26.05		-716	-2950	4092
532169	123.96	-26.55	-26.05		-716	-2950	4094
532426	123.96	-26.55	-26.05		-715	-2948	4094
532684	123.97	-26.54	-26.05		-713	-2947	4096
532942	123.96	-26.54	-26.05		-715	-2947	4094
533099	135.93	1.19	111.00		20349	7342	1199
533354	123.97	-26.54	-26.05		-715	-2949	4094
533612	123.97	-26.54	-26.05		-714	-2948	4093
533869	123.97	-26.53	-26.05		-713	-2949	4093
534026	123.97	-26.54	-26.05		-715	-2948	4093
534284	123.98	-26.53	-26.06		-712	-2948	4093
534542	123.99	-26.53	-26.07		-712	-2948	4093
534799	123.98	-26.53	-26.06		-715	-2947	4092
534956	115.82	-17.94	-27.98		12231	5477	-9945
535215	123.98	-26.53	-26.06		-714	-2947	4096
535473	123.98	-26.55	-26.06		-714	-2948	4094
535730	123.97	-26.56	-26.05		-716	-2945	4098
535988	123.97	-26.57	-26.06		-717	-2945	4097
536346	123.95	-26.58	-26.04		-715	-2945	4096
536503	173.94	-18.99	177.35		-20925	30144	-10920
536765	123.94	-26.59	-26.03		-719	-2944	4095
536922	123.94	-26.59	-26.03		11821	-15121	-27489
537185	123.92	-26.61	-26.03		-717	-2944	4095
537341	123.92	-26.60	-26.03		-717	-2944	4094
537598	123.90	-26.62	-26.01		-717	-2943	4097
537857	123.90	-26.62	-26.01		-717	-2944	4096
538114	123.88	-26.63	-26.01		-716	-2943	4099
538270	159.44	27.36	22.79		-12276	-19140	-22992
538532	123.86	-26.64	-26.00		-716	-2941	4099
538689	123.86	-26.64	-26.00		-716	-2941	4099
538946	123.84	-26.64	-25.99		-718	-2944	4096
539204	123.83	-26.65	-25.98		-715	-2945	4097
539461	123.82	-26.65	-25.98		-719	-2942	4100
539618	66.92	71.11	118.61		-6927	-24754	-1005
539877	123.80	-26.66	-25.97		-716	-2943	4096
540135	123.79	-26.67	-25.96		-718	-2942	4097
540392	123.78	-26.67	-25.96		-717	-2943	4097
540650	123.78	-26.68	-25.96		-718	-2942	4098
541008	123.77	-26.69	-25.95		-716	-2944	4096
541165	124.29	-26.50	-26.82		28331	29494	-1503
541425	123.75	-26.69	-25.94		-716	-2941	4098
541683	123.73	-26.70	-25.93		-718	-2942	4098
541941	123.72	-26.70	-25.93		-715	-2940	4098
542198	123.71	-26.71	-25.92		-717	-2942	4100
542456	123.69	-26.71	-25.92		-719	-2941	4093
542613	123.69	-26.71	-25.92		-22725	-3063	1495
542873	123.68	-26.72	-25.91		-718	-2941	4097
543130	123.69	-26.71	-25.91		-716	-2942	4095
543388	123.66	-26.70	-25.90		-715	-2944	4093
543646	123.66	-26.70	-25.90		-715	-2943	4095
543903	123.67	-26.70	-25.90		-716	-2942	4097
544060	123.67	-26.70	-25.90		-717	-2942	4095
544318	124.36	-26.63	-25.48		-790	-2935	4063
544575	124.32	-26.56	-25.64		-764	-2930	4067
544833	124.28	-26.52	-25.75		-744	-2930	4072
544990	165.45	2.48	-101.35		-16867	-5833	1272
545249	124.24	-26.48	-25.86		-724	-2929	4071
545506	124.21	-26.47	-25.91		-716	-2930	4077
545764	124.19	-26.46	-25.94		-710	-2928	4077
546022	124.17	-26.45	-25.95		-707	-2932	4080
546380	124.15	-26.45	-25.97		-704	-2927	4077
546537	-113.20	-4.35	20.35		26232	-7997	-8366
546796	124.13	-26.46	-25.98		-702	-2928	4080
547053	124.12	-26.45	-25.98		-699	-2929	4081
547311	124.11	-26.46	-25.99		-699	-2928	4081
547568	124.11	-26.46	-25.98		-696	-2927	4082
547725	39.84	-13.30	-97.60		23764	-13659	-25629
548087	124.08	-26.46	-25.97		-698	-2927	4078
548244	124.08	-26.46	-25.97		3614	29297	-9205
548503	124.06	-26.48	-25.97		-695	-2927	4082
548760	124.05	-26.49	-25.97		-698	-2928	4076
549018	124.04	-26.49	-25.97		-697	-2928	4081
549276	124.03	-26.49	-25.96		-697	-2927	4085
549433	135.69	0.42	111.18		8274	-3233	-12439
549690	124.01	-26.50	-25.96		-696	-2927	4082
549948	124.00	-26.51	-25.94		-696	-2927	4084
550206	123.98	-26.51	-25.94		-696	-2926	4080
550463	123.97	-26.51	-25.93		-695	-2927	4083
550620	123.97	-26.51	-25.93		23376	-28510	-18702
550882	123.95	-26.52	-25.92		-697	-2929	4079
551038	123.95	-26.52	-25.92		-697	-2928	4081
551297	123.93	-26.53	-25.92		-696	-2926	4082
551555	123.93	-26.54	-25.92		-697	-2928	4079
551812	123.92	-26.54	-25.91		-696	-2925	4081
552070	123.91	-26.55	-25.90		-697	-2927	4082
552226	123.91	-26.55	-25.90		-697	-2926	4083
552483	123.91	-26.54	-25.90		-698	-2927	4080
552741	123.91	-26.54	-25.90		-696	-2926	4079
552999	123.91	-26.54	-25.90		-695	-2924	4082
553155	51.44	nan	-37.76		32685	-22180	-956
553411	123.91	-26.55	-25.89		-698	-2927	4081
553668	123.90	-26.55	-25.88		-697	-2928	4080
553926	123.90	-26.55	-25.88		-700	-2928	4079
554083	123.90	-26.55	-25.88		-700	-2928	4078
