825916	-94.23	8.41	-27.03		-2412	1504	4627
826071	-94.24	8.37	-26.88		-2391	1466	4622
826327	-69.21	10.77	-17.12		-1688	1278	4113
826482	-68.54	11.08	-16.96		-1667	1344	4110
826738	-54.75	26.21	-17.33		-2582	1896	4607
826995	-39.65	34.79	-14.05		-3395	1885	4773
827151	-38.98	34.89	-13.71		-3409	1813	4793
827407	11.45	3.62	1.39		-1079	1364	3364
827558	13.38	2.14	0.81		-972	1377	3422
827809	78.52	-26.33	-70.25		6004	1357	7916
828064	39.86	-4.80	-1.26		-1375	1376	4150
828218	38.54	-3.64	1.38		-1838	1562	4023
828572	55.57	-13.28	-36.68		3549	-544	5229
828727	56.31	-13.44	-38.11		3701	-504	5218
828982	57.30	1.01	-11.57		-396	30	3080
829131	57.17	1.04	-11.48		-357	-77	3078
829383	59.57	-10.41	-31.61		3310	78	3739
829536	59.19	-9.92	-30.66		3136	20	3682
829788	60.16	3.22	4.46		-2944	616	2669
830039	70.09	-5.46	-25.11		2130	224	3979
830191	70.58	-5.67	-25.83		2278	295	3985
830444	68.35	-2.61	-3.10		-1633	724	3029
830597	16.44	-27.65	-52.14		15783	22114	3122
830854	68.68	0.82	-4.69		-1111	89	3384
831004	68.85	0.71	-5.16		-1046	94	3400
831255	71.32	3.35	-6.22		-1119	-219	3692
831508	64.61	13.24	10.10		-3277	-32	2949
831661	64.85	13.80	10.77		-3445	-10	2938
831913	67.90	-37.02	-134.10		-999	-4762	14729
832173	70.74	-58.18	-142.96		3288	-6203	14639
832432	-152.07	-82.13	75.86		3913	-5362	10101
832690	-144.03	-65.53	45.27		696	-6842	7952
832947	-132.86	-53.23	37.91		1509	-6258	6586
833205	-118.39	-52.69	32.94		2518	-5431	6481
833361	-118.00	-52.69	32.78		11942	-26780	5453
833622	-101.75	-52.61	14.50		1769	-5017	5086
833879	-93.56	-41.81	2.29		867	-3809	3773
834134	-91.81	-27.85	2.18		1138	-2336	2941
834288	-91.70	-27.18	2.28		1168	-2245	2914
834543	-82.83	5.17	6.41		1142	2804	3202
834694	-82.77	5.70	6.59		1162	2872	3246
834947	-86.07	23.13	10.56		1832	4364	4626
835201	-86.08	22.33	9.79		1758	3654	4801
835353	-86.05	22.07	9.58		1727	3568	4816
835606	-52.00	4.24	1.48		-1545	3081	3544
835860	-27.77	-40.55	-21.47		2251	-2894	4787
836017	-26.42	-40.31	-23.48		1991	-2994	4858
836274	-27.84	19.00	-28.49		-4289	-515	4575
836531	-6.59	49.39	-8.17		-6893	722	5932
836682	-4.80	49.64	-7.48		-6925	681	5933
836936	39.59	-1.05	-48.37		2632	-2727	6137
837191	38.69	6.62	-47.13		1396	-4181	5892
837345	38.47	7.21	-46.05		4003	6406	-25502
837600	19.08	20.48	-8.73		-3547	-192	3624
837753	17.70	21.03	-8.16		-3597	-117	3668
838007	-43.73	27.32	-1.43		-2179	3213	4016
838162	-45.02	26.79	-1.63		-2046	3151	3980
838418	-71.12	12.80	-10.29		-284	885	3676
838571	-71.13	12.77	-10.40		-314	811	3699
838825	-43.52	27.64	-7.29		-1907	2753	3992
838980	-42.94	27.94	-7.21		-1926	2758	4002
839235	-27.33	27.84	-0.50		-2055	2521	4140
839390	-27.13	27.51	-0.36		-2015	2503	4129
839645	-31.23	11.66	-5.69		-452	885	3425
839797	-31.52	11.23	-5.97		-423	819	3410
840050	-33.08	2.30	-8.77		445	-119	3326
840403	-13.61	-4.49	-6.26		974	232	3129
840554	-12.69	-5.10	-6.44		1023	229	3133
840807	64.32	-32.44	-50.68		5169	1551	6426
841063	79.41	-16.68	-52.84		5030	1708	5845
841218	78.82	-16.13	-50.88		4829	1726	5723
841473	37.46	8.58	36.51		-5069	4561	5021
841625	37.30	8.71	37.25		-5021	4633	5020
841878	52.88	-7.09	-18.68		1453	-34	4583
842131	74.41	-7.01	-42.03		3918	376	5254
842284	74.43	-6.55	-40.75		3763	431	5207
842536	58.89	3.61	-10.47		-580	-414	2221
842789	66.62	3.28	-24.43		1221	-551	3865
842942	66.77	3.38	-24.42		1176	-496	3835
843195	67.24	1.89	-6.84		-1056	350	2847
843548	65.37	0.24	-8.74		-464	303	2970
843698	65.20	0.28	-8.79		-472	280	2973
843949	67.61	-0.40	-12.16		-20	143	2951
844100	67.78	-0.44	-12.22		3	152	2945
844350	72.62	-0.25	-8.99		-585	549	3352
844500	72.56	-0.05	-8.43		-741	561	3344
844752	62.04	20.33	25.98		-5855	711	4315
845006	52.40	-41.00	-82.11		-788	-10334	14819
845264	-138.48	61.46	-68.15		-8506	3984	14211
845422	-51.52	nan	-30.45		9003	-19435	-32349
845680	-126.50	-17.97	-16.33		-3284	-3045	3780
845939	-112.29	13.79	35.10		5121	-839	5959
846195	162.37	16.46	70.70		-1055	-6912	10122
846453	139.98	6.61	91.22		-5522	-5431	11340
846609	140.11	6.08	91.31		-5516	-5265	11146
846865	106.71	-5.06	66.80		-5788	-838	7754
847020	117.26	nan	-22.71		3981	16137	5283
847273	109.23	-2.22	47.87		-4604	-640	5816
847428	109.20	-2.00	47.54		-4581	-645	5778
847683	110.53	20.58	21.38		-735	-2593	4247
847838	110.22	21.29	20.01		-30463	23762	-27144
848098	87.22	27.76	-24.22		4086	-2284	4904
848354	113.94	31.22	-15.70		3725	-1449	3917
848611	-147.91	54.48	46.52		5392	-553	5937
848765	-144.53	54.34	50.68		5312	-578	6131
849020	-133.09	-20.76	94.50		4819	-4421	11449
849280	-49.61	-61.01	-13.96		712	-7091	9617
849435	-45.81	-60.11	-18.50		643	-7266	9572
849691	-11.16	-16.10	-47.35		512	-6821	6531
849948	22.89	-0.81	-23.21		2068	-2504	4539
850103	26.09	-0.37	-22.42		2111	-2320	4449
850358	40.59	9.35	-10.09		627	-907	4093
850508	40.35	9.40	-10.10		615	-936	4089
850761	44.62	10.56	-10.30		256	-79	3789
850912	44.78	10.90	-10.52		202	-72	3775
851164	4.00	4.26	-69.93		-224	-6509	11253
851418	-3.11	-29.25	-77.37		1398	-7184	9238
851675	-5.61	-12.30	-35.70		1396	-2934	5378
851830	-5.70	-11.54	-34.11		1368	-2756	5243
852086	18.69	9.36	11.66		-1402	1836	4540
852239	19.71	9.59	12.51		-1511	1964	4550
852492	43.19	15.15	27.52		-3443	2257	5016
852747	53.68	11.60	26.01		-2842	1761	4707
852899	53.97	11.53	25.83		-26033	28098	-1858
853157	50.36	11.33	10.84		-1468	598	3962
853310	-23.69	nan	26.53		15746	-20568	2798
853565	42.48	-0.10	-28.14		3000	-2350	4471
853719	-57.63	nan	-49.89		17800	11578	1182
853975	89.65	2.56	-79.31		6486	754	7846
854125	90.57	2.73	-79.18		6476	958	7749
854378	85.38	2.75	-14.47		-594	445	3323
854630	84.52	3.84	-16.20		433	-229	3343
854780	85.39	3.89	-17.19		481	-199	3450
855032	100.12	6.16	-32.87		2605	647	4032
855185	100.11	5.83	-31.68		2408	687	3932
855438	80.15	-5.15	8.17		-2367	1591	3174
855590	79.80	-5.34	8.38		-2366	1616	3188
855843	80.02	-1.44	-7.46		-347	846	3535
855995	80.16	-1.17	-8.37		-28734	17560	6785
856251	81.41	1.21	-18.14		866	523	3961
856401	81.12	1.03	-17.46		763	551	3965
856652	72.82	1.95	14.26		-3243	1559	3582
856804	-58.20	nan	63.07		-30045	-20082	21809
857062	38.82	-2.16	-91.17		2392	-10910	16096
857320	24.74	-30.62	-102.46		1950	-5923	12824
857578	-6.81	-48.77	-82.42		262	-7270	9015
857733	-64.33	nan	-53.78		6953	-16895	15840
857989	-115.76	-23.75	1.02		1128	-3790	4242
858246	-106.65	-5.92	-3.44		642	-1116	3325
858399	-106.18	-5.32	-3.45		702	-1003	3334
858655	-69.27	18.46	15.68		2017	3276	5047
858809	-67.36	19.01	16.54		2036	3461	5109
859063	-43.88	24.17	17.97		1979	3457	4233
859216	-45.01	24.54	17.44		1852	3320	4233
859572	-72.85	28.77	1.31		199	2799	4030
859723	-73.01	28.35	1.13		178	2751	4009
859975	-77.75	8.96	-1.81		849	232	3482
860126	-78.16	8.61	-1.84		850	215	3472
860377	-85.30	-1.41	-1.34		804	-1003	3738
860631	-90.42	-2.47	0.24		881	-1111	3763
860782	-90.53	-2.48	0.27		863	-1093	3789
861036	-100.48	-3.62	0.11		421	-1226	3906
861290	-100.03	-4.77	-1.22		384	-1337	3961
861445	-99.87	-4.81	-1.28		387	-1336	3959
861699	-47.87	-6.32	-8.24		238	-1063	3438
861851	-44.91	-6.50	-8.52		305	-863	3482
862105	-74.66	-14.26	-29.08		-2150	-2457	4482
862363	-87.18	-12.07	-18.30		-828	-1898	3999
862621	-55.58	1.81	-9.65		-343	-96	4079
862772	-53.00	2.54	-9.26		-400	72	4103
863023	-24.09	22.33	6.02		-1652	2670	4309
863277	7.27	13.71	10.95		-1492	2335	3712
863429	8.44	13.22	10.63		-1466	2290	3706
863682	66.39	2.79	-34.18		2576	-1064	4543
863937	86.18	10.82	-50.47		3908	-239	5275
864090	85.81	11.50	-49.83		3762	-387	5318
864345	77.19	15.20	-13.56		-338	-1293	2992
864499	77.53	14.81	-12.67		-483	-1164	2951
864754	81.30	7.41	-2.68		-1372	-1	3205
864904	81.45	7.39	-2.85		-1335	-17	3213
865156	86.01	5.87	-7.33		-258	-75	2953
865306	86.18	5.83	-7.25		-282	-54	2956
865557	92.11	6.42	-10.55		-266	6	3463
865705	92.22	6.40	-10.68		-246	6	3472
865955	88.23	3.73	-0.95		-773	774	3269
866105	87.37	3.78	-0.11		-820	806	3271
866356	51.60	38.58	-26.13		-10883	6288	8171
866613	18.55	-43.15	-72.64		1801	-8174	8417
866768	-75.38	16.75	5.76		-18983	-22427	-31114
867028	-57.93	-14.64	-7.79		1390	-590	3803
867283	-102.63	-18.80	-13.61		-974	-1689	3686
867543	-103.57	-21.34	-20.18		-1433	-2223	3816
867803	-101.20	-18.23	-22.57		-1725	-1558	3541
868063	-99.34	-19.40	-25.82		-1922	-1665	3354
868321	-93.97	-15.69	-38.90		-3769	-411	3523
868579	-94.44	-13.04	-33.11		-2642	-799	3026
868736	-107.20	-9.91	-14.00		11684	27697	-17776
869097	-97.55	-10.49	-24.92		-1691	-637	2374
869254	-97.45	-10.44	-24.78		6103	-20753	1997
869513	-96.68	-8.20	-20.09		-1009	-382	2052
869769	-94.52	-7.81	-17.48		-851	-464	1930
869923	-92.41	-42.61	5.66		-25601	-7705	19772
870181	-86.71	12.45	-5.29		1260	2195	2684
870436	-108.65	49.39	-13.43		1969	7207	6288
870592	-94.52	19.23	22.50		-20815	-14295	20694
870852	-61.88	54.50	27.52		2354	7673	7507
871106	-45.82	29.93	23.76		652	5525	5379
871259	-46.49	29.17	23.42		722	5448	5335
871613	-8.81	30.07	28.57		-2385	4662	4793
871767	-7.54	30.27	28.39		-2549	4544	4737
872122	63.11	14.59	-38.79		2364	-1954	5149
872276	64.63	14.29	-40.77		2692	-1871	5256
872531	84.09	9.24	-37.65		2108	-838	4752
872684	84.54	8.72	-36.99		2116	-784	4627
872937	69.05	4.49	-11.90		-251	-427	2142
873190	76.07	10.06	-23.31		577	-1371	3521
873344	76.81	10.15	-24.51		718	-1413	3594
873598	80.82	10.89	-16.97		165	-907	3202
873851	77.67	1.68	1.37		-2211	333	2218
874001	77.60	1.39	1.48		-2206	381	2197
874252	87.51	5.72	-30.35		2308	-58	3493
874403	87.75	6.01	-30.75		2323	-40	3493
874655	80.51	5.94	2.94		-2522	-178	2676
874907	80.01	3.83	9.30		-3328	366	2798
875057	80.39	3.87	8.60		-3243	360	2849
875309	87.92	6.51	-10.21		-412	-213	2908
875460	87.93	6.48	-10.02		-451	-218	2901
875713	90.22	4.01	-11.30		-357	-117	2787
875967	92.41	4.30	-13.13		62	83	3438
876114	92.30	4.36	-12.80		32	71	3424
876363	84.62	13.13	21.93		-4958	-89	3612
876616	39.24	41.40	-30.57		-15845	2358	8756
876772	32.42	36.81	-42.41		19086	20580	-14540
877031	102.04	-81.36	-155.67		4145	-6046	13033
877291	-106.02	-48.50	43.71		5221	-3946	9332
877549	-168.87	-14.63	37.27		-469	-4850	6142
877806	164.13	-2.38	49.19		-856	-5799	6939
877961	38.78	nan	0.43		24068	24618	-29918
878215	140.75	-8.60	52.45		-3822	-3215	7122
878572	125.09	9.40	36.25		-2376	-2635	5291
878727	124.40	9.70	35.83		-2329	-2591	5253
878983	100.37	18.22	23.18		-1654	-1965	4612
879138	99.91	18.56	22.89		-24497	-2157	20195
879395	84.75	31.03	-2.48		715	-3414	5264
879548	88.38	0.29	7.38		21501	30750	-31138
879804	45.44	25.91	-21.88		730	-3259	4357
879956	-36.70	6.23	-39.45		24731	-27280	21967
880216	47.95	22.27	-5.05		-300	-1870	3778
880470	59.40	13.75	15.69		-1278	886	4157
880622	59.76	13.52	16.18		-1331	866	4159
880875	85.66	-1.29	25.18		-2716	1447	4186
881130	115.87	-13.02	23.11		-2974	1278	4405
881285	30.28	nan	-36.64		23495	16222	-30222
881542	137.60	-22.35	23.08		-3640	1026	4550
881799	166.51	-24.21	36.26		-3520	-2312	4829
882056	179.28	-20.25	97.65		1039	-5568	10045
882213	176.81	-20.17	100.82		-15679	28746	3138
882473	78.06	-16.07	-127.23		4187	-1672	15523
882732	64.67	-7.23	-59.12		4185	-2030	7357
882988	64.25	0.84	-31.67		3387	-1981	5571
883140	64.29	1.15	-30.76		3280	-1931	5488
883395	58.61	20.94	-19.78		949	-3050	4976
883549	58.00	21.32	-19.96		916	-3042	4966
883904	76.23	20.31	-6.29		-34	-1316	4337
884056	75.90	20.75	-6.14		-81	-1408	4365
884310	14.06	31.13	-47.31		-1227	-4509	7712
884566	-15.19	0.18	-63.01		-1162	-6535	7031
884823	-21.29	-5.96	-30.42		673	-2958	4635
884976	-21.53	-5.83	-29.52		672	-2861	4583
885232	-11.23	9.07	-8.68		-370	87	3526
885382	-11.30	9.51	-8.40		-437	64	3526
885633	9.81	20.82	20.18		-2000	2711	4684
885785	10.83	20.84	21.07		-2051	2778	4715
886039	24.13	20.40	22.22		-2239	2633	4393
886193	23.53	20.45	21.47		-2208	2559	4347
886448	-9.37	13.20	-11.13		-599	-839	3784
886702	-26.04	5.51	-23.05		-474	-2460	3913
886855	-25.29	5.56	-23.29		-21886	21755	23631
887114	-33.45	0.98	-21.58		-113	-2242	3757
887370	-33.71	2.50	-16.92		52	-1518	3572
887522	-33.74	2.61	-16.74		48	-1494	3568
887775	-33.92	6.10	-10.49		90	-515	3360
888027	-33.91	6.62	-8.05		232	-237	3329
888178	-33.90	6.63	-8.00		234	-230	3329
888430	-28.11	6.62	-4.84		324	-77	3338
888580	-27.78	6.57	-4.64		356	-86	3322
888830	1.63	7.44	13.79		-63	2080	4168
888979	2.84	7.33	14.62		-113	2204	4204
889230	48.38	-8.53	26.86		-1439	4153	4646
889485	62.58	-8.59	-1.14		616	1890	3765
889635	62.65	-8.28	-2.55		696	1797	3737
889887	79.88	11.86	-72.16		6177	256	7425
890040	79.87	12.70	-72.61		6301	173	7431
890293	95.86	13.70	-28.55		1965	-305	3650
890446	96.17	13.03	-27.23		1757	-278	3523
890700	98.34	-1.27	-3.80		-1600	1083	2883
890955	100.38	9.39	-29.76		2617	465	4319
891107	99.83	9.75	-30.34		2793	362	4372
891360	96.83	-5.75	8.75		-3318	1229	3100
891613	106.48	-0.62	-5.47		-993	834	3594
891764	106.67	-0.11	-6.26		-822	771	3639
892018	108.59	4.97	-1.05		-1431	-113	3246
892272	106.57	4.78	-5.38		-744	187	3159
892423	106.45	4.81	-5.54		-717	197	3161
892675	106.41	7.29	-11.98		132	58	3315
892825	106.49	7.38	-12.23		185	53	3307
893076	108.75	6.77	-13.12		378	378	3319
893328	100.32	9.03	-2.58		-866	-88	2650
893479	100.12	9.19	-2.14		-926	-124	2642
893732	59.65	28.71	-99.68		-3081	-160	16713
893988	29.68	-0.91	-165.77		236	-1868	18154
894144	-34.62	nan	-12.25		-27120	17819	4114
894401	40.81	-62.07	176.82		-4337	-4269	15517
894659	176.67	-79.34	28.96		-4238	-4226	9818
894917	-174.79	-61.48	17.09		-4740	-3503	7302
895176	153.42	-49.11	30.37		-5119	-1923	6775
895333	37.02	nan	-15.89		-23665	29275	31094
895589	112.11	-31.64	38.69		-4772	165	6434
895845	111.75	-20.46	29.33		-4155	-768	4996
896001	112.42	-20.16	28.60		-3973	-860	5008
896257	142.60	-13.11	7.29		-757	521	4419
896409	142.95	-12.95	7.32		-715	572	4402
896763	72.05	8.37	31.70		-3853	355	5431
896914	70.14	9.60	31.95		-3915	378	5475
897167	-1.72	44.20	8.87		-4816	591	6002
897317	-3.23	44.32	7.62		-4779	567	5976
897569	-22.06	24.37	-23.56		-3285	-1388	5109
897827	17.19	1.78	-54.07		1065	-5142	7750
898081	58.27	-22.54	-89.47		5919	-2445	10442
898441	30.96	-4.46	-33.93		1324	-2581	5184
898594	29.86	-3.33	-32.02		1049	-2562	5076
898850	62.23	23.71	23.42		-5218	-377	5234
899004	64.40	23.83	23.71		-5246	-475	5181
899359	73.93	59.66	-47.27		3467	-4812	7591
899514	74.80	60.16	-46.24		3445	-4921	7607
899769	129.64	24.66	13.08		-1320	-3175	3689
899924	130.13	23.62	13.30		-3707	23707	9838
900182	126.33	33.80	-25.69		2360	-406	5633
900438	124.15	21.73	-19.23		2065	-338	3936
900592	124.33	20.73	-18.38		1892	-287	3844
900847	123.27	12.67	-4.65		-495	-541	2625
901001	123.38	12.90	-4.60		-445	-601	2667
901356	128.85	12.86	-5.30		-53	-383	2972
901508	128.78	12.66	-5.26		-76	-376	2965
901761	127.75	9.62	-6.44		-239	46	2930
901911	127.81	9.63	-6.43		-236	40	2924
902162	136.15	11.70	-6.05		-189	43	3136
902414	135.79	8.74	-0.48		-1190	-112	3081
902566	135.56	8.60	-0.13		-1284	-132	3072
902821	129.51	0.18	17.08		-5072	-992	3231
903075	33.63	32.66	-137.27		140	-2622	18862
903332	19.21	-42.08	-167.93		-3391	-2239	18214
903592	-127.24	-79.17	-34.25		-6340	-2982	11798
903854	-147.16	-40.41	-2.52		-4401	-3240	5534
904112	-126.33	-12.23	16.60		-555	-2282	3959
904268	-50.71	nan	-32.00		-16955	1899	-31118
904525	-75.81	15.81	149.35		3158	-3350	17084
904783	-24.92	36.26	-129.50		-482	-7573	14433
905042	35.83	34.82	-54.99		697	-4570	6059
905196	36.65	34.54	-54.54		626	-4506	6000
905450	-31.74	48.21	-177.72		4808	-1430	16713
905709	-103.99	-19.54	85.66		5974	-3709	11138
905968	-65.25	-33.59	27.92		4289	-2670	5862
906124	-64.23	-33.36	26.42		4218	-2603	5750
906380	-56.52	-30.81	-10.12		1942	-4872	5646
906638	-49.48	-14.74	-15.33		311	-2864	4506
906793	-49.06	-14.06	-15.32		-21734	28725	29922
907055	-10.73	10.68	-6.39		-1408	-167	4231
907310	39.95	4.50	13.35		-1600	1693	4799
907462	41.59	3.91	14.00		-1539	1718	4776
907715	115.44	-15.39	25.21		-3437	1100	4634
907871	117.22	-15.37	24.82		-3296	1051	4578
908128	152.82	47.58	7.37		-1273	-1212	9278
908282	29.76	nan	-50.01		-19761	-19144	2783
908538	8.24	-23.81	162.17		-1558	348	17511
908794	13.13	-12.84	169.68		-1104	1585	16515
908951	-7.77	2.93	171.12		11816	-6233	-23510
909208	14.76	19.71	-165.02		3841	-2060	18248
909466	107.97	33.21	-64.34		1747	1435	9067
909722	121.02	28.85	-26.88		3321	-334	4321
909877	121.18	28.54	-25.61		3207	-423	4322
910132	102.57	0.78	2.98		-1041	555	4046
910283	102.43	0.01	3.41		-1195	708	4050
910535	110.43	-14.86	11.24		-2576	2055	4287
910792	126.88	15.70	-6.38		-4842	4285	4894
910947	128.42	20.99	-8.99		-4234	4156	5431
911202	26.60	26.58	-171.83		3633	962	16714
911356	25.60	0.64	-177.97		27592	-2848	17156
911614	24.73	44.10	-170.43		5735	1176	13945
911872	44.74	61.28	-152.67		5763	1663	11384
912129	56.83	62.69	-126.19		6768	-1211	11020
912285	56.34	61.36	-125.19		6582	8600	-17597
912542	10.06	-57.31	-54.53		7244	-3624	10235
912800	-36.41	-44.49	13.13		5797	-1446	6652
913057	-17.01	-26.68	5.03		4093	-134	4814
913210	-16.34	-26.02	4.66		4013	0	4735
913461	-4.54	-8.24	-10.51		1909	-1857	4493
913717	12.79	1.12	-0.42		267	472	3851
913865	13.97	1.33	-0.08		243	556	3843
914115	65.84	3.96	-0.91		116	1275	3624
914265	67.56	4.33	-1.45		149	1298	3590
914516	126.05	36.42	-31.39		3732	-173	4701
914671	127.11	37.10	-31.66		3829	-125	4769
914926	142.47	28.86	-9.51		1757	-1247	3445
915081	-122.25	-67.61	-1.57		20015	-19011	-18756
915343	139.89	13.08	-4.23		214	-182	3108
915495	139.94	13.96	-4.71		346	-283	3195
915748	150.19	16.93	-0.32		171	-1051	3197
916002	149.00	4.58	0.48		-1661	-29	2619
916154	148.94	4.63	0.45		-1628	0	2612
916404	149.65	11.75	-4.57		-105	24	3180
916554	149.66	11.75	-4.60		-108	26	3179
916806	150.12	9.07	-4.34		-548	-27	2923
916958	-179.84	-0.59	-177.18		27430	-16747	-30926
917221	153.53	3.58	-1.30		-1430	248	3362
917373	153.56	3.20	-0.91		-1503	240	3332
917626	149.64	-2.34	17.19		-6638	-1201	2138
917883	-0.02	35.85	-163.79		501	1052	21553
918138	-6.71	39.16	167.84		5629	342	15411
918292	-5.51	40.43	169.47		5609	480	15230
918547	0.61	61.67	-157.21		6032	-3915	11767
918803	20.80	45.52	-121.65		6576	-4790	12036
919061	12.84	23.85	-107.80		4778	-7424	11537
919319	10.68	15.02	-95.32		3617	-8277	10415
919676	18.81	7.08	-76.25		4092	-8003	8197
919830	19.68	6.59	-75.36		4216	-7800	8074
920185	15.15	-2.44	-52.38		3668	-5784	5293
920339	15.29	-2.30	-52.44		3674	-5805	5326
920595	57.39	7.70	-63.51		7108	-2809	6192
920749	58.30	7.82	-64.05		7205	-2744	6206
921003	54.07	-11.55	-68.69		7984	-2674	7915
921260	60.67	-21.48	-35.91		6091	960	5158
921513	60.85	-9.83	4.68		659	3719	3547
921663	61.01	-9.10	5.77		515	3732	3528
921914	68.01	6.34	22.70		-2497	1931	3314
922066	68.42	6.18	22.63		-2480	1865	3324
922320	97.79	-27.54	20.53		-3170	4763	5543
922575	130.05	-35.75	18.90		-5062	3564	4964
922832	158.46	-7.19	26.90		-3527	-1735	4289
922988	159.50	-5.17	27.21		-617	8314	-27117
923244	-179.07	6.78	25.53		-1122	-2259	4281
923501	174.70	-32.24	14.18		-6072	-782	4896
923657	175.25	-32.90	13.76		-6126	-767	4897
923913	176.67	4.30	17.12		-1041	-2062	4350
924169	-172.00	50.39	6.12		3968	478	6314
924321	-172.13	51.16	4.61		3843	833	6373
924574	167.45	15.06	-19.97		712	3079	4107
924829	173.35	-12.96	-11.27		-3321	2125	3862
924985	-18.89	-4.53	56.52		-24599	-28945	7363
925244	-175.25	4.38	-3.51		-982	759	3763
925497	-177.69	18.47	2.12		930	-69	3925
925648	-177.87	18.69	2.34		953	-89	3930
925900	-169.84	14.09	12.23		576	-227	3484
926054	159.78	-16.73	-34.09		16975	14378	-11041
926315	-151.47	-16.90	18.62		-2342	-2920	3991
926473	75.07	18.66	34.06		28956	27455	-11932
926731	-151.32	-5.94	24.51		-598	-2731	4282
926988	-147.84	3.43	19.73		310	-1394	4054
927140	-148.23	3.53	19.37		291	-1415	4019
927395	-149.00	6.06	23.06		689	-1734	3508
927548	-148.64	6.07	23.54		732	-1780	3553
927803	-132.74	-13.22	5.04		-2549	-1344	3714
927960	-132.90	-13.63	4.24		-2627	-1344	3645
928217	-129.42	-9.93	2.80		-1791	-984	3977
928472	-128.52	-5.35	5.50		-1096	-677	3814
928626	-128.49	-5.25	5.48		-1093	-663	3818
928881	-126.66	-6.75	3.95		-1446	-406	4074
929036	-126.74	-7.02	3.92		-1478	-418	4082
929292	-124.33	-17.31	22.65		-7938	1211	2157
929447	-44.75	nan	114.18		-12145	24128	19490
929705	-108.53	-28.96	-172.92		1035	2087	17622
929966	-102.88	-17.81	170.19		2173	1899	16013
930225	-114.68	-2.87	178.62		1083	-528	17277
930483	-129.47	34.70	-156.97		-2871	-1985	15967
930744	-119.64	58.87	-131.01		-5605	-1800	12699
931005	-77.59	70.72	-89.21		-6111	-2325	10070
931263	-12.63	70.02	-29.76		-5850	-2550	7833
931521	40.78	36.09	-5.09		-1072	-2772	4304
931776	65.91	-0.30	1.54		1034	1690	3310
931928	66.84	-1.30	1.67		1014	1782	3317
932179	116.06	-1.91	12.39		-1247	986	3942
932333	117.14	-0.88	13.00		-15565	26627	1494
932591	150.94	19.39	50.50		-2208	-3550	5301
932847	150.03	21.24	59.20		-2382	-5759	5545
933104	131.82	9.76	43.14		-3075	-2367	4112
933259	131.10	9.38	42.80		-3101	-2293	4075
933514	105.53	-4.07	45.76		-5531	-319	4487
933668	104.81	-4.71	45.61		-5568	-189	4468
933923	105.14	-4.30	14.35		-1273	2160	2426
934078	105.00	-3.88	13.60		-1208	2144	2436
934334	78.15	22.49	2.63		509	-1750	2721
934484	78.07	23.58	2.75		455	-1891	2687
934737	37.78	67.96	-60.72		2152	-7404	8469
934992	35.25	38.00	-80.98		6209	-6401	10084
935148	35.34	36.86	-80.76		31165	20298	-29767
935407	60.47	-1.61	-52.22		6463	-480	5888
935662	19.61	-0.21	-56.16		2850	-5873	7333
935816	17.75	-0.63	-56.53		2717	-6101	7268
936072	-14.49	-12.15	-44.85		567	-5174	7221
936226	-71.57	nan	-5.54		-24135	-13218	-26746
936485	-35.02	-26.94	-34.23		-337	-4625	6224
936742	-95.55	-40.75	-17.28		-2812	-4075	6402
937001	-142.67	-33.28	2.10		-3208	-2149	5313
937260	-178.91	-25.45	13.39		-3206	-1667	4954
937519	165.31	-15.50	20.84		-1455	-2238	5125
937674	86.95	nan	50.51		-16842	18825	2587
937929	150.95	-6.05	18.12		-1174	-1801	4334
938084	15.44	nan	39.36		23955	-24756	-15081
938341	163.37	-3.43	4.52		-268	509	4189
938491	163.96	-3.10	4.37		-140	637	4196
938743	174.04	5.87	11.01		433	-791	3397
938996	-155.51	21.46	40.61		3069	-2250	6317
939152	-154.44	22.07	42.52		3166	-2420	6545
939408	-131.60	-0.91	52.85		3284	-3108	6142
939665	-119.81	-16.28	14.33		-1539	-2465	3140
939924	-106.68	-12.16	19.13		98	-1331	3512
940079	-106.62	-12.01	20.08		285	-1308	3566
940335	-102.57	-10.84	16.66		-25	-1015	3528
940490	-143.36	-11.28	162.25		32744	-1887	-30918
940752	-107.24	-7.14	15.63		40	-836	3164
940904	-107.14	-7.13	15.57		30	-824	3175
941158	-105.20	-6.65	13.66		-196	-595	3041
941413	-105.24	-5.46	13.18		-245	-495	2920
941568	-105.13	-5.41	13.21		-241	-492	2923
941822	-98.47	-2.64	15.39		221	63	3296
941972	-98.28	-2.55	15.28		221	72	3324
942223	-99.15	1.66	-14.78		-3498	1178	3506
942377	38.41	17.74	73.74		21436	14007	23645
942635	-127.10	5.21	137.15		564	-970	18586
942891	-115.26	-13.54	168.85		3452	575	17503
943249	-104.16	15.17	170.21		2264	-2092	17059
943508	-81.81	40.85	-166.80		238	-4994	16245
943665	-80.33	41.81	-165.14		27084	8174	-32478
943925	8.98	29.89	-65.99		1011	-5840	9499
944179	-15.57	20.04	-43.42		-2326	-4606	6641
944437	-30.70	20.08	-34.66		-3515	-2537	5745
944593	-31.69	19.94	-34.62		22787	4935	-13015
944852	-39.02	13.25	-25.59		-2553	-2081	4915
945110	-25.64	14.05	-11.76		-1811	-684	4319
945367	11.56	18.60	-12.72		-317	-1370	4711
945521	11.15	19.45	-13.17		-493	-1423	4802
945776	25.77	27.12	19.51		-2864	1685	4367
945930	26.45	26.43	20.18		-2791	1748	4345
946185	60.11	7.73	34.36		-2860	1959	4588
946336	61.63	7.49	34.53		-2897	1809	4579
946590	34.16	-9.28	34.10		-135	4340	4482
946843	29.64	-10.72	27.79		708	3348	4464
946996	29.82	-10.37	27.59		589	3307	4475
947249	39.93	4.77	19.55		-1037	979	3841
947399	-98.57	nan	-40.56		-18285	9356	-4650
947655	56.51	5.61	10.09		-83	-146	3471
947806	57.24	5.32	10.06		-56	-116	3471
948057	89.69	-6.14	9.90		-423	1230	3678
948207	90.74	-6.39	9.78		10295	-18981	-11464
948465	-174.90	-1.41	16.36		-1069	-230	3763
948721	-133.07	4.00	45.16		2823	-2866	4598
948876	-132.22	3.58	45.46		-24269	-19327	7779
949135	-124.56	-5.48	19.56		-291	-1714	2566
949392	-123.62	-6.22	20.29		61	-1995	3551
949544	-123.43	-6.18	20.50		75	-2057	3650
949798	-120.91	-2.33	12.56		-502	-629	3442
949953	-121.07	-2.42	11.77		-607	-625	3414
950208	-121.28	1.40	8.19		-889	19	2592
950359	-120.83	1.80	9.08		-789	-43	2659
950610	-117.51	-1.20	19.81		421	-1077	3349
950865	-120.07	-1.07	13.22		-469	-743	2605
951020	-120.07	-0.75	13.67		-401	-691	2640
951275	-124.34	0.51	11.65		-583	-248	2817
951429	-124.50	0.46	11.22		-634	-219	2800
951683	-126.59	3.01	9.44		-549	196	2816
951934	-126.34	4.18	10.06		-385	348	2877
952087	-126.33	4.18	10.08		-380	352	2873
952340	-127.51	3.02	10.76		-388	63	2826
952492	67.79	31.16	-49.86		-11688	-8888	-19026
952752	-124.24	0.53	4.37		-1177	435	3463
953005	-126.91	-11.14	-11.84		-3691	995	3773
953263	-141.95	-39.40	-9.24		-7864	4389	3759
953419	-144.05	-40.35	-5.57		-8649	4775	3823
953676	-114.70	81.07	111.91		3769	-5422	11941
953935	85.04	53.97	-54.94		7263	-986	9913
954089	-10.49	nan	22.98		-13703	-14415	-8799
954346	42.03	11.98	-42.48		3080	-4447	6012
954601	-1.95	1.33	-29.86		612	-4275	5107
954754	-2.71	1.23	-29.48		571	-4234	5062
955006	-13.84	3.22	-16.85		-379	-2493	4284
955261	-15.09	3.37	-13.75		-218	-2046	4223
955416	-5.89	4.65	-13.68		9473	24539	6232
955670	-22.55	5.79	-10.76		-346	-1641	3986
955825	-22.97	5.95	-10.74		-390	-1603	3979
956081	15.25	-13.34	-11.42		680	-477	4049
956233	18.92	-14.94	-11.73		826	-181	4119
956488	126.81	-25.18	-125.58		3063	2864	14338
956747	83.21	43.06	-156.99		3309	4669	14984
956903	82.72	46.03	-156.78		3332	4949	14810
957159	-166.31	8.67	12.52		-434	-2665	4672
957314	-48.18	nan	63.52		-25000	9458	30802
957569	75.21	2.61	12.12		-2713	177	4174
957720	73.77	3.07	11.31		-2549	200	4111
957972	37.99	22.54	-19.35		-234	-2845	4222
958228	20.88	20.46	-38.74		281	-3436	5359
958382	20.03	20.10	-38.88		-25890	-8865	14157
958640	11.82	3.49	-34.07		1360	-2801	4040
958895	4.89	1.98	-27.97		584	-2191	3706
959045	4.21	1.91	-27.69		644	-2128	3699
959297	-35.32	-1.43	-18.07		428	-1599	3332
959552	-26.28	0.02	-9.55		905	-135	3278
959704	-25.87	0.12	-9.33		908	-89	3286
959954	-22.85	8.31	-6.43		-20	524	3316
960104	-22.76	8.50	-6.35		-82	523	3319
960355	-7.67	7.60	-0.07		-45	933	3594
960503	-6.33	7.30	0.51		-32	936	3646
960752	92.88	-20.35	27.76		-3994	3021	5353
960907	95.73	-20.70	28.23		-4158	2796	5344
961163	-171.14	-24.97	50.39		-1530	-6110	6835
961421	-132.57	-5.54	79.18		4368	-4202	9980
961576	-133.34	nan	38.00		6272	-5767	-341
961830	-111.42	-19.57	44.38		2440	-3521	6099
962088	-85.20	-11.30	12.08		209	-928	4120
962242	-84.99	-10.98	11.37		127	-873	4090
962496	-121.20	-8.24	7.38		-848	-673	2781
962750	-106.94	-8.05	43.44		3534	-1249	6468
963007	-101.22	-12.02	21.98		1139	-1367	4451
963164	-101.28	-11.98	19.51		815	-1370	4384
963420	-107.70	-0.95	-8.81		-2697	959	3486
963776	-105.51	-2.11	35.65		3441	-951	4852
963931	-105.11	-2.14	34.17		3280	-943	4824
964186	-100.27	-1.02	5.64		-1265	440	3166
964339	-99.93	-1.24	6.91		-1090	353	3292
964592	-101.50	-9.44	33.83		2596	-1421	4439
964849	-104.94	-7.50	16.42		64	-864	2733
965001	153.58	-10.94	177.92		-8540	1183	-5347
965260	-93.35	0.39	19.34		834	574	3479
965409	-93.07	0.46	19.25		-15021	-24645	-20742
965669	-93.91	0.24	10.80		-353	293	3126
965921	-94.68	0.80	11.44		-225	431	3137
966073	-94.72	0.80	11.45		-221	438	3132
966325	-97.46	-3.07	12.68		-157	-110	3079
966477	-97.54	-3.20	12.73		-145	-133	3078
966732	-96.22	-3.87	11.22		-342	-122	3008
966885	-96.17	-3.84	11.21		-344	-117	3005
967240	-95.26	-2.85	11.37		-302	16	3013
967392	-95.26	-2.82	11.37		-313	16	3016
967644	-92.75	-0.22	11.43		-214	613	3051
967795	-92.60	-0.14	11.26		-220	665	3072
968048	-101.65	-10.96	-9.60		-2787	-456	3369
968205	-102.09	-11.37	-10.37		-2970	-423	3400
968464	-135.78	5.37	115.15		-1087	-2024	19581
968723	-126.18	39.48	144.75		2135	-6187	16066
968982	-106.70	73.63	167.80		1367	-6444	12496
969241	30.96	71.40	-52.35		951	-7151	9461
969394	78.26	nan	9.36		-27879	16547	-5243
969648	41.79	25.31	-27.05		1372	-4857	5213
969802	41.96	24.28	-26.69		1416	-4749	5129
970058	52.26	-33.70	-16.95		3844	1180	5601
970213	35.67	-35.38	-12.08		18813	990	72
970466	-165.83	-55.39	162.56		5060	-1864	12523
970726	-161.70	-30.23	144.69		3690	-4282	14963
970986	-135.92	-23.22	109.70		5119	-4475	11044
971246	-143.03	-33.80	103.84		5673	-2744	10794
971506	98.08	-57.13	-137.88		3994	-6142	13594
971765	76.09	-21.94	-87.39		6125	-3424	10669
972022	88.45	-7.28	-80.99		6434	-1414	10175
972178	88.35	-6.80	-81.05		6422	-1472	10229
972435	84.07	8.96	-83.68		7022	-1677	10293
972590	-69.11	31.95	10.37		1744	-136	-29988
972847	120.82	37.94	-47.87		6158	-810	7846
973102	167.71	15.52	-1.68		1580	-633	4857
973255	168.62	14.37	-0.54		1388	-671	4779
973611	159.98	-0.50	24.10		-379	-3008	4592
973765	160.05	-0.62	23.83		-360	-2948	4571
974020	177.13	-10.60	12.54		-1203	-1204	4315
974177	-18.26	nan	-17.03		27952	-9806	-27055
974434	-178.13	-14.33	7.39		-999	-446	4120
974690	175.16	-19.31	7.44		-1619	-336	4144
974844	174.85	-19.45	7.55		-1628	-326	4147
975099	162.58	-22.86	13.91		-2061	-658	4034
975255	-122.64	-48.45	45.93		-6242	20300	-5946
975515	164.29	-17.62	10.69		-1130	-366	3629
975772	166.07	-12.42	9.27		-403	-385	3484
976026	167.14	-9.10	8.55		24	-392	3481
976176	167.17	-9.02	8.53		35	-391	3477
976427	170.72	-6.09	6.70		331	-267	3293
976578	170.99	-5.91	6.60		348	-258	3290
976830	-154.32	4.94	15.11		1541	-378	3526
977084	-109.62	10.85	50.49		5056	703	5988
977238	-107.41	10.64	51.53		5081	1087	6050
977494	-103.26	7.21	22.56		1471	1451	3628
977646	-103.54	7.23	21.97		1397	1463	3536
977901	-108.23	-0.78	24.88		1786	137	3533
978155	-107.41	-0.47	23.23		1529	252	3279
978309	-107.23	-0.28	23.11		1508	337	3274
978563	-104.85	-1.05	17.32		759	258	2971
978715	-104.74	-1.12	17.19		712	278	2969
978968	-103.18	-3.44	15.19		348	264	2885
979221	-104.29	-2.63	14.04		184	277	2938
979374	-104.27	-2.58	14.06		192	276	2937
979627	-98.90	-0.86	12.16		-198	709	2930
979879	-99.04	-3.43	15.20		407	43	2723
980030	-99.21	-3.47	15.18		382	48	2715
980281	-98.42	-1.82	11.69		-160	596	2790
980432	-98.46	-1.84	11.68		-164	586	2787
980686	-96.29	-2.16	12.48		-50	501	3078
980938	-104.74	1.02	-2.44		-1693	1870	3361
981092	-105.37	1.07	-3.38		-1767	1919	3341
981348	-136.00	-34.23	5.20		-14143	10980	6217
981607	-101.01	54.48	177.52		-4271	-6873	14979
981867	27.75	43.59	-49.38		1227	-6271	10129
982023	28.56	41.62	-47.39		1116	-6146	9739
982278	-2.29	-3.19	-28.14		826	-4497	5457
982431	-2.27	-3.45	-27.84		832	-4492	5429
982685	-29.12	-2.60	-12.34		-554	-1605	4229
982841	-30.78	-2.38	-12.01		-560	-1608	4249
983097	-34.57	2.24	-4.42		-626	-530	4106
983248	-34.49	2.20	-4.39		-661	-574	4101
983501	-23.70	0.82	-4.34		-1110	-593	4182
983756	-5.21	-6.18	-3.14		803	-611	4219
983907	-4.66	-6.37	-3.09		856	-595	4253
984159	9.67	1.81	2.63		-959	-169	4362
984307	9.41	2.37	2.76		-1109	-215	4345
984558	10.05	7.12	12.42		-1037	959	4221
984710	73.36	-28.66	-6.92		14432	-21349	-2897
984969	2.05	7.48	7.84		-991	296	4124
985116	1.79	7.51	7.72		-980	279	4124
985365	-6.99	2.26	2.29		-166	-333	4034
985515	-7.09	2.05	2.23		-136	-345	4043
985765	-41.40	-6.73	-3.76		-158	-1059	4120
986020	-66.87	-22.79	-12.57		-504	-2853	4747
986177	-0.35	nan	38.97		-8567	-9025	30500
986431	-120.20	-38.35	-18.68		-3626	-2053	5421
986691	-129.68	-35.95	-16.21		-3177	-1329	5103
986951	-131.40	-26.80	-11.16		-2239	-628	4210
987210	-131.75	-21.62	-8.24		-1414	-442	3940
987467	-131.43	-20.04	-5.85		-1252	-526	3736
987624	-131.27	-19.92	-5.68		-1186	-551	3736
987882	-135.66	-18.35	-4.43		-1048	-431	3471
988139	-132.01	-15.54	-9.46		-1180	416	3586
988396	-126.57	-10.76	-9.78		-441	803	3571
988550	-126.37	-10.68	-9.72		-445	790	3559
988806	-118.15	-18.04	-8.88		-998	-306	3523
988961	-117.93	-18.24	-8.74		-970	-345	3535
989217	-113.65	-16.83	-1.12		36	-669	3185
989371	-113.91	-16.71	-1.10		-19	-678	3169
989626	-116.83	-12.06	-2.15		112	-114	3062
989780	-116.60	-11.93	-2.29		107	-54	3073
990034	-103.92	0.40	-1.17		535	1574	3435
990187	-103.41	0.71	-1.01		542	1621	3440
990440	-86.40	2.14	1.74		631	2007	3379
990589	-86.02	1.62	1.19		11667	-19619	-31990
990848	-12.49	-43.52	-62.09		1052	-5344	6787
991106	9.34	-17.72	-111.64		-30	-6481	12784
991362	26.32	52.17	-91.37		1415	-7191	12568
991517	28.29	54.62	-89.21		1434	-7258	12403
991774	143.49	35.24	31.41		284	-5973	6674
991928	145.23	33.98	31.70		13102	-25620	23771
992187	-168.22	10.03	30.11		2482	-3280	5093
992443	-166.73	5.30	26.96		1978	-2810	4671
992699	-156.79	-0.36	29.82		1759	-2205	4723
992855	-156.73	-0.66	29.92		1669	-2369	4760
993111	-138.17	0.22	11.59		1310	-235	4226
993264	-138.44	0.39	10.97		1338	-170	4224
993518	-144.48	1.49	-2.80		306	1304	3795
993671	-144.84	1.23	-2.72		240	1251	3792
993924	-150.83	8.62	29.22		2046	-1900	5053
994180	-114.62	20.56	67.19		5870	-15	7597
994333	-114.44	20.22	67.13		5888	-120	7553
994588	-125.60	3.74	19.11		968	-133	3362
994741	-125.91	3.03	17.86		787	-172	3319
994994	-109.40	-8.91	14.71		104	-965	3875
995248	-109.75	-8.29	37.40		2937	-1308	4449
995505	-147.79	-1.08	20.50		-207	-136	2960
995658	-150.00	-0.73	20.47		-196	-231	2923
995914	148.27	21.96	47.50		-963	-5110	5285
996069	147.35	22.60	47.95		-989	-5130	5285
996324	127.94	36.45	45.44		-773	-5710	5278
996478	127.60	36.64	45.00		-744	-5708	5242
996734	114.97	40.59	21.12		1077	-4939	4311
996889	114.68	40.62	20.40		1149	-4892	4285
997144	106.09	36.35	2.19		2831	-3573	4009
997298	105.85	36.17	2.05		2824	-3555	4057
997553	121.33	20.00	-0.10		2582	-788	2864
997706	121.88	19.56	-0.17		2575	-689	2851
998062	126.57	8.98	4.16		1297	-154	2802
998212	127.07	8.93	4.30		1294	-233	2817
998464	-166.96	6.33	8.48		-530	1754	2780
998617	-166.20	6.22	9.40		16677	26008	31720
998874	-147.94	-33.46	-12.66		-5956	631	5469
999131	-120.81	-41.65	-52.90		-7327	2026	8034
999390	-99.95	-30.42	-56.60		-6618	-171	8080
999748	-95.78	-15.74	-40.04		-5302	1018	5637
999905	94.07	nan	1.07		-2282	23627	-32720
1000159	169.15	-3.88	63.01		-1818	-7544	9904
1000417	172.48	28.16	58.69		1277	-5355	7326
1000572	171.97	28.30	57.32		1284	-5160	7229
1000829	137.73	6.70	16.99		-190	-1120	3857
1000983	0.32	nan	27.86		-11313	3335	-2708
1001238	152.32	-13.94	8.33		-861	1083	3393
1001393	153.18	-14.20	8.46		-15113	7289	-21245
1001653	167.98	-25.97	6.61		-2890	795	4223
1001908	-160.32	-24.58	-19.50		-3249	2628	4864
1002168	-128.37	-16.69	-37.99		-4539	2454	5834
1002428	-125.83	-12.11	-36.30		-4006	2915	5228
1002688	-140.01	-21.01	-13.58		-2769	1760	4573
1002948	174.14	-25.78	42.35		-1914	-4935	5514
1003207	165.31	-17.74	61.34		-2032	-5484	6408
1003465	178.00	-3.59	51.88		732	-4640	5027
1003822	-177.87	18.27	49.74		3038	-4125	5332
1003979	179.74	-2.47	179.96		7963	-13465	-8211
1004239	177.31	37.26	46.87		4884	-4590	6498
1004495	170.79	11.44	20.71		1951	-1624	4175
1004752	-157.21	-22.37	-9.03		-4011	2323	3970
1005011	-132.29	-17.79	-35.38		-5043	3202	5418
1005272	-118.16	-9.81	-53.31		-5742	4127	6434
1005530	-132.31	-24.44	-41.63		-5010	3726	6265
1005790	-179.28	-13.77	35.92		-1234	-3181	6883
1006050	177.99	22.99	61.67		2375	-5989	7359
1006205	87.55	nan	-26.13		9694	16826	-21615
1006461	-179.75	-8.13	22.65		-170	-1232	3820
1006720	178.86	-33.38	9.45		-3761	553	3562
1006874	179.33	-65.44	3.26		-7541	-6717	-20456
1007134	177.32	-26.75	10.33		-2339	277	3158
1007390	174.08	-23.25	16.17		-2064	-616	3110
1007648	177.74	-24.01	11.25		-1975	-36	3068
1007905	-173.42	-23.25	1.63		-2323	1285	2494
1008062	-173.26	-23.01	1.66		6869	-20473	-8345
1008322	-174.01	1.43	26.16		1594	-1473	2941
1008578	-169.60	16.11	35.89		3705	-2355	4129
1008836	-167.24	21.98	34.13		4414	-1951	4059
1009094	-164.17	27.18	33.54		4499	-1392	3788
1009453	-145.12	50.27	56.67		6997	-1945	7726
1009609	115.61	nan	55.80		-28072	-16209	-10893
1009869	-151.99	49.94	47.35		7001	-1597	7102
1010127	-157.14	20.04	16.02		2866	967	3905
1010383	-130.21	-15.40	-20.33		-5016	1503	4445
1010642	-89.75	-25.20	-53.91		-7702	-940	6646
1010902	-57.39	-42.83	-41.45		-4215	-4554	7238
1011162	-72.81	-60.34	-2.20		629	-5542	6170
1011316	-85.71	nan	0.21		16552	-10733	18767
1011573	-62.11	-5.72	-27.78		-4655	-1433	3413
1011832	-45.04	-22.05	-3.70		-443	-1941	4672
1012089	-48.02	-28.40	6.79		1975	-1382	4671
1012245	-47.73	-27.05	5.64		-5313	24343	-27958
1012505	-50.30	22.17	-22.53		-5345	655	4765
1012762	-49.27	15.81	-20.94		-4014	124	4800
1013018	-48.23	6.25	-19.52		-2948	-681	4466
1013174	-48.19	6.03	-19.55		-18369	-16004	-9883
1013435	-42.44	-19.85	1.81		1187	-1219	3669
1013691	-35.93	-22.61	6.38		1365	-520	4433
1013947	-35.30	-19.71	6.63		1029	-222	3895
1014102	-35.06	-19.64	6.71		1008	-202	3890
1014356	-36.15	-6.96	0.25		-817	113	3619
1014509	-36.45	-6.48	-0.27		-910	99	3565
1014762	-30.17	-2.77	-24.49		-7681	202	33
1015016	-173.14	12.43	139.31		-4749	-6327	16617
1015277	146.09	45.68	75.83		-1804	-7727	11810
1015536	123.31	12.44	14.50		653	-1764	5008
1015892	124.25	-0.22	-2.07		830	207	3732
1016045	123.86	0.08	-2.38		881	173	3751
1016297	135.56	14.98	-23.40		3079	264	4526
1016553	140.15	29.59	-61.48		3120	3196	8664
1016709	145.53	12.18	-140.81		6286	8426	7531
1016966	23.53	16.56	165.74		-4	1892	16876
1017221	-13.39	13.95	97.96		1393	6406	11849
1017376	-14.63	14.35	95.27		1466	6358	11503
1017633	-85.93	42.72	4.32		-585	3784	6044
1017787	-88.48	43.23	1.66		27428	-14851	4304
1018044	-131.22	13.70	-79.12		-5675	4092	9199
1018303	-134.75	-17.52	-76.30		-5447	3255	8973
1018563	-168.03	-45.72	-50.98		-5054	3267	7889
1018823	157.37	-50.39	-21.23		-4560	3157	6186
1019082	140.60	-47.73	-2.91		-3853	1889	6054
1019340	-176.42	-49.50	-11.81		-5224	-572	5773
1019599	-140.77	-36.66	-35.45		-4945	15	5611
1019857	-144.10	-8.06	-39.29		-2095	2763	5090
1020116	174.88	14.76	-36.44		2745	2668	4239
1020272	174.53	15.49	-36.45		2770	2607	4306
1020529	173.15	45.09	-23.16		5229	646	6085
1020784	-152.57	54.86	-0.49		5833	1703	7515
1020940	-150.82	55.01	0.44		5833	1847	7514
1021196	-117.91	5.85	22.37		3426	-2154	5832
1021351	120.99	-5.58	-8.69		-19982	-8994	-9733
1021612	-128.42	-21.01	6.55		134	-2730	4251
1021868	-132.65	-22.85	2.78		-645	-2861	4335
1022126	-118.16	-18.14	-7.26		-1034	-1445	4128
1022386	-117.15	-13.10	-13.48		-1065	-693	3851
1022645	-118.39	-10.10	-11.13		-588	-351	3626
1022904	-117.15	-10.92	-9.19		-388	-593	3732
1023161	-117.34	-9.69	-8.31		-194	-436	3593
1023316	-117.38	-9.68	-8.26		-190	-442	3598
1023574	-119.16	-10.32	-5.87		50	-563	3538
1023727	124.30	-6.33	13.37		-2060	2173	20545
1023985	-115.58	-5.31	3.61		1301	-401	3705
1024240	-116.13	-9.12	12.94		2040	-1315	4203
1024498	-117.75	-17.26	15.97		1839	-2045	4327
1024656	-2.22	nan	34.42		-18416	23226	-6053
1024912	-123.21	-19.00	4.36		45	-1800	3828
1025168	-113.32	-3.10	-4.54		388	658	3641
1025320	-112.74	-2.55	-4.87		383	747	3636
1025575	-95.66	4.81	-9.85		-369	1930	3718
1025829	-100.82	-0.16	-7.63		26	996	3563
1025982	-101.19	-0.29	-7.54		33	972	3533
1026335	-116.64	-5.50	-0.00		488	-239	3820
1026490	-116.91	-5.52	0.34		507	-295	3841
1026845	-151.09	-14.44	12.06		-292	-1798	4486
1027104	172.66	-12.73	26.64		-1197	-2929	4853
1027262	3.23	nan	-170.97		-16209	7298	-3810
1027518	138.73	3.68	43.41		-1944	-5099	6025
1027775	146.18	-2.14	33.48		-1419	-2904	4721
1028032	156.15	-8.36	22.79		-794	-1264	3955
1028188	156.41	-8.36	22.58		-761	-1226	3902
1028445	135.51	8.37	28.06		-753	-2787	4475
1028598	134.79	9.08	28.11		-1218	8102	-26996
1028856	103.23	31.46	16.03		-39	-4480	5250
1029112	65.95	36.16	-7.77		-495	-4000	5771
1029267	63.57	36.20	-8.94		-541	-4027	5853
1029522	-22.27	18.98	-41.06		-3569	-3614	6444
1029781	-53.87	5.47	-42.17		-3845	-2678	6078
1029938	-72.62	-5.67	-3.36		16247	24115	32433
1030196	-51.66	-4.46	-27.90		-1822	-2439	4557
1030455	-49.42	-33.25	-11.34		1095	-3063	5542
1030714	-85.27	-55.79	56.30		5240	-1410	8783
1030972	-78.49	-21.90	23.44		3315	-874	5673
1031228	-88.90	-12.17	-2.06		-1914	464	3736
1031384	-90.29	-13.30	-1.42		-2144	167	4138
1031640	-137.19	-13.79	7.91		-471	-1340	5552
1031898	-126.22	2.10	5.23		546	661	4348
1032048	-124.31	2.84	5.89		590	863	4514
1032301	-102.78	-31.21	3.77		-452	-3758	4946
1032558	-71.36	-4.24	-18.74		-2950	-107	4512
1032816	-34.46	10.59	-14.84		-3329	240	4062
1032972	-33.03	10.26	-14.29		-3218	260	4041
1033228	-19.05	-50.68	-0.97		4107	-1298	5757
1033486	-10.76	-46.30	-7.67		3620	-1162	5476
1033743	-27.18	-0.18	-16.77		-3181	-974	3343
1033900	-28.76	1.62	-17.15		-3370	-909	3367
1034157	-51.91	29.94	-26.19		-4793	1943	5429
1034415	-64.71	13.70	-27.13		-3394	622	4856
1034570	77.10	-32.40	-26.86		24422	-25409	10401
1034932	-63.81	9.06	-13.71		-1636	916	3737
1035086	-63.25	8.86	-13.30		-1609	922	3700
1035341	-27.52	-31.93	16.62		3484	1059	5254
1035497	-27.49	-33.50	17.52		3654	1111	5361
1035754	3.19	-39.87	4.38		3116	1175	4834
1035907	3.22	-39.04	4.01		3018	1119	4740
1036160	2.88	-27.05	2.55		1679	909	3710
1036311	2.85	-27.08	2.42		1704	883	3731
1036563	3.18	-17.75	-1.56		536	128	3127
1036715	3.13	-17.53	-1.59		523	133	3116
1036966	-0.03	-14.78	-2.40		188	97	3049
1037218	-0.39	-13.76	-1.77		72	211	3076
1037369	-0.37	-13.74	-1.75		62	220	3075
1037621	4.39	-16.27	-1.46		225	394	3095
1037772	4.49	-16.48	-1.58		262	340	3109
1038024	5.02	-7.30	-2.03		-947	133	3343
1038276	4.29	17.67	-5.33		-3673	-933	3334
1038430	4.51	18.61	-5.55		-3822	-954	3332
1038685	171.41	-57.31	169.81		3021	-6776	18880
1039045	-156.86	-12.39	59.64		3875	-6173	8767
1039405	-154.46	6.67	13.28		2545	-294	4166
1039559	-154.11	6.97	13.08		2528	-246	4180
1039815	170.49	18.57	9.65		2862	-1222	4147
1039970	168.21	18.99	9.68		2965	-1388	4180
1040225	161.02	21.45	1.91		3082	-1402	4762
1040379	161.08	21.41	1.48		-19715	-30454	-31299
1040642	165.63	26.47	-34.33		2712	3317	5551
1040898	97.46	42.12	-98.43		5486	-43	11737
1041154	67.46	15.56	-141.64		3444	-2180	15550
1041413	114.42	-44.90	-147.07		4403	-358	14127
1041673	95.72	-33.38	-134.49		5144	537	14897
1041931	87.33	66.82	-92.84		5827	-2605	12165
1042087	93.13	69.33	-86.24		-12557	-4362	-7691
1042348	-177.16	31.46	11.64		2972	-2362	4662
1042605	175.29	24.11	11.15		2074	-2712	4684
1042862	159.47	16.44	7.40		716	-2220	4414
1043015	157.68	16.19	7.25		565	-2181	4430
1043270	24.95	10.00	-20.72		497	-1771	4169
1043424	23.16	9.47	-21.24		585	-1751	4170
1043679	-41.18	-11.30	-31.67		-956	-2961	4187
1043937	-43.69	-25.46	-28.35		689	-3695	4851
1044093	-43.86	-26.03	-28.07		29895	-140	27600
1044354	-59.33	-55.47	-5.32		3615	-5253	6818
1044612	-75.91	-55.00	21.96		5387	-3384	6535
1044870	-47.99	-42.31	19.98		4979	-191	5672
1045128	-43.20	-32.49	15.37		3125	-218	4882
