373929	-40.83	28.40	43.79		205	-320	4831
374082	-40.84	27.92	43.15		180	-393	4766
374335	-20.21	11.21	33.20		-1836	-2238	4241
374591	61.25	-6.30	41.11		-8372	872	5795
374744	63.27	-6.43	40.67		11311	-14132	29318
375002	80.24	-3.76	84.99		-12645	-3850	12378
375259	104.21	-23.94	104.31		-11694	-7661	14394
375521	128.44	-36.28	88.79		-10040	-10731	12307
375782	138.82	-34.28	66.50		-9393	-9527	9985
376039	134.08	-27.17	58.95		-9121	-8514	8670
376297	141.16	-24.95	47.05		-8250	-8413	7071
376555	168.36	-23.33	23.35		-6987	-7399	5294
376711	46.65	nan	-31.42		-17856	2948	28550
376967	-145.66	24.54	31.90		-71	-6881	5864
377323	-126.75	21.68	39.81		682	-6180	5616
377478	-127.55	20.94	38.44		494	-6215	5514
377733	-157.04	6.02	-7.66		-4588	-3662	2824
377888	-156.39	6.79	-7.38		-19735	28841	-30517
378148	-114.39	23.82	29.59		361	-4645	4076
378404	-113.33	18.79	7.34		-3561	-3254	4020
378660	-110.38	25.60	9.60		-2547	-2722	4205
378816	-110.24	25.78	9.71		-2590	-2696	4238
379073	-109.88	27.38	9.88		-2499	-2499	4208
379329	-115.77	26.01	7.79		-2696	-2841	4047
379485	-115.83	26.01	7.87		-2665	-2847	4052
379742	-113.82	29.23	10.64		-1988	-2395	4443
380000	-110.90	31.46	10.13		-2038	-2035	4788
380358	-120.82	26.01	-4.11		-3821	-1980	4418
380515	-151.91	14.93	167.65		-8125	18361	9355
380774	-119.09	22.45	6.72		-11597	3237	-126
381031	-100.93	-15.59	164.69		-2740	-6548	17750
381292	-97.81	-1.35	165.23		-1103	-7213	20072
381550	-93.46	32.71	-165.40		-1634	-8731	18465
381810	-99.30	42.60	-146.12		-6272	-9789	16291
382070	-99.85	46.38	-125.16		-8732	-8640	14883
382330	-102.69	47.28	-103.12		-9614	-6277	12919
382592	-106.19	42.71	-80.03		-9125	-3613	10577
382852	-106.03	31.79	-59.60		-7752	-3010	8128
383111	-107.93	26.79	-45.10		-6236	-2736	6579
383370	-110.06	25.68	-35.10		-5111	-2506	5678
383628	-110.31	26.20	-26.23		-3881	-2564	5132
383887	-107.76	25.89	-20.27		-3135	-2369	4764
384146	-103.73	13.89	-11.34		-2819	-4092	3904
384404	-98.41	6.53	-0.91		-1616	-5581	4112
384559	44.11	nan	-84.84		-4708	30562	-22524
384815	-56.56	40.19	16.89		-3755	105	6774
384968	155.85	nan	41.97		8941	18955	-8552
385222	-0.29	33.84	46.94		-5540	342	7640
385375	0.52	33.79	47.14		-5627	305	7647
385627	4.62	30.79	49.39		-5183	-34	7851
385879	5.41	27.18	46.97		-4677	-938	7025
386031	5.25	27.10	46.94		-4671	-892	7021
386284	-6.64	23.64	36.31		-3603	-1159	5820
386540	-7.97	18.75	25.39		-3474	-2189	4824
386695	-7.62	18.45	25.10		-18821	-20615	6514
386952	10.30	1.52	25.69		-3031	-2041	4594
387207	32.01	-6.67	24.23		-3205	-2358	5178
387360	32.57	-6.87	24.16		-3202	-2386	5097
387616	95.00	-7.21	5.48		-5206	-3749	3839
387769	96.91	-6.54	4.04		-5032	-3829	3783
388024	123.98	23.21	-19.47		-761	-5772	4004
388280	105.21	-12.79	11.75		-6763	-3603	4546
388538	76.35	-35.96	27.40		-6369	466	5687
388691	75.77	-36.07	27.05		-1939	32134	21282
388950	79.21	-21.92	-25.75		196	-2874	6256
389204	61.27	-29.59	-23.51		1549	-3614	5936
389360	60.66	-30.13	-22.45		-29289	-15282	20642
389621	47.90	-27.58	-3.19		-305	-2416	5059
389877	57.26	-22.20	-12.94		-306	-3242	4665
390133	87.00	-21.07	-38.20		804	-1892	5592
390288	86.69	-20.78	-37.95		954	-1978	5526
390543	67.55	-27.40	5.36		-2846	-1284	4983
390697	67.76	-27.26	5.95		-2921	-1251	4960
390953	107.19	-11.88	15.45		-7052	-4335	3695
391211	149.07	20.38	-18.02		-2173	-4515	4228
391368	-178.65	17.93	170.10		-21415	-14484	-32463
391631	132.44	15.48	-14.28		-2409	-5099	3084
391888	91.54	-22.79	-4.93		-3102	-1825	4327
392044	90.42	-24.06	-4.37		-3039	-1700	4422
392301	68.31	-23.67	-1.55		-1290	-1364	5142
392658	41.87	-1.12	4.77		-2650	-4542	3364
392812	41.59	-1.18	4.91		-2671	-4502	3383
393066	31.73	-9.14	17.09		-1929	-2373	3813
393321	23.54	-14.70	11.11		-390	-2676	3258
393577	21.76	-7.05	-17.55		509	-6973	4232
393730	21.76	-6.30	-18.45		467	-7174	4239
393985	20.36	-2.55	-11.96		-483	-6722	2756
394240	14.64	-5.45	-3.22		-512	-5788	2739
394392	-3.53	nan	8.64		-28442	17204	5744
394645	15.18	-9.83	5.38		-152	-4320	2752
394798	15.09	-9.87	5.63		-152	-4287	2765
395051	12.53	-11.88	11.94		-30	-3528	3075
395304	13.52	-11.97	14.91		-222	-3110	3112
395459	13.52	-12.00	15.01		-226	-3080	3121
395715	20.81	-14.49	18.60		-699	-2860	3497
395870	22.20	-14.63	18.80		-810	-2832	3511
396125	138.96	-17.00	-1.20		-7427	-2964	3115
396383	155.28	-8.60	5.40		-6385	-5606	3302
396536	155.33	-9.39	6.24		-6582	-5715	3340
396792	164.11	-3.62	1.92		-6138	-5820	3330
396947	164.48	-1.75	0.96		-5850	-5718	3363
397202	159.16	-28.21	-8.64		-8361	-3257	5334
397460	155.12	-27.38	-11.18		-8102	-2881	4370
397618	-163.76	nan	-69.42		-10911	3661	-24879
397876	168.13	26.57	-25.81		-1004	-3360	5055
398134	170.09	2.87	-21.87		-4396	-3319	3756
398390	168.08	11.00	-25.89		-2566	-2762	4388
398648	166.38	16.59	-24.42		-2558	-3137	4468
398804	166.30	16.76	-24.45		-2487	-3144	4443
399063	167.02	16.27	-29.77		-2308	-2446	4641
399321	169.07	15.01	-29.99		-2468	-2166	5173
399578	169.89	6.83	-20.46		-3833	-3053	4205
399733	169.72	6.48	-20.00		-4375	14417	-27510
399992	179.50	29.40	-19.28		-11486	-3932	3322
400251	-2.34	-24.58	150.45		-6679	-2986	19797
400510	19.01	-60.17	141.74		-8954	-2991	15284
400770	-31.30	-79.93	-155.33		-9830	-3628	13252
401031	-142.93	-62.93	-36.46		-9342	-4945	9458
401290	-142.53	-28.78	-42.29		-9046	-4463	7257
401550	-118.43	43.20	-32.03		-7192	150	8450
401807	-45.72	32.48	115.74		1360	-3386	13245
402065	-129.97	-55.98	144.96		2328	-6011	14114
402324	73.30	-79.84	-62.95		3314	-6278	9269
402480	165.23	nan	-96.67		-10071	17162	25187
402738	-42.14	-35.79	101.04		20	-672	11091
402993	-3.12	42.84	106.56		-3296	1148	12272
403148	49.30	nan	123.45		-15015	6825	11831
403404	-166.88	50.78	-72.19		-3861	426	10109
403661	-166.53	34.01	-59.72		-3283	-313	8332
404021	-150.06	30.87	-40.47		-2956	-1656	6581
404279	-148.05	26.14	-40.86		-2974	-1733	6734
404438	-178.22	-20.24	171.38		15860	2318	-455
404696	-118.25	5.35	-55.23		-8265	-3393	6758
404954	-125.33	7.89	-49.24		-6542	-3556	5771
405211	-133.17	35.33	-42.04		-3502	-1173	6885
405470	-126.64	62.26	-24.61		114	-172	8401
405624	-125.67	62.89	-23.71		5228	15196	-9621
405883	-104.90	58.01	3.65		517	-1063	7331
406137	-120.88	37.42	-13.11		-921	-3061	5668
406497	-115.24	18.22	-30.00		-5179	-3250	4179
406755	-117.89	22.01	-7.82		-912	-4616	3859
406910	-118.53	22.38	-7.36		-794	-4665	3908
407168	-140.40	38.97	0.16		1668	-4088	5790
407322	130.22	-33.76	19.31		23670	1909	-13257
407581	-148.71	32.64	-11.03		-323	-4660	4400
407838	-136.53	43.66	-8.11		209	-3403	5782
408094	-114.60	52.67	5.18		509	-2018	7009
408248	-113.74	52.74	5.74		510	-1998	7027
408603	-108.28	44.51	7.64		60	-2858	5997
408755	-108.80	44.27	7.14		15	-2871	5961
409009	-129.15	34.13	-7.51		-1185	-3559	4968
409266	-147.92	21.32	-13.77		-1238	-5010	5088
409525	-156.18	-4.96	-29.77		-5538	-4390	5537
409784	-156.79	-10.25	-32.00		-6657	-4467	4186
410043	-168.73	16.90	-24.84		-1550	-4709	5542
410302	-148.97	32.00	-21.34		-774	-2493	5859
410560	-131.33	43.04	-13.78		-1071	-2388	6049
410819	-90.28	51.25	17.69		-513	-1137	7406
410973	-88.11	50.97	19.22		-510	-1101	7446
411229	-44.20	30.24	42.62		-1416	-1127	7040
411384	-43.83	29.78	42.76		-1417	-1165	7022
411640	-22.66	-0.05	49.36		-608	-1371	7202
411795	178.97	21.25	-73.52		7040	16516	-23793
412054	-37.35	-1.64	44.69		145	-2811	6550
412308	-42.66	9.27	35.28		-1493	-3020	5844
412463	-42.85	9.56	34.89		-1538	-3038	5831
412718	-52.53	15.28	26.02		-1969	-3626	5211
413076	-39.73	14.10	35.66		-1277	-2423	6173
413232	-39.89	14.10	35.97		-1200	-2373	6201
413488	-62.40	26.06	31.46		-1592	-3046	5803
413745	-74.09	26.07	28.48		-1660	-3792	5188
413900	-74.08	25.93	28.65		-1634	-3829	5210
414156	-44.31	21.06	46.55		-1303	-2111	6889
414413	-34.58	11.88	56.76		-834	-1071	7068
414568	-34.16	11.32	56.58		-860	-1128	7029
414823	-24.02	-7.67	44.36		-220	-3226	5733
414978	-23.79	-8.17	44.09		-207	-3276	5710
415233	-18.81	-22.15	40.54		29	-3349	6061
415386	-18.67	-22.35	40.53		20	-3355	6084
415741	-43.76	-24.84	42.55		885	-5012	5435
415896	-43.74	-24.69	42.23		841	-5038	5414
416151	-29.48	-15.08	33.16		-1046	-4370	5152
416308	-48.31	-51.66	67.15		29559	31606	7513
416566	-36.56	-3.78	35.42		-1773	-3690	5083
416822	-36.07	-6.73	39.50		-941	-3324	5473
416976	-34.29	-7.61	40.32		18282	-1177	-3535
417233	-40.56	6.84	47.84		-1673	-2038	6085
417489	-42.29	20.68	53.94		-1816	-827	6401
417644	-42.04	21.42	54.06		-1897	-778	6452
417899	-60.91	43.97	51.46		-1372	-830	7494
418054	-61.43	44.28	51.24		-1345	-877	7483
418310	-71.55	42.90	38.05		-1308	-1087	6209
418667	-77.61	35.94	27.33		-2533	-2073	5443
418823	-77.71	36.02	27.40		-2514	-2030	5442
419079	-84.46	37.89	32.08		-1316	-1790	5531
419336	-82.70	31.49	30.00		-1592	-2559	4891
419491	-82.63	31.28	29.83		-1639	-2558	4881
419748	-78.22	18.29	29.14		-1482	-3910	4093
420004	-76.91	13.27	27.22		-1878	-4359	4181
420160	-76.86	13.22	27.12		-1878	-4408	4164
420417	-79.15	24.72	24.77		-2270	-3218	4605
420673	-86.62	37.02	22.03		-2417	-1859	5203
420829	-86.95	37.37	21.93		-2407	-1832	5226
421086	-93.93	42.14	19.02		-2182	-1402	5413
421342	-92.66	34.52	21.02		-1895	-2637	4830
421497	-92.63	34.25	21.09		-1892	-2688	4815
421754	-91.05	29.07	21.74		-1887	-3144	4527
422011	-93.08	28.59	20.30		-2168	-3151	4582
422167	-92.98	28.65	20.25		-2164	-3177	4569
422423	-93.71	37.36	20.62		-1929	-2112	5056
422680	-95.94	36.84	21.56		-1547	-2279	4954
422836	-95.91	36.72	21.42		-1563	-2291	4935
423092	-99.72	30.92	14.79		-2442	-2958	4506
423349	-100.00	29.25	15.91		-2387	-3057	4496
423505	-99.99	29.21	16.03		-3552	14772	-26733
423764	-93.88	26.87	23.77		-1545	-3495	4472
424020	-92.82	26.78	24.09		-1580	-3148	4558
424278	-93.40	26.92	19.44		-2350	-3136	4379
424433	-93.40	26.95	19.28		-2377	-3122	4373
424690	-93.07	28.59	19.29		-2353	-2948	4624
424946	-88.92	32.57	18.64		-2531	-2291	4749
425102	-88.92	32.68	18.61		-2541	-2251	4749
425359	-85.46	13.61	21.14		-2750	-4342	4175
425615	-72.48	-2.76	24.86		-1597	-5782	4035
425771	-71.83	-3.21	24.80		-1689	-5732	4094
426028	-75.29	-19.88	28.61		-370	-8000	4383
426284	-59.42	-6.64	14.20		-3363	-5343	4025
426439	-60.32	-6.83	13.54		-3459	-5410	3997
426695	-96.39	-42.95	52.31		927	-9743	7501
426850	-98.25	-43.80	54.98		8192	7107	23785
427107	-133.59	-53.34	127.66		4024	-7910	11702
427367	-103.19	-63.04	106.03		4984	-6080	9908
427626	-47.23	-49.36	54.84		3416	-4506	5642
427882	-24.72	4.25	30.91		-3946	-1768	3465
428037	-24.67	6.80	29.85		-4388	-1712	3530
428293	-83.12	37.33	-40.01		-9843	-3224	6988
428651	-62.18	-16.62	-33.55		-7122	-7810	5940
428910	-35.40	-23.56	-34.27		-5048	-9989	5006
429067	-11.87	nan	-1.67		-6834	-999	-3816
429321	-26.51	15.63	-14.97		-7235	-6064	3436
429579	-18.40	-21.77	6.42		-1629	-6104	4184
429734	-19.34	-23.03	7.08		-1463	-6210	4175
429990	-28.51	-2.40	8.32		-4693	-4355	3323
430145	-29.06	-1.73	8.39		-19067	-3847	-21702
430404	-30.85	-8.09	17.47		-1987	-3570	3554
430660	-26.44	-0.88	15.98		-4158	-2864	4318
430916	-31.86	2.18	19.96		-3298	-2794	4320
431071	-31.96	2.37	20.26		-3297	-2733	4328
431327	-30.71	-3.46	25.57		-2487	-2483	4415
431481	-30.46	-3.77	25.64		-2452	-2518	4417
431738	-23.18	-3.73	28.20		-2705	-1828	5062
431994	-29.92	9.02	21.30		-3937	-1840	3682
432149	-30.36	9.50	20.96		-4016	-1838	3655
432405	150.40	-41.81	-150.85		-4639	-2785	17336
432666	149.34	-14.16	-117.82		1694	-569	13783
432924	161.22	-5.72	-116.05		1727	895	13466
433080	161.32	-5.20	-116.08		-482	27978	5546
433338	144.91	49.08	-144.28		-2124	1147	16104
433597	105.72	76.44	173.74		-4141	1332	13842
433855	-20.88	81.54	44.29		-5112	712	11664
434009	-32.98	nan	-86.82		5529	32248	-27833
434266	-17.42	51.11	40.70		-5665	-110	8719
434521	4.89	32.50	48.93		-5984	-336	7884
434673	4.99	32.07	48.90		-5946	-342	7846
434926	-3.09	20.21	23.96		-5524	-2735	5940
435182	-12.03	19.89	15.68		-4900	-3474	5542
435337	33.05	nan	36.91		30432	17606	11890
435592	36.20	25.09	46.23		-7919	-1995	7396
435746	38.78	24.32	47.06		-25418	4701	22355
436002	81.23	-5.42	54.01		-8590	-4155	7205
436258	87.40	-18.68	46.83		-7925	-3179	6731
436414	87.76	-18.83	46.38		-7856	-3261	6734
436671	90.80	-18.11	25.93		-5733	-3413	5193
436927	85.50	-20.93	19.38		-4515	-2725	5118
437083	85.39	-21.09	19.19		-4496	-2665	5112
437340	99.00	-19.00	1.96		-3166	-2841	3981
437494	97.90	-14.62	-40.59		11088	16189	-29739
437754	170.66	42.86	-21.59		954	-2803	5818
438009	-147.06	55.63	6.62		842	-2181	5775
438163	132.45	nan	-32.68		12830	-27513	-20325
438421	-174.92	3.38	-17.25		-4738	-3378	3666
438679	-176.16	7.01	-23.37		-4369	-2457	3728
438937	-160.83	36.04	-10.09		-949	-2411	4716
439194	-158.42	22.90	-13.24		-3197	-2881	4034
439453	-163.09	20.05	-21.00		-3934	-2019	4337
439813	-163.14	26.51	-19.47		-2609	-2218	4660
440072	-163.65	27.28	-21.18		-2515	-1966	4630
440229	-177.94	33.60	-84.94		-4560	-15680	-24809
440492	-165.40	28.77	-21.20		-2224	-2119	4698
440751	-161.95	31.14	-21.49		-2262	-1783	5247
440908	-125.08	-9.34	58.40		7365	-17015	6537
441166	-170.61	10.51	-19.66		-4097	-2455	3690
441424	-127.13	68.22	55.56		-8131	-5906	13427
441683	-22.74	13.70	-178.72		-4665	-6958	18879
441944	-18.15	-10.21	-122.91		-4975	-11860	18212
442206	-70.26	-19.23	-63.95		-9747	-8804	9917
442465	-115.77	-39.41	-14.76		-6818	-9082	6856
442725	-160.22	-42.01	25.29		-7899	-11546	7074
442984	157.54	-18.48	12.97		-5143	-6029	4625
443242	130.01	-2.37	-1.30		-1331	-4971	4128
443498	122.41	2.45	-6.96		-1117	-4638	3588
443653	122.96	2.74	-7.09		-1122	-4682	3565
443909	125.55	16.09	-2.18		-1122	-6869	4233
444165	126.92	22.56	-7.01		1628	-6000	3326
444319	127.38	22.47	-6.68		1586	-6089	3217
444575	145.60	-18.07	-3.57		-4211	-2836	3726
444732	145.45	-19.14	-3.29		16923	8202	-22874
444991	90.60	-33.61	74.72		-11767	-5211	6784
445248	65.64	-23.53	129.25		-9559	-3264	15943
445507	52.74	2.47	-165.33		-2744	-6469	21302
445765	133.90	29.90	-101.86		925	88	13516
445919	138.02	30.41	-99.58		731	510	13186
446173	-121.25	48.38	-9.42		-2409	1296	5888
446328	-121.94	47.78	-10.01		-2415	1217	5847
446586	171.27	18.80	-48.72		-1360	1497	6356
446843	162.99	15.44	-40.69		-260	-310	6070
446998	163.25	15.44	-40.38		-263	-366	6056
447253	-145.74	45.14	-6.73		-894	-914	6664
447408	167.85	4.85	164.79		26316	13254	-8190
447666	-144.42	41.93	-0.16		-463	-1714	5384
447922	-153.14	38.44	-10.57		-1189	-1099	4708
448181	-175.58	26.33	-23.35		-658	-1339	5615
448439	163.41	-1.47	-45.67		-2166	850	5937
448592	163.39	-1.87	-45.66		-2180	826	5915
448848	-178.86	32.40	-20.55		-435	-1720	6094
449005	-177.05	34.51	-19.13		-15621	-26586	-4227
449267	-122.56	48.86	17.09		177	-1472	6282
449422	-123.99	48.26	15.26		27	-1438	6226
449676	-176.47	17.63	-24.51		-2630	-1795	3937
449835	-45.97	-30.73	-155.75		12880	-24824	22333
450097	-141.15	44.34	6.49		534	-2391	5537
450249	-140.42	44.20	6.67		388	-2322	5559
450606	-158.04	28.55	-17.53		-2460	-1452	4191
450762	-20.20	nan	-10.28		2710	-1202	-15787
451019	-145.76	28.93	-9.87		-2256	-1601	4618
451276	-144.34	24.69	-13.45		-3391	-1824	4271
451535	-142.05	27.74	-8.51		-2728	-2147	4441
451793	-139.07	29.31	-5.04		-2461	-2160	4451
451950	-139.17	29.35	-5.01		12281	13199	-26650
452210	-140.55	29.49	-2.63		-1546	-2390	4232
452467	-141.56	24.69	-0.65		-2704	-2856	4117
452725	-138.63	25.77	-4.62		-2756	-2366	4192
452983	-138.49	28.60	-6.19		-2442	-2176	4360
453240	-137.96	31.41	-4.95		-2222	-2061	4599
453397	-137.95	31.48	-4.92		-2209	-2057	4600
453655	-139.33	32.30	-3.94		-1737	-2064	4533
453912	-142.94	27.18	-5.41		-2612	-2497	4354
454170	-137.07	28.70	-1.74		-2222	-2389	4381
454327	-52.78	nan	3.25		-29987	29907	10630
454582	-131.18	28.06	-1.66		-1948	-1945	4496
454840	-132.42	14.82	-11.03		-7107	-1816	1579
455099	-91.29	6.78	168.02		-6548	-2758	23562
455255	92.16	nan	-40.98		8806	-14455	-8248
455511	-72.69	10.92	-85.49		-10229	-6800	13788
455770	-62.04	15.41	-52.37		-8661	-7143	8046
456028	-60.61	15.15	-27.71		-6884	-6139	5225
456386	-89.58	-3.62	3.23		-1310	-5165	4836
456541	-90.10	-4.72	3.45		-1325	-5393	4942
456796	-119.88	-38.35	9.71		-4715	-10257	5197
457055	-144.30	-10.01	12.82		-1659	-6866	3998
457414	-143.24	6.07	4.16		-968	-4731	3877
457568	-143.56	6.13	3.87		-966	-4719	3886
457822	-155.58	3.78	-5.01		-1593	-4260	3473
458079	-157.42	2.66	-8.65		-2190	-3522	3475
458335	-154.56	7.60	-8.43		-1204	-3527	3408
458490	81.01	nan	-0.63		-717	-10339	32266
458744	-129.96	-1.17	-16.28		-3430	-2595	3531
459003	-83.87	-50.67	-11.80		-4595	-11290	4064
459262	-18.33	-76.15	-89.50		-6445	-13991	9323
459523	-8.87	-21.80	-96.41		-7348	-13531	13065
459783	-19.42	31.25	-90.66		-7762	-13245	12674
460043	-14.68	55.00	-92.27		-5311	-14393	12487
460303	8.61	60.98	-112.23		-223	-12032	14121
460561	17.21	39.34	-156.78		618	-6634	16819
460716	-13.59	nan	-1.29		-20674	-18686	-7095
460974	131.85	75.64	-53.98		2841	-4697	9899
461231	166.54	58.38	-25.24		2088	-3917	7882
461385	-8.71	nan	61.37		22842	23380	5032
461639	-163.02	71.11	-9.17		1890	-2114	8138
461795	-163.43	70.26	-9.44		-5831	6131	-11764
462053	-176.73	39.03	-25.04		-397	-1852	5127
462311	-172.78	45.21	-19.87		-571	-2194	6100
462569	-170.47	38.10	-19.46		-767	-2118	5344
462826	-174.48	23.53	-25.16		-2504	-1834	4937
463085	-179.97	16.61	-26.86		-2563	-1876	4782
463444	-178.98	20.68	-24.31		-2196	-2146	4952
463704	-173.32	26.33	-20.17		-1897	-2405	4939
463861	145.73	17.34	-78.62		-19733	12096	28656
464121	-170.29	28.28	-19.28		-1872	-2384	4756
464380	-170.04	28.69	-20.93		-1974	-2268	4805
464640	-167.80	33.66	-22.86		-1564	-1667	5433
464899	-173.86	26.20	-26.30		-2301	-1687	5349
465157	-178.49	-2.74	-21.74		-5230	-2021	3931
465416	-111.21	68.95	110.26		-2808	-10177	17206
465677	-43.49	39.29	168.43		627	-7225	17930
465934	-23.01	23.31	-141.88		305	-10719	18080
466193	-21.12	5.43	-87.27		-4571	-13152	12330
466451	-6.84	-8.54	-42.11		-2883	-11237	6212
466709	14.68	-40.05	-8.47		1473	-5828	6068
466864	14.57	-41.63	-7.58		1596	-5690	6217
467119	152.17	-20.45	-171.97		-1944	-7083	18368
467380	157.44	74.32	-74.25		228	-95	10772
467533	168.97	73.22	-60.18		444	-357	10251
467788	134.97	-1.91	6.67		-5022	-5640	4209
467943	133.53	-2.42	6.57		-5127	-5365	4264
468199	77.13	1.04	-8.28		-1821	-6268	4572
468352	76.49	0.91	-8.73		-1604	-6411	4553
468606	63.83	-8.32	-8.33		-895	-5080	4015
468759	63.76	-8.83	-8.02		-880	-4964	4048
469013	60.70	-10.91	1.38		-1594	-3990	4094
469269	61.72	-14.74	7.29		-2107	-2977	4043
469524	71.57	-23.93	9.70		-2513	-2105	5002
469679	72.05	-24.25	9.58		-2532	-2089	5048
469935	116.02	-21.16	-9.70		-3577	-1360	4918
470091	117.24	-20.06	-10.57		-19789	15711	-7297
470454	144.29	24.98	-20.44		-31	-4482	4147
470607	144.62	24.45	-20.23		-129	-4441	4115
470864	159.32	7.00	-14.09		-3138	-3216	3026
471020	152.35	5.57	-20.35		1369	5513	2608
471274	178.49	23.86	-8.20		-1531	-4478	3719
471632	179.42	20.85	-19.53		-2327	-2528	3389
471789	172.50	-5.36	165.35		-2490	-19084	-31604
472151	-176.96	20.51	-14.21		-2441	-3401	3563
472410	-174.32	15.08	-18.37		-3542	-2794	3838
472567	63.91	nan	48.63		-29302	-1719	-18805
472823	178.58	17.33	-22.91		-2706	-2344	3997
473081	179.89	20.17	-24.09		-2446	-2250	4141
473339	-178.77	17.75	-23.76		-2930	-2125	4299
473598	178.96	16.14	-22.72		-2910	-2440	4145
473755	178.92	16.10	-22.76		5204	-31387	-14247
474015	175.29	6.86	-26.72		-3634	-2050	4381
474271	174.29	9.56	-26.28		-3163	-2147	4442
474528	178.08	20.58	-24.31		-2215	-2067	5303
474887	166.09	-10.43	-24.04		-5199	-1613	3834
475146	-72.12	52.32	151.18		-5408	-11562	19568
475406	-23.83	-18.53	-146.70		-6937	-10527	21635
475668	-33.63	3.90	-66.86		-5910	-11252	9712
475925	-28.07	19.28	-31.54		-5705	-9217	5363
476082	-69.34	nan	53.61		-9141	-8456	-3874
476337	-24.63	21.22	-5.18		-4628	-6351	3958
476594	-19.89	13.43	6.18		-3048	-5280	3866
476747	-19.70	13.12	6.54		-2999	-5257	3870
477003	-9.15	5.39	24.55		-2080	-3434	3934
477157	-8.83	5.01	25.14		-2072	-3351	3896
477411	-5.15	-63.21	47.13		1525	-1212	10458
477668	30.07	-82.49	14.58		1472	-1508	12046
477924	41.29	-49.77	14.06		-1122	-1663	7325
478181	54.56	-15.22	17.18		-4185	-3278	5517
478337	54.77	-14.34	17.20		-4169	-3361	5468
478593	67.35	-2.78	24.99		-6544	-4829	4644
478747	68.09	-3.27	24.59		24237	-28536	25516
479005	67.42	-7.70	21.75		-4341	-3017	4949
479260	49.12	0.52	6.43		-2251	-4482	3966
479413	48.10	0.90	5.76		-2273	-4630	3965
479666	29.83	-3.23	-0.91		-1268	-5636	3946
479921	29.47	-6.84	2.65		-1310	-4733	3931
480074	29.48	-6.93	2.68		-1302	-4722	3945
480328	42.16	-12.38	10.76		-1112	-3366	4161
480484	42.71	-12.50	11.14		-27194	1232	-20370
480743	86.83	-16.29	4.96		-3704	-2180	3689
480999	132.83	20.97	-20.46		-339	-4450	3691
481154	39.69	nan	11.24		-5632	-30427	27554
481410	157.54	-10.24	7.49		-7189	-5456	3563
481666	141.78	-34.60	-0.74		-7605	-2648	5032
481822	141.77	-34.63	-1.56		16884	-18725	30123
482082	154.57	15.94	-25.73		-2108	-2488	5275
482340	160.70	18.79	-26.32		-1492	-2607	4587
482597	158.11	9.76	-26.98		-2454	-2183	3896
482854	161.90	8.56	-24.20		-2428	-2669	3842
483010	162.03	8.43	-24.08		15767	29980	-8148
483268	165.65	11.83	-22.10		-2901	-2792	4067
483525	164.83	7.51	-27.30		-2908	-2160	4200
483782	166.05	12.98	-31.40		-2489	-1841	4781
483939	166.24	13.26	-31.49		-3010	15379	-26661
484199	164.58	3.20	-27.03		-3227	-1898	4387
484455	164.02	-15.45	-11.60		-7925	-11	1072
484712	-20.48	35.26	-177.87		-2971	-9851	16641
484972	26.52	15.95	-110.49		1933	-12963	17034
485231	37.70	-25.59	-49.62		3264	-7772	8352
485387	37.33	-25.96	-48.08		15558	19288	22748
485645	27.35	-25.05	-15.77		1632	-6474	5157
485902	25.74	-32.27	-5.18		1609	-4842	5579
486056	-40.86	nan	75.77		14113	11798	7053
486310	29.31	-44.44	6.46		1326	-2946	7079
486464	29.22	-44.66	6.72		1304	-2926	7073
486718	19.64	-63.15	21.96		1171	-3732	8390
486873	19.52	-63.71	24.16		676	-3338	8461
487128	-173.47	-83.41	-150.25		890	-2903	13841
487388	148.66	-55.90	-98.68		1128	-1808	11920
487646	-160.25	-45.35	-72.83		-6806	-1087	8105
487906	-127.98	-31.68	-55.41		-8837	-3987	6150
488166	-143.18	-14.53	-41.28		-6003	-2732	5000
488426	-149.43	-7.08	-36.86		-4396	-2530	4140
488684	-153.43	-1.46	-33.91		-3403	-2335	3851
489043	-157.08	4.25	-31.40		-2387	-2216	3671
489200	177.85	6.48	176.63		-12589	1349	-25036
489459	-159.62	8.52	-29.78		-1632	-2166	3614
489717	-160.66	10.36	-29.14		-1308	-2156	3606
489976	-161.44	11.72	-28.69		-1071	-2156	3609
490234	-161.99	12.72	-28.37		-895	-2152	3616
490492	-162.40	13.46	-28.14		-769	-2156	3619
490649	-177.94	61.00	49.30		15756	6842	394
490905	-162.83	14.24	-27.90		-634	-2158	3625
491162	-163.01	14.57	-27.80		-574	-2158	3635
491420	-163.15	14.81	-27.73		-535	-2160	3634
491577	-163.16	14.82	-27.73		-18257	6996	-8469
491837	-163.30	15.07	-27.66		-490	-2160	3641
492094	-163.36	15.18	-27.62		-470	-2164	3642
492352	-163.41	15.26	-27.60		-457	-2162	3642
492610	-163.44	15.32	-27.59		-446	-2161	3642
492867	-163.46	15.36	-27.57		-440	-2163	3643
493024	-163.47	15.36	-27.57		-5580	14829	-26863
493285	-163.50	15.41	-27.56		-430	-2165	3647
493543	-163.51	15.42	-27.55		-427	-2163	3643
493801	-163.52	15.43	-27.55		-422	-2164	3646
494058	-163.53	15.45	-27.54		-422	-2167	3643
494316	-163.54	15.45	-27.54		-421	-2164	3645
494473	63.68	nan	67.89		-15854	28433	-31524
494729	-163.55	15.46	-27.54		-419	-2166	3644
494987	-163.55	15.46	-27.54		-418	-2164	3643
495245	-163.55	15.46	-27.54		-419	-2162	3644
495401	-171.71	-39.32	-99.42		-5622	-7210	15536
495763	-163.55	15.47	-27.54		-419	-2163	3645
495920	179.35	6.13	-178.51		2249	-840	-3872
496177	-163.56	15.47	-27.54		-418	-2163	3644
496435	-163.57	15.46	-27.55		-416	-2166	3643
496692	-163.57	15.46	-27.54		-418	-2163	3646
496848	145.61	-19.22	2.61		-4613	-5757	-12140
497107	-163.57	15.46	-27.55		-416	-2163	3646
497366	-163.57	15.46	-27.55		-418	-2162	3646
497623	-163.57	15.46	-27.55		-416	-2165	3644
497881	-163.58	15.46	-27.55		-419	-2164	3646
498037	-3.36	nan	1.33		-18012	1919	-6062
498290	-163.59	15.45	-27.55		-417	-2164	3642
498649	-163.59	15.45	-27.55		-418	-2164	3645
498805	177.03	4.90	178.05		26448	-26876	17240
499064	-163.59	15.45	-27.55		-414	-2165	3641
499322	-163.59	15.45	-27.55		-415	-2164	3642
499579	-163.60	15.45	-27.55		-416	-2163	3642
499837	-163.60	15.44	-27.55		-417	-2163	3645
499994	-1.34	nan	2.42		7229	13060	3147
500345	-163.61	15.45	-27.55		-419	-2166	3646
500502	-163.61	15.45	-27.55		-196	-31738	-19384
500763	-163.61	15.44	-27.55		-417	-2163	3643
501021	-163.61	15.44	-27.55		-418	-2164	3644
501279	-163.61	15.44	-27.55		-416	-2162	3643
501536	-163.62	15.44	-27.55		-415	-2162	3644
501794	-163.62	15.43	-27.55		-416	-2165	3641
501951	-52.44	nan	64.05		-28793	-23035	18061
502208	-166.10	5.87	-34.65		-1189	-1859	3323
502466	-176.65	-12.42	-43.78		-3451	-564	3719
502724	141.82	-31.00	-44.26		-1530	-280	3786
502982	80.67	-46.65	-35.76		2387	-2485	4183
503138	79.84	-47.10	-35.15		2377	-2560	4254
503395	81.42	-61.21	-8.53		-1368	1407	5139
503650	115.36	-50.39	-14.85		-4423	22	3358
503804	115.73	-49.86	-15.30		-4388	-57	3289
504061	142.74	-43.47	-38.20		-4314	-231	4241
504420	158.07	-38.35	-49.50		-4390	1221	4294
504576	-62.93	nan	6.68		-26268	-26571	9144
504832	106.54	-32.15	-31.73		-117	-785	3014
505088	87.65	-26.32	-21.24		-655	-2870	1970
505243	86.67	-26.11	-21.10		-547	-3004	1852
505500	67.87	-22.02	-21.52		417	-4472	2102
505655	-66.61	-58.41	25.73		5269	-9040	2618
505911	90.62	-10.14	-33.33		2019	-6557	1861
506168	97.20	-10.10	-28.39		850	-5774	2116
506322	97.23	-10.22	-28.12		799	-5769	2118
506577	91.87	-20.52	-22.38		-8	-5073	1725
506731	91.61	-20.81	-22.39		24	-5025	1711
506985	96.35	-34.26	-26.08		-197	-2503	2882
507141	96.63	-34.53	-26.28		-201	-2456	2873
507398	104.51	-36.26	-29.92		297	-1978	2947
507654	101.26	-39.33	-24.15		-881	-1947	3060
507810	100.81	-39.50	-24.01		-30864	-16537	-17778
508073	79.02	-45.36	-21.43		757	-2300	3407
508228	78.55	-45.41	-21.52		788	-2260	3410
508484	78.30	-45.94	-26.57		1702	-2568	3783
508640	-67.21	-38.83	54.52		27137	6902	-24490
508899	71.94	-46.23	-16.15		719	-2134	3145
509154	67.53	-46.20	-11.21		653	-1848	2972
509308	-77.16	-22.98	32.50		-6448	39	-13592
509565	58.48	-44.93	-4.94		-5	-1742	2966
509717	58.21	-44.89	-5.13		72	-1825	2955
509970	52.16	-46.22	-6.58		1016	-2518	3104
510125	52.04	-46.26	-6.66		1067	-2556	3099
510381	50.41	-43.43	-1.66		371	-2328	2533
510533	50.19	-43.30	-1.64		392	-2402	2476
510888	18.66	-57.33	7.11		3434	-3230	4396
511042	18.59	-57.74	7.18		3502	-3225	4442
511397	58.65	-60.02	-6.75		2681	-890	4978
511551	60.46	-59.74	-6.77		2426	-778	4946
511805	42.02	-41.59	1.26		1237	-3034	2925
512060	34.06	-38.78	10.12		905	-2489	2553
512214	33.97	-38.76	10.36		892	-2471	2542
512467	39.05	-38.81	13.74		399	-1795	2746
512621	39.41	-38.78	13.71		400	-1796	2748
512875	40.62	-36.03	15.11		-121	-1746	2396
513030	40.51	-35.96	15.17		-141	-1767	2397
513286	43.09	-36.33	13.84		-200	-1704	2391
513440	43.34	-36.36	13.67		-178	-1713	2397
513695	50.31	-37.45	10.75		-186	-1601	2594
513850	50.46	-37.47	10.75		-194	-1588	2591
514105	61.92	-38.10	6.45		-583	-1289	2721
514258	62.13	-38.14	6.15		-542	-1297	2718
514513	64.52	-38.63	5.32		-455	-1173	2595
514666	64.21	-38.59	5.46		-663	-1200	2536
514921	67.63	-37.59	3.80		-682	-1384	2561
515175	67.56	-38.72	5.23		-644	-955	2677
515328	67.67	-38.76	5.23		-640	-944	2681
515682	71.17	-37.89	-0.28		-386	-1218	2782
515835	71.48	-37.85	-0.49		-386	-1201	2792
516091	84.24	-35.79	-14.25		539	-988	2876
516245	84.71	-35.50	-14.74		589	-1027	2913
516500	101.94	-18.66	-27.29		2325	-3134	3281
516657	-163.99	-21.05	-179.65		-350	-16354	-3874
516919	96.00	-15.57	-23.53		1829	-4215	2820
517074	96.42	-15.57	-23.63		1835	-4202	2845
517331	108.25	-14.69	-26.29		1738	-3417	3423
517590	99.44	-17.20	-24.19		1689	-3831	3337
517745	99.49	-17.33	-24.14		24694	1023	-17752
518003	105.11	-21.49	-20.65		809	-2995	3217
518260	105.51	-23.64	-18.94		582	-2627	3639
518517	103.79	-24.37	-17.38		290	-2879	3447
518673	103.76	-24.42	-17.37		291	-2877	3440
518929	103.03	-25.85	-16.99		251	-2807	3564
519186	102.90	-27.12	-16.14		171	-2634	3585
519342	102.86	-27.19	-16.09		168	-2628	3588
519598	103.23	-29.00	-14.05		-219	-2433	3631
519856	103.12	-29.62	-13.69		-252	-2388	3656
520214	101.42	-31.90	-12.90		-317	-2148	3757
520371	107.13	-19.32	8.45		12485	-24134	-1181
520630	104.51	-31.35	-12.60		-650	-2212	3611
520888	102.75	-31.04	-12.09		-420	-2219	3658
521145	103.11	-29.25	-12.02		-458	-2450	3532
521403	103.23	-28.73	-12.32		-443	-2439	3488
521761	103.27	-29.73	-12.47		-468	-2407	3596
521918	-94.95	11.35	9.23		-23961	-26953	6690
522176	106.70	-30.14	-13.75		-528	-2157	3662
522434	109.01	-29.60	-14.08		-653	-2070	3679
522691	110.51	-30.52	-13.45		-908	-2122	3562
522949	109.97	-31.77	-13.98		-767	-1781	3722
523106	109.93	-31.79	-14.00		-760	-1787	3723
523364	98.35	-32.05	-11.80		-267	-2305	3595
523620	101.53	-31.07	-11.59		-463	-2228	3559
523878	104.02	-29.71	-11.18		-667	-2291	3440
524035	104.05	-29.69	-11.14		8145	15591	-6762
524294	107.81	-29.40	-11.63		-844	-2149	3422
524551	114.29	-29.98	-11.36		-1382	-1815	3370
524810	117.64	-30.28	-11.97		-1658	-1630	3371
525069	99.31	-30.14	-9.93		-602	-2181	3138
525223	-128.18	-15.91	126.20		-3298	31849	10301
525585	66.94	-33.60	4.09		-315	-2918	3065
525739	66.09	-33.66	4.46		-315	-2921	3079
525992	58.11	-34.93	11.38		-916	-2708	3129
526248	80.23	-34.93	10.33		-2286	-1977	3008
526505	108.42	-32.77	1.49		-3217	-1997	2752
526661	-166.67	-10.20	146.50		28754	22630	-6733
527023	114.03	-23.80	-24.35		1040	-1987	3844
527179	113.50	-23.85	-24.07		-3545	-22506	-16058
527441	96.05	-27.58	-18.54		846	-3072	3639
527596	96.22	-27.76	-18.37		792	-3019	3622
527852	100.22	-32.18	-14.60		118	-1983	3735
528008	100.31	-32.20	-14.59		91	-1999	3728
528263	103.57	-32.05	-16.53		-18	-1981	3776
528418	-72.66	12.94	-55.01		-8760	7470	-1505
528676	104.47	-32.04	-15.77		-150	-1909	3779
528933	104.70	-31.17	-14.30		-310	-2004	3635
529191	104.98	-30.72	-13.31		-476	-2078	3562
529449	104.28	-31.15	-12.87		-503	-2070	3533
529606	104.27	-31.18	-12.87		-17352	-5560	-4462
529867	103.99	-31.17	-13.42		-380	-2029	3560
530124	104.12	-30.75	-13.38		-379	-2094	3533
530382	104.72	-30.30	-13.08		-460	-2155	3558
530640	104.75	-29.92	-12.86		-479	-2195	3450
530897	104.12	-29.51	-13.33		-372	-2187	3491
531054	-168.80	-5.95	-163.64		11044	-1848	766
531313	103.74	-29.83	-12.81		-442	-2226	3464
531571	104.17	-29.79	-13.39		-372	-2213	3505
531828	104.66	-29.39	-14.09		-296	-2229	3484
532086	105.64	-28.50	-14.37		-293	-2308	3518
532344	106.30	-27.53	-14.76		-248	-2398	3451
532501	106.31	-27.53	-14.79		-242	-2410	3468
532758	106.21	-27.88	-14.80		-245	-2380	3554
533016	107.41	-28.06	-15.28		-253	-2307	3573
533274	107.13	-28.66	-15.51		-257	-2196	3631
533431	-155.89	21.84	161.63		15445	-1699	1006
533690	107.97	-28.24	-15.60		-285	-2278	3699
533947	107.86	-27.52	-16.88		-68	-2330	3731
534204	109.66	-26.92	-17.25		-185	-2297	3798
534461	102.64	-25.34	-14.67		-212	-2112	3637
534618	-95.45	-0.70	10.24		-5707	-3488	-26179
534877	98.07	-27.52	-12.48		-129	-3233	3437
535134	77.42	-35.28	-14.40		1081	-3559	4342
535390	70.97	-49.09	-24.11		2362	-4163	5548
535545	71.12	-49.78	-25.05		2403	-4361	5602
535802	120.37	-66.44	-86.85		3867	-3878	10746
536061	150.79	-53.25	-105.05		2736	-1755	12328
536322	150.05	-40.33	-106.24		2760	-1855	12637
536582	157.51	-21.87	-98.07		1331	-497	12514
536839	154.56	14.81	-69.82		1297	-1237	10572
537097	128.32	40.10	-23.22		1501	-8755	6638
537252	129.15	40.04	-21.26		1309	-8864	6579
537509	152.37	16.15	1.17		-683	-6434	4568
537663	152.31	15.48	1.12		-698	-6320	4500
537917	130.83	4.40	-2.84		-1173	-6002	4341
538072	130.21	4.20	-3.33		-1213	-5718	4339
538327	136.38	-3.23	-15.93		-613	-3287	4628
538482	-63.34	44.60	-8.71		-31501	31008	-29527
538742	131.37	-7.43	-18.07		-713	-3295	4410
538998	133.70	-7.78	-22.02		-427	-3015	5030
539255	146.56	0.57	-20.77		-1593	-2931	5003
539411	46.08	82.44	171.11		-26915	-4216	-16370
539671	-151.41	31.88	11.90		262	-3680	5079
539926	-127.83	14.99	19.47		-1672	-4570	4033
540184	-135.74	2.13	-4.33		-5038	-4540	2997
540339	38.79	nan	-8.75		32664	21709	-31819
540595	-130.09	4.00	9.84		-3211	-4932	3193
540951	-118.00	4.75	-5.16		-4842	-4434	4235
541106	-118.50	4.79	-6.94		-5039	-4257	4227
541363	-116.80	13.06	-3.42		-4394	-2961	4438
541621	-101.96	24.23	25.45		-502	-2867	4768
541776	-102.45	24.52	24.36		-579	-2823	4796
542032	-128.04	20.48	-17.00		-5081	-1506	4295
542291	-98.35	24.00	20.40		-1680	-2399	4475
542547	-99.39	16.08	9.84		-3364	-3007	4864
542702	-100.75	15.88	8.74		-3386	-3064	4833
542959	-165.60	11.68	-25.59		-2992	-1392	4822
543218	160.54	11.92	-18.11		-481	-3375	5044
543374	159.06	12.07	-17.56		-460	-3541	5025
543630	122.28	21.52	-5.38		432	-7885	4329
543783	150.02	9.66	-157.97		-7120	-4791	-1503
544043	105.85	17.04	-3.28		-620	-8065	4022
544297	106.27	4.59	-4.91		-743	-6111	3614
544451	106.18	4.12	-4.97		-757	-6049	3616
544705	106.99	-4.79	-9.75		-443	-4630	3784
544860	106.82	-4.85	-9.88		-416	-4655	3788
545115	103.29	-8.97	-12.40		-173	-4241	4007
545270	103.38	-9.09	-12.33		-198	-4217	4003
545526	115.77	-20.93	-15.76		-678	-2056	4328
545784	118.08	-28.26	-17.00		-1480	-733	4752
546042	109.09	-15.20	-16.12		-170	-3417	4463
546199	108.79	-14.75	-16.26		-117	-3516	4423
546456	109.89	-7.04	-17.64		350	-4134	4476
546712	127.67	-18.89	-22.37		-1259	-2103	5188
546970	165.75	-36.49	-32.31		-5573	-141	7034
547128	167.52	-37.20	-32.93		-5799	-161	7121
547385	-128.05	-24.86	-46.62		-9633	-2508	6828
547645	-119.63	-5.49	-3.28		-5565	-5329	3694
547902	-93.07	3.41	35.14		-433	-4581	4121
548056	-92.31	3.28	35.34		-432	-4503	4171
548310	-102.43	13.45	-8.42		-5783	-3564	3382
548466	110.56	nan	-83.20		13507	21567	17228
548723	-78.28	14.62	34.13		-1664	-2303	5029
548979	-98.79	20.14	0.24		-4610	-2923	4184
549134	-99.33	20.49	-0.89		-4729	-2890	4101
549391	-78.17	24.51	28.14		-1748	-1999	5987
549647	-79.80	23.24	23.93		-2452	-2268	4661
549803	-80.05	23.30	23.60		-2473	-2282	4615
550060	-79.99	24.67	25.60		-2247	-1978	5352
550316	-84.71	23.95	15.45		-3043	-2205	4844
550471	-85.13	23.87	14.61		-3154	-2181	4794
550728	-100.55	5.52	-12.61		-8500	-2155	1533
550986	-34.86	41.89	-164.09		-1601	-15962	21787
551247	104.84	-24.97	21.07		-6042	-4247	8412
551504	106.94	-0.65	66.89		-9616	-9146	5635
551660	107.38	0.68	66.11		-8831	-21940	-16477
551919	94.77	12.53	1.41		-2015	-8301	3603
552173	38.38	15.13	-37.64		-922	-10672	7451
552329	35.57	15.71	-38.52		-884	-10772	7613
552586	29.45	22.24	-21.44		-3281	-10322	5477
552844	33.51	11.74	-3.99		-3368	-7753	4455
552997	33.48	11.28	-3.57		-3343	-7649	4439
553253	30.00	-4.45	5.60		-2049	-5447	4275
553406	29.97	-4.80	5.75		-2008	-5390	4291
553661	28.73	-13.28	10.99		-1331	-4166	4697
553817	28.73	-13.35	11.14		-1340	-4123	4701
554073	29.60	-17.81	15.26		-1135	-3225	4960
554330	23.48	-15.67	18.44		-1291	-3527	5042
554485	23.52	-15.58	18.59		-1298	-3464	5056
554741	32.80	-20.28	27.60		-1977	-2204	5343
554998	44.77	-21.39	30.73		-2848	-1206	5422
555154	45.24	-21.39	30.62		-2856	-1211	5407
555410	63.95	-23.65	23.40		-3477	-2209	5191
555667	72.55	-33.75	23.86		-3809	-974	6017
555822	72.94	-34.16	23.82		-3812	-948	6029
556077	92.59	-39.41	8.78		-2650	54	5911
556228	92.67	-38.98	8.25		-2484	-20	5819
556481	89.98	-30.23	2.85		-2385	-1479	4824
556737	81.38	-26.06	2.71		-1752	-1743	4645
556892	81.07	-25.77	2.51		-1716	-1794	4626
557147	78.84	-14.16	-11.51		77	-4407	4821
557300	78.95	-14.13	-11.78		124	-4404	4828
557555	83.07	-23.61	-6.67		-740	-2675	4917
557710	83.26	-24.02	-6.44		-781	-2609	4927
557966	92.14	-34.34	-1.83		-1896	-929	5506
558119	92.31	-34.35	-1.76		14352	10783	3537
558376	91.60	-27.10	-0.90		-1987	-1649	4707
558633	91.08	-19.23	-12.17		-661	-2644	4451
558789	91.29	-18.80	-13.02		-586	-2699	4459
559045	110.12	10.36	-53.93		3025	-3358	8011
559302	108.46	-9.49	-39.21		1251	-2197	6641
559458	108.06	-10.51	-38.18		1110	-2175	6537
559715	87.98	-28.21	-2.57		-2019	-1716	5067
559972	89.61	-26.11	-5.97		-1494	-1839	5040
560128	-89.21	-14.21	85.87		-23187	9927	-17636
560388	81.39	-20.25	-11.13		-391	-3121	4909
560644	77.37	-20.46	-6.96		-718	-3059	4656
560900	82.19	-22.52	-8.98		-454	-2300	4822
561053	82.11	-22.63	-9.07		-441	-2320	4830
561309	81.06	-23.65	-5.49		-856	-2255	4964
561464	80.81	-23.44	-5.20		-886	-2289	4939
561719	78.10	-22.90	-2.37		-1253	-2445	4331
561874	-52.03	-13.26	46.30		32675	-23677	-16313
562237	82.64	-26.61	1.89		-1724	-1670	4672
562391	82.87	-26.64	1.76		-1714	-1659	4655
562647	93.16	-28.89	-5.88		-1626	-1445	4924
562802	93.29	-29.03	-6.02		-1608	-1453	4936
563058	93.77	-31.23	-4.53		-1903	-1212	5406
563315	90.05	-31.25	-1.06		-1932	-1423	5211
563471	90.02	-31.24	-1.01		-1926	-1439	5203
563727	89.06	-25.07	-1.35		-1891	-2038	4707
563984	90.99	-25.57	-3.66		-1428	-1955	4791
564140	91.06	-25.79	-3.68		-1462	-1871	4809
564396	91.83	-31.51	-2.97		-1685	-1191	5107
564653	101.16	-30.81	-10.40		-1269	-1050	5000
564810	28.99	nan	-50.31		-27879	-28258	12879
565067	144.79	-4.58	-24.61		-2846	-1200	4902
565325	175.83	38.00	-14.94		96	-2739	5638
565479	177.02	38.46	-14.18		-14824	-5262	-11949
565840	168.70	-19.42	-0.41		-7380	-4075	3958
565997	166.47	-21.18	-0.66		-7642	12459	-27499
566257	168.04	-56.10	-40.01		-6706	1492	8547
566515	173.35	-46.28	-35.73		-6481	-195	7898
566773	160.50	-35.57	-26.41		-5251	-899	6520
567030	151.57	-25.04	-24.59		-3401	-1264	5689
567289	148.18	-18.96	-25.10		-2358	-1261	5329
567548	148.09	-16.33	-23.79		-2208	-1729	5108
567908	146.99	-16.69	-21.61		-2415	-1541	4956
568167	145.78	-14.77	-22.91		-1837	-1946	4797
568325	-13.44	nan	36.44		-18952	-14721	4
568578	147.32	-8.89	-26.80		-1131	-1526	5253
568733	43.64	nan	31.79		-20377	-2909	-18724
568990	145.27	-5.27	-26.61		-843	-2084	4965
569246	150.88	-7.92	-23.82		-1065	-1861	5387
569605	141.67	2.53	-24.78		-565	-2361	4683
569759	141.52	3.26	-24.80		-461	-2441	4716
570015	-148.65	40.51	-6.87		-1044	-1133	5783
570172	23.65	1.08	-42.68		-10766	23579	-11775
570430	-110.19	30.47	9.03		-3219	-2368	5072
570687	-127.69	27.07	3.08		-2273	-2853	3591
570944	-120.51	29.68	14.62		-1174	-2865	4395
571302	-129.55	29.89	2.36		-2259	-2207	4351
571458	-129.60	29.99	2.24		-2230	-2186	4346
571715	-123.92	35.56	3.95		-1888	-1684	5377
571971	-140.05	23.46	-20.16		-4060	-750	4949
572128	-140.54	22.38	-21.17		27083	9953	-8827
572387	-156.68	-11.19	9.31		-15133	4669	6234
572645	86.92	-43.38	-53.80		-1427	-3911	12865
572903	70.06	27.59	63.74		-12851	-6636	5187
573160	51.76	18.86	4.56		-4331	-9213	4157
573314	52.04	17.04	2.87		-4006	-9057	4216
573669	12.52	-8.18	-36.93		-956	-11971	6528
573825	12.69	-7.88	-36.53		-815	-11611	6330
574081	-31.37	13.23	-12.85		-5276	-6969	4917
574339	-20.61	11.37	3.66		-3900	-5537	4523
574492	-20.38	11.22	4.23		-3857	-5475	4529
574748	-20.39	8.13	21.47		-2452	-3603	4964
574903	-20.04	8.20	21.75		-2416	-3591	4968
575158	11.98	32.77	46.10		-6194	-1337	7539
575312	11.85	33.43	46.71		-6273	-1238	7524
575568	-5.65	33.78	42.32		-4298	-1178	5777
575722	55.48	-30.70	22.17		-16847	1501	-24098
575981	-15.09	24.70	33.74		-3106	-1920	4696
576238	-15.95	18.85	28.40		-2654	-2567	4188
576494	-6.14	13.27	21.13		-2615	-3364	3815
576649	-5.48	13.19	20.73		-2632	-3408	3836
576905	12.84	23.79	-0.97		-4453	-6098	2088
577058	12.86	24.43	-1.47		-4443	-6063	2041
577314	14.93	47.20	-33.85		-5659	-10437	4613
577572	35.25	52.87	-59.89		-1302	-14277	6517
577729	35.53	52.82	-60.45		20246	-20036	22928
577988	67.40	36.46	-42.77		1217	-11530	3824
578244	87.96	14.14	-34.71		2274	-7927	2552
578500	90.64	-3.74	-32.65		2377	-4924	2148
578655	91.05	-4.06	-32.50		2352	-4873	2112
578910	61.61	-34.00	-10.89		1352	-1909	3126
579065	60.28	-35.16	-9.87		1341	-1745	3216
579321	-38.34	-63.57	106.40		1347	2824	12409
579578	-35.88	-37.47	132.79		-2092	1432	16671
579939	-6.84	-17.07	131.37		-3565	382	17590
580094	-5.88	-17.10	131.42		-3645	385	17610
580350	46.27	-38.45	98.05		-8887	257	13386
580707	86.43	-7.47	27.97		-7869	-2857	5011
580861	85.80	-6.40	27.23		-7612	-2929	4840
581117	80.23	-30.64	50.89		-9817	-1330	8041
581273	81.22	-31.34	50.56		-9784	-1361	8004
581529	113.16	-6.60	-10.72		-3926	-3790	4361
581787	124.78	-3.90	-19.49		-3255	-3329	4362
582044	111.95	-27.54	-2.74		-5797	-1775	4404
582201	111.61	-27.93	-2.48		-5821	-1768	4425
582459	107.97	-26.38	-14.43		-3409	-1561	5340
582718	107.33	-20.88	-18.98		-2694	-2021	4950
582977	113.35	-15.04	-26.56		-2140	-2300	5051
583235	117.32	-9.45	-37.89		-1101	-2342	6102
583493	112.83	-25.11	-11.58		-4700	-1282	4610
583752	108.06	-0.32	15.64		-10578	2330	2196
583908	108.16	4.25	14.75		-11490	3142	2764
584163	-25.65	8.31	51.03		-2755	-2667	11029
584318	72.00	nan	8.87		3320	10579	3402
584569	-60.39	31.85	-30.67		-7882	-7067	3478
584826	-38.66	-1.18	9.90		-1136	-5215	4442
585082	-74.82	-40.44	7.57		-892	-11590	6695
585440	-74.93	-33.94	-9.17		-2172	-10187	5555
585699	-87.47	-9.64	-9.06		-3081	-7562	4384
585853	-88.08	-8.72	-9.05		-3088	-7411	4360
586110	-86.64	13.78	-3.41		-2513	-4450	4300
586265	84.78	nan	-74.27		24373	-18135	-28306
586523	12.79	14.35	32.13		-4707	-1397	5840
586778	36.65	9.07	42.91		-6132	-1487	6435
586932	37.31	8.87	43.14		-6148	-1527	6458
587186	54.36	2.06	34.74		-6621	-2759	4965
587339	55.70	1.88	34.14		-6639	-2779	5003
587594	115.78	25.31	-28.90		407	-5823	6093
587849	126.20	23.44	-28.75		-352	-5238	4897
588106	121.19	-1.06	-11.60		-3656	-4492	2526
588262	58.71	nan	56.51		16279	-10873	4763
588517	130.62	-6.03	-23.55		-2958	-2540	4272
588774	139.91	15.41	-35.55		-339	-3014	5249
588930	139.46	15.40	-35.19		-296	-3129	5197
589187	138.96	-10.90	-24.45		-4156	-1795	4190
589446	144.68	10.11	-31.83		-1802	-2833	4549
589703	143.95	18.92	-28.80		-880	-3153	4759
589858	143.94	17.87	-28.18		-1027	-3094	4783
590116	117.31	-45.19	5.72		-7460	-257	6432
590371	117.88	-34.72	7.25		-6167	-1859	5669
590527	117.75	-34.35	7.00		-6117	-1835	5623
590784	108.40	-7.87	-21.78		-1580	-3361	4920
591042	121.03	21.62	-71.62		2452	-1197	9315
591198	120.61	22.54	-72.72		9032	30554	-8674
591455	118.59	-6.20	-44.64		209	-1791	6162
591711	111.54	-25.85	-23.41		-2762	-954	4777
592069	138.68	15.00	-48.26		59	-1368	6459
592223	139.10	16.34	-48.82		75	-1295	6477
592578	129.17	-14.00	-19.52		-3692	-2315	4182
592736	-24.95	nan	58.62		-15515	22922	13663
592992	128.43	-17.63	-20.65		-3533	-1913	4759
593251	146.15	8.61	-43.29		-1030	-1580	5897
593507	150.13	9.47	-37.96		-1574	-1778	5291
593662	150.02	9.35	-37.61		-1587	-1845	5243
593920	148.38	8.35	-32.48		-1946	-2478	4617
594176	149.24	9.41	-31.71		-1862	-2560	4554
594331	149.24	9.41	-31.70		-1861	-2575	4549
594588	148.21	6.41	-29.16		-2050	-2528	4536
594844	147.81	1.52	-25.12		-3164	-2866	4372
595000	147.91	1.38	-25.24		-3173	-2820	4368
595257	152.77	6.45	-32.72		-2216	-2174	5041
595513	151.39	0.28	-29.95		-2955	-2015	5150
595668	151.21	-0.25	-29.58		-3041	-2032	5133
595927	147.32	-14.18	-8.78		-8128	-2381	1472
596185	10.01	15.63	-176.07		-5155	-4855	16283
596443	5.51	-25.68	-172.83		-6281	-7756	20579
596702	-44.92	-44.17	-103.34		-7582	-10384	14410
596964	-80.98	-29.11	-53.47		-8347	-9536	7932
597223	-85.49	-11.77	-19.99		-5329	-8120	5005
597481	-68.48	6.87	10.00		-2997	-4827	4346
597636	-67.60	7.36	11.27		-2883	-4718	4411
597892	-38.71	14.72	54.39		387	-1564	7514
598044	-39.13	14.70	54.29		366	-1623	7577
598299	-11.50	16.90	36.31		-2820	-2061	6276
598455	-11.54	17.46	35.81		-2882	-2041	6268
598712	-20.45	26.22	24.62		-4652	-3513	4652
598968	-15.79	9.63	40.04		-1563	-1971	5937
599122	-15.69	8.97	40.38		-1490	-1933	5975
599377	-11.49	-2.03	42.63		-864	-1703	6218
599532	-11.45	-2.27	42.34		-801	-1710	6204
599787	16.50	21.47	27.64		-5380	-4044	4848
599942	17.08	22.27	27.56		-5513	-4074	4828
600198	18.25	27.72	19.51		-5864	-4577	3790
600352	17.80	27.38	19.35		-5769	-4573	3758
600607	9.10	13.16	21.25		-3334	-3420	3276
600761	9.10	12.88	21.43		-3300	-3379	3280
601015	4.68	5.61	29.73		-2142	-2025	3704
601167	4.62	5.47	29.85		-2118	-2017	3702
601420	-13.40	21.54	40.51		-2130	-766	4710
601676	-77.48	48.92	30.00		-352	-437	5206
601829	-81.13	49.58	28.97		-206	-508	5175
602084	-169.62	57.75	-1.11		1968	-4223	3848
602240	-171.43	57.53	-0.23		1954	-4619	3865
602497	171.02	51.34	52.23		-2228	-13473	6746
602754	-152.69	10.43	104.09		-1027	-15551	14502
603015	-124.01	-48.38	110.06		3031	-9712	14475
603275	-33.29	-72.19	18.72		3730	-7462	10078
603533	-13.67	-48.94	9.65		3787	-5403	7355
603687	-13.17	-48.28	10.15		23064	2387	-19526
603947	44.01	-41.09	-19.14		1808	-2989	6264
604203	95.76	-9.58	-66.25		2472	-3262	7116
604357	-41.03	nan	59.05		-16915	-15356	21434
604614	62.20	-33.75	-0.33		-3188	-947	5222
604870	35.69	-32.62	29.43		-3083	462	5332
605024	36.15	-32.57	28.67		-3064	376	5339
605278	86.38	-14.63	-47.43		1930	-2514	6029
605433	86.59	-14.54	-47.29		1959	-2604	5969
605690	44.37	-37.16	12.60		-2226	49	5215
605842	43.52	-37.22	13.86		-2256	119	5235
606097	76.89	-30.99	-8.88		-2624	-944	5681
606252	79.10	-30.44	-11.15		-2443	-1092	5681
606509	93.62	-21.89	-28.24		-974	-1779	5023
606766	89.14	-22.31	-19.14		-2096	-2392	3997
606922	89.37	-22.24	-19.07		10185	27677	-27773
607182	92.64	-20.47	-14.50		-2786	-2242	4527
607439	83.01	-22.28	0.07		-4257	-1610	4395
607695	67.31	-14.38	19.52		-7347	320	2509
607849	67.63	-13.33	19.02		-7809	739	2210
608103	60.48	6.52	-169.60		-1959	-5707	19842
608260	61.06	6.52	-169.02		-1793	-5578	19981
608518	71.78	-28.31	-166.66		-489	-8242	18942
608777	91.58	-65.90	174.28		-2344	-12481	15786
609037	-121.13	-72.71	30.70		-2477	-13996	10249
609298	-102.76	-35.25	31.13		187	-11415	6800
609555	-83.74	-2.86	47.28		960	-5969	7124
609709	87.53	nan	52.05		-17793	26089	5274
609963	-67.44	0.46	72.70		3371	-4340	9837
610116	-66.06	-0.18	71.67		3279	-4253	9731
610371	-28.52	1.83	39.84		-1767	-3031	5750
610526	-28.31	2.21	39.53		-1820	-3014	5723
610781	-37.29	10.69	31.97		-1325	-3298	5361
610936	23.77	nan	26.84		-5773	2650	13299
611189	-52.89	16.45	26.40		-1279	-4016	5498
611345	-53.80	16.80	26.24		-16319	12707	-1804
611604	-96.70	36.03	1.84		-3152	-2498	5809
611859	-95.35	32.06	1.43		-3430	-3183	4807
612014	-94.51	31.41	2.21		-3331	-3364	4805
612270	-62.60	20.63	34.56		-1139	-2745	6256
612526	-41.61	-0.52	50.19		625	-2508	7421
612679	-41.24	-1.59	50.73		685	-2537	7479
612933	-82.32	-35.88	116.33		2681	-4446	12683
613192	-91.30	-26.62	135.47		902	-5027	14806
613450	-51.41	3.61	147.05		-904	-1512	15743
613706	-37.36	-24.27	102.18		668	3198	12737
614064	-6.44	8.77	-29.55		-5781	-11644	6531
